0 0.4563086521415338
1 0.4563086521415338
2 0.4563086521415338
3 0.5437178719468071
4 0.5437178719468071
5 0.5437178719468071
6 0.8830188053856975
7 0.8830188053856975
8 0.8830188053856975
9 0.6546668581836956
10 0.6546668581836956
11 0.6546668581836956
12 0.8697293085605441
13 0.8697293085605441
14 0.8697293085605441
15 0.6824941139567181
16 0.6824941139567181
17 0.6824941139567181
18 0.5577364122339571
19 0.5577364122339571
20 0.5577364122339571
21 0.5984889037474562
22 0.5984889037474562
23 0.5984889037474562
24 0.4959580429986521
25 0.4959580429986521
26 0.4959580429986521
27 0.7507708789524312
28 0.7507708789524312
29 0.7507708789524312
30 0.4833147117968484
31 0.4833147117968484
32 0.4833147117968484
33 0.6848938291345655
34 0.6848938291345655
35 0.6848938291345655
36 0.7173890651542937
37 0.7173890651542937
38 0.7173890651542937
39 0.7725184646944494
40 0.7725184646944494
41 0.7725184646944494
42 0.7815013221165821
43 0.7815013221165821
44 0.7815013221165821
45 0.7017896387333773
46 0.7017896387333773
47 0.7017896387333773
48 0.821901607352303
49 0.821901607352303
50 0.821901607352303
51 0.8778851211257176
52 0.8778851211257176
53 0.8778851211257176
54 0.6075495552161279
55 0.6075495552161279
56 0.6075495552161279
57 0.7905387984420535
58 0.7905387984420535
59 0.7905387984420535
60 0.5369835019030776
61 0.5369835019030776
62 0.5369835019030776
63 0.5026364322085357
64 0.5026364322085357
65 0.5026364322085357
66 0.6210840482235224
67 0.6210840482235224
68 0.6210840482235224
69 0.6248241220971043
70 0.6248241220971043
71 0.6248241220971043
72 0.6913272964892345
73 0.6913272964892345
74 0.6913272964892345
75 0.6866901116317365
76 0.6866901116317365
77 0.6866901116317365
78 0.791746315316753
79 0.791746315316753
80 0.791746315316753
81 0.683266097741354
82 0.683266097741354
83 0.683266097741354
84 0.6009270537048202
85 0.6009270537048202
86 0.6009270537048202
87 0.7458868868359928
88 0.7458868868359928
89 0.7458868868359928
90 0.5497453480215422
91 0.5497453480215422
92 0.5497453480215422
93 0.6285116849941909
94 0.6285116849941909
95 0.6285116849941909
96 0.46665010829725817
97 0.46665010829725817
98 0.46665010829725817
99 0.6785958455078395
100 0.6785958455078395
101 0.6785958455078395
102 0.6512079763145906
103 0.6512079763145906
104 0.6512079763145906
105 0.47425434530129695
106 0.47425434530129695
107 0.47425434530129695
108 0.7902565307483483
109 0.7902565307483483
110 0.7902565307483483
111 0.6504457565487682
112 0.6504457565487682
113 0.6504457565487682
114 0.5854353847524765
115 0.5854353847524765
116 0.5854353847524765
117 0.7480097286417154
118 0.7480097286417154
119 0.7480097286417154
120 0.6353548914123055
121 0.6353548914123055
122 0.6353548914123055
123 0.7533119957907668
124 0.7533119957907668
125 0.7533119957907668
126 0.760552850007778
127 0.760552850007778
128 0.760552850007778
129 0.6840990495578291
130 0.6840990495578291
131 0.6840990495578291
132 0.6069983280021194
133 0.6069983280021194
134 0.6069983280021194
135 0.718147460057075
136 0.718147460057075
137 0.718147460057075
138 0.652719758481783
139 0.652719758481783
140 0.652719758481783
141 0.767860823368905
142 0.767860823368905
143 0.767860823368905
144 0.5785550340368578
145 0.5785550340368578
146 0.5785550340368578
147 0.685212019459818
148 0.685212019459818
149 0.685212019459818
150 0.8809235348020299
151 0.8809235348020299
152 0.8809235348020299
153 1.021668531342864
154 1.021668531342864
155 1.021668531342864
156 0.8479406476026103
157 0.8479406476026103
158 0.8479406476026103
159 0.8949722235693
160 0.8949722235693
161 0.8949722235693
162 1.3487092331953972
163 1.3487092331953972
164 1.3487092331953972
165 1.2405453702084879
166 1.2405453702084879
167 1.2405453702084879
168 1.0750541113882726
169 1.0750541113882726
170 1.0750541113882726
171 1.0723636060943649
172 1.0723636060943649
173 1.0723636060943649
174 1.0896637201129344
175 1.0896637201129344
176 1.0896637201129344
177 1.254873662687993
178 1.254873662687993
179 1.254873662687993
180 0.8266367748819685
181 0.8266367748819685
182 0.8266367748819685
183 1.0610365697729092
184 1.0610365697729092
185 1.0610365697729092
186 0.8898140986734275
187 0.8898140986734275
188 0.8898140986734275
189 1.1960320380584393
190 1.1960320380584393
191 1.1960320380584393
192 0.732880912894336
193 0.732880912894336
194 0.732880912894336
195 1.6129347060142305
196 1.6129347060142305
197 1.6129347060142305
198 1.2465694657619608
199 1.2465694657619608
200 1.2465694657619608
201 1.4038605281538685
202 1.4038605281538685
203 1.4038605281538685
204 1.0100274075468638
205 1.0100274075468638
206 1.0100274075468638
207 1.16845731629232
208 1.16845731629232
209 1.16845731629232
210 0.9585839729750248
211 0.9585839729750248
212 0.9585839729750248
213 1.2199048332270468
214 1.2199048332270468
215 1.2199048332270468
216 1.0233490675548118
217 1.0233490675548118
218 1.0233490675548118
219 1.3776791150590433
220 1.3776791150590433
221 1.3776791150590433
222 1.0527324427810203
223 1.0527324427810203
224 1.0527324427810203
225 2.2066724734957055
226 2.2066724734957055
227 2.2066724734957055
228 2.7763573430018247
229 2.7763573430018247
230 2.7763573430018247
231 2.1072239769762424
232 2.1072239769762424
233 2.1072239769762424
234 2.7414600168867733
235 2.7414600168867733
236 2.7414600168867733
237 1.8189466473287759
238 1.8189466473287759
239 1.8189466473287759
240 2.378318860615386
241 2.378318860615386
242 2.378318860615386
243 2.2880573262755197
244 2.2880573262755197
245 2.2880573262755197
246 3.162670066440625
247 3.162670066440625
248 3.162670066440625
249 3.053644761631391
250 3.053644761631391
251 3.053644761631391
252 1.9129489318208361
253 1.9129489318208361
254 1.9129489318208361
255 2.318181227910623
256 0.7221207347835736
257 0.7221207347835736
258 0.7221207347835736
259 0.5443657072351236
260 0.5443657072351236
261 0.5443657072351236
262 0.7984561845190807
263 0.7984561845190807
264 0.7984561845190807
265 0.7943487354260674
266 0.7943487354260674
267 0.7943487354260674
268 0.6360834644950242
269 0.6360834644950242
270 0.6360834644950242
271 0.7804028101629874
272 0.7804028101629874
273 0.7804028101629874
274 0.6664366730016485
275 0.6664366730016485
276 0.6664366730016485
277 0.7608062709504995
278 0.7608062709504995
279 0.7608062709504995
280 0.5037410962308758
281 0.5037410962308758
282 0.5037410962308758
283 0.7093617571979971
284 0.7093617571979971
285 0.7093617571979971
286 0.6529849751755572
287 0.6529849751755572
288 0.6529849751755572
289 0.7945234058065315
290 0.7945234058065315
291 0.7945234058065315
292 0.7025564898397865
293 0.7025564898397865
294 0.7025564898397865
295 0.7195396632655796
296 0.7195396632655796
297 0.7195396632655796
298 0.7747258439058401
299 0.7747258439058401
300 0.7747258439058401
301 0.7956489585845424
302 0.7956489585845424
303 0.7956489585845424
304 0.4741523850583168
305 0.4741523850583168
306 0.4741523850583168
307 0.48400254878348303
308 0.48400254878348303
309 0.48400254878348303
310 0.4705911434828093
311 0.4705911434828093
312 0.4705911434828093
313 0.530439792553938
314 0.530439792553938
315 0.530439792553938
316 0.46510380973376314
317 0.46510380973376314
318 0.46510380973376314
319 0.6424009277343993
320 0.6424009277343993
321 0.6424009277343993
322 0.6700739577858789
323 0.6700739577858789
324 0.6700739577858789
325 0.7574032504997317
326 0.7574032504997317
327 0.7574032504997317
328 0.9133840014346748
329 0.9133840014346748
330 0.9133840014346748
331 0.6744433960852746
332 0.6744433960852746
333 0.6744433960852746
334 0.7829253489105639
335 0.7829253489105639
336 0.7829253489105639
337 0.7992518291808249
338 0.7992518291808249
339 0.7992518291808249
340 0.758020928253489
341 0.758020928253489
342 0.758020928253489
343 0.5152748528128873
344 0.5152748528128873
345 0.5152748528128873
346 0.5388951511752206
347 0.5388951511752206
348 0.5388951511752206
349 0.6862885857796713
350 0.6862885857796713
351 0.6862885857796713
352 0.6277906975389298
353 0.6277906975389298
354 0.6277906975389298
355 0.522242353399494
356 0.522242353399494
357 0.522242353399494
358 0.847166055089996
359 0.847166055089996
360 0.847166055089996
361 0.457604515533226
362 0.457604515533226
363 0.457604515533226
364 0.5665360766895463
365 0.5665360766895463
366 0.5665360766895463
367 0.6573859064179327
368 0.6573859064179327
369 0.6573859064179327
370 0.7711040753533454
371 0.7711040753533454
372 0.7711040753533454
373 0.5553271750547041
374 0.5553271750547041
375 0.5553271750547041
376 0.8749189963839037
377 0.8749189963839037
378 0.8749189963839037
379 0.7819000331846124
380 0.7819000331846124
381 0.7819000331846124
382 0.7215855867862907
383 0.7215855867862907
384 0.7215855867862907
385 0.8010715555004974
386 0.8010715555004974
387 0.8010715555004974
388 0.4971379700129087
389 0.4971379700129087
390 0.4971379700129087
391 0.4632831893053146
392 0.4632831893053146
393 0.4632831893053146
394 0.5842314251350857
395 0.5842314251350857
396 0.5842314251350857
397 0.8797557037563015
398 0.8797557037563015
399 0.8797557037563015
400 0.5852802575464369
401 0.5852802575464369
402 0.5852802575464369
403 0.8164922886184451
404 0.8164922886184451
405 0.8164922886184451
406 0.6072096622642646
407 0.6072096622642646
408 0.6072096622642646
409 0.807343641183793
410 0.807343641183793
411 0.807343641183793
412 0.8101670637737086
413 0.8101670637737086
414 0.8101670637737086
415 0.7223909839020313
416 0.7223909839020313
417 0.7223909839020313
418 0.5749613969601983
419 0.5749613969601983
420 0.5749613969601983
421 0.7547815786875991
422 0.7547815786875991
423 0.7547815786875991
424 0.658705186605423
425 0.658705186605423
426 0.658705186605423
427 0.8525153279847639
428 0.8525153279847639
429 0.8525153279847639
430 0.6824224522544183
431 0.6824224522544183
432 0.6824224522544183
433 0.7100369075850138
434 0.7100369075850138
435 0.7100369075850138
436 0.6072022097124651
437 0.6072022097124651
438 0.6072022097124651
439 0.8417753728766508
440 0.8417753728766508
441 0.8417753728766508
442 0.5645107704913874
443 0.5645107704913874
444 0.5645107704913874
445 0.6297342057484457
446 0.6297342057484457
447 0.6297342057484457
448 0.4973695099542507
449 0.4973695099542507
450 0.4973695099542507
451 0.6357059240878759
452 0.6357059240878759
453 0.6357059240878759
454 0.7373367330102926
455 0.7373367330102926
456 0.7373367330102926
457 0.538737921833131
458 0.538737921833131
459 0.538737921833131
460 0.7998860321994369
461 0.7998860321994369
462 0.7998860321994369
463 0.5430314140814936
464 0.5430314140814936
465 0.5430314140814936
466 0.5286894477087158
467 0.5286894477087158
468 0.5286894477087158
469 0.6152402240666287
470 0.6152402240666287
471 0.6152402240666287
472 0.6078995389945452
473 0.6078995389945452
474 0.6078995389945452
475 0.5867890881019497
476 0.5867890881019497
477 0.5867890881019497
478 0.608683831613075
479 0.608683831613075
480 0.608683831613075
481 0.6831545515024505
482 0.6831545515024505
483 0.1923364223999321
484 0.1923364223999321
485 0.1923364223999321
486 0.15446496376732805
487 0.15446496376732805
488 0.15446496376732805
489 0.18191837407584016
490 0.18191837407584016
491 0.18191837407584016
492 0.18542500436315626
493 0.18542500436315626
494 0.18542500436315626
495 0.19681688947592882
496 0.19681688947592882
497 0.19681688947592882
498 0.19933607122134045
499 0.19933607122134045
500 0.19933607122134045
501 0.19949604798921317
502 0.19949604798921317
503 0.19949604798921317
504 0.15097446685373242
505 0.15097446685373242
506 0.15097446685373242
507 0.17005784307452798
508 0.17005784307452798
509 0.17005784307452798
510 0.1
511 0.1
512 0.1
513 0.1828535838618915
514 0.1828535838618915
515 0.1828535838618915
516 0.20252147492255868
517 0.20252147492255868
518 0.20252147492255868
519 0.24319724175921786
520 0.24319724175921786
521 0.24319724175921786
522 0.18685365402587
523 0.18685365402587
524 0.18685365402587
525 0.14290446604346024
526 0.14290446604346024
527 0.14290446604346024
528 0.20928960367335248
529 0.20928960367335248
530 0.20928960367335248
531 0.25674037350236034
532 0.25674037350236034
533 0.25674037350236034
534 0.224274926264222
535 0.224274926264222
536 0.224274926264222
537 0.19622206509104845
538 0.19622206509104845
539 0.19622206509104845
540 0.2273468989307643
541 0.2273468989307643
542 0.2273468989307643
543 0.23558252987704012
544 0.23558252987704012
545 0.23558252987704012
546 0.2573862634650625
547 0.2573862634650625
548 0.2573862634650625
549 0.21177704880498407
550 0.21177704880498407
551 0.21177704880498407
552 0.2393763201270162
553 0.2393763201270162
554 0.2393763201270162
555 0.22623151419513607
556 0.22623151419513607
557 0.22623151419513607
558 0.16290660128415685
559 0.16290660128415685
560 0.16290660128415685
561 0.22174920013322347
562 0.22174920013322347
563 0.22174920013322347
564 0.19931257948649428
565 0.19931257948649428
566 0.19931257948649428
567 0.13345765820456418
568 0.13345765820456418
569 0.13345765820456418
570 0.15378689230329595
571 0.15378689230329595
572 0.15378689230329595
573 0.2106414325243511
574 0.2106414325243511
575 0.2106414325243511
576 0.14233453494133225
577 0.14233453494133225
578 0.14233453494133225
579 0.1885411434217125
580 0.1885411434217125
581 0.1885411434217125
582 0.1302626199888332
583 0.1302626199888332
584 0.1302626199888332
585 0.21660174967768078
586 0.21660174967768078
587 0.21660174967768078
588 0.23612076854253555
589 0.23612076854253555
590 0.23612076854253555
591 0.13926760611260608
592 0.13926760611260608
593 0.13926760611260608
594 0.2311856480384371
595 0.2311856480384371
596 0.2311856480384371
597 0.18432783875059827
598 0.18432783875059827
599 0.18432783875059827
600 0.2506049962311472
601 0.2506049962311472
602 0.2506049962311472
603 0.23793895578219942
604 0.23793895578219942
605 0.23793895578219942
606 0.2049842285815965
607 0.2049842285815965
608 0.2049842285815965
609 0.19432804365044254
610 0.19432804365044254
611 0.19432804365044254
612 0.1384217425455327
613 0.1384217425455327
614 0.1384217425455327
615 0.23965877128326005
616 0.23965877128326005
617 0.23965877128326005
618 0.2023149689680689
619 0.2023149689680689
620 0.2023149689680689
621 0.13029783692550068
622 0.13029783692550068
623 0.13029783692550068
624 0.18517403932580867
625 0.18517403932580867
626 0.18517403932580867
627 0.1599606853159446
628 0.1599606853159446
629 2.485488329697996
630 2.485488329697996
631 2.485488329697996
632 3.4827637203307225
633 3.4827637203307225
634 3.4827637203307225
635 2.8815949665383895
636 2.8815949665383895
637 2.8815949665383895
638 3.8954292100648837
639 3.8954292100648837
640 3.8954292100648837
641 2.2608677788498914
642 2.2608677788498914
643 2.2608677788498914
644 4.343133623788024
645 4.343133623788024
646 4.343133623788024
647 3.5551604512987374
648 3.5551604512987374
649 3.5551604512987374
650 3.473365793291541
651 3.473365793291541
652 3.473365793291541
653 3.3568754328306434
654 3.3568754328306434
655 3.3568754328306434
656 3.2887422301192433
657 3.2887422301192433
658 3.2887422301192433
659 3.2603140687084053
660 3.2603140687084053
661 3.2603140687084053
662 4.049773313464591
663 4.049773313464591
664 4.049773313464591
665 3.215482895752119
666 3.215482895752119
667 3.215482895752119
668 2.8443391826463955
669 2.8443391826463955
670 2.8443391826463955
671 2.7481721561516173
672 2.7481721561516173
673 2.7481721561516173
674 3.4313813781408102
675 3.4313813781408102
676 3.4313813781408102
677 2.4476333765707134
678 2.4476333765707134
679 2.4476333765707134
680 2.8012532638541052
681 2.8012532638541052
682 2.8012532638541052
683 3.8465343821254603
684 3.8465343821254603
685 3.8465343821254603
686 3.147826322933856
687 3.147826322933856
688 3.147826322933856
689 4.530025194379567
690 4.530025194379567
691 4.530025194379567
692 3.740693369927577
693 3.740693369927577
694 3.740693369927577
695 4.007538772276162
696 4.007538772276162
697 4.007538772276162
698 2.951961700677797
699 2.951961700677797
700 2.951961700677797
701 3.5947281612687534
702 3.5947281612687534
703 3.5947281612687534
704 3.430754911636053
705 3.430754911636053
706 3.430754911636053
707 2.5502473339619636
708 2.5502473339619636
709 2.5502473339619636
710 4.454414164307825
711 4.454414164307825
712 4.454414164307825
713 3.6907231964499094
714 3.6907231964499094
715 3.6907231964499094
716 3.6812508885978037
717 3.6812508885978037
718 3.6812508885978037
719 2.9032715597647107
720 2.9032715597647107
721 2.9032715597647107
722 2.952278022792287
723 2.952278022792287
724 2.952278022792287
725 3.960773326581164
726 3.960773326581164
727 3.960773326581164
728 3.899885565082131
729 3.899885565082131
730 3.899885565082131
731 3.5717077413744294
732 3.5717077413744294
733 3.5717077413744294
734 3.525981714023165
735 3.525981714023165
736 3.525981714023165
737 3.6155279948501606
738 3.6155279948501606
739 3.6155279948501606
740 4.082260741165682
741 4.082260741165682
742 4.082260741165682
743 4.03315440569572
744 4.03315440569572
745 4.03315440569572
746 3.137127019516573
747 3.137127019516573
748 3.137127019516573
749 4.467092452327116
750 4.467092452327116
751 4.467092452327116
752 2.775655377245368
753 2.775655377245368
754 2.775655377245368
755 3.9100523203925217
756 3.9100523203925217
757 3.9100523203925217
758 4.317891162769636
759 4.317891162769636
760 4.317891162769636
761 2.3134714624700887
762 2.3134714624700887
763 2.3134714624700887
764 2.604977411266134
765 2.604977411266134
766 2.604977411266134
767 3.7374437315112745
768 3.7374437315112745
769 3.7374437315112745
770 2.7226033322186285
771 2.7226033322186285
772 2.7226033322186285
773 3.5508855042565632
774 3.5508855042565632
775 3.5508855042565632
776 3.3362543660207544
777 3.3362543660207544
778 3.3362543660207544
779 2.809136290857153
780 2.809136290857153
781 2.809136290857153
782 3.505831217607357
783 3.505831217607357
784 3.505831217607357
785 3.0948406675276914
786 3.0948406675276914
787 3.0948406675276914
788 3.739363427587844
789 3.739363427587844
790 3.739363427587844
791 3.032761428162377
792 3.032761428162377
793 3.032761428162377
794 1.5264974484237386
795 1.5264974484237386
796 1.5264974484237386
797 3.1874967767932376
798 3.1874967767932376
799 3.1874967767932376
800 3.569203346355798
801 3.569203346355798
802 3.569203346355798
803 3.2394202058363284
804 3.2394202058363284
805 3.2394202058363284
806 4.0994766882948
807 4.0994766882948
808 4.0994766882948
809 3.2080068922784006
810 3.2080068922784006
811 3.2080068922784006
812 3.1138044921293524
813 3.1138044921293524
814 3.1138044921293524
815 3.548740340750299
816 3.548740340750299
817 3.548740340750299
818 2.6905910014318937
819 2.6905910014318937
820 2.6905910014318937
821 2.8177598696790866
822 2.8177598696790866
823 2.8177598696790866
824 4.10342343869992
825 4.10342343869992
826 4.10342343869992
827 2.462581078879236
828 2.462581078879236
829 2.462581078879236
830 3.9352032251110503
831 3.9352032251110503
832 3.9352032251110503
833 3.0715766509039057
834 3.0715766509039057
835 3.0715766509039057
836 4.341825242395058
837 4.341825242395058
838 4.341825242395058
839 3.69278759994323
840 3.69278759994323
841 3.69278759994323
842 1.8753541849770285
843 1.8753541849770285
844 1.8753541849770285
845 4.051009132085294
846 4.051009132085294
847 4.051009132085294
848 2.9749422041740656
849 2.9749422041740656
850 2.9749422041740656
851 2.713106554759969
852 2.713106554759969
853 2.713106554759969
854 3.2539421843056897
855 3.2539421843056897
856 3.2539421843056897
857 3.811695107713275
858 3.811695107713275
859 3.811695107713275
860 3.3920003515106716
861 3.3920003515106716
862 3.3920003515106716
863 4.844608333968114
864 4.844608333968114
865 4.844608333968114
866 2.8889647749020293
867 2.8889647749020293
868 2.8889647749020293
869 4.224975564847529
870 4.224975564847529
871 4.224975564847529
872 3.8351035492496663
873 3.8351035492496663
874 3.8351035492496663
875 2.2375527488630995
876 2.2375527488630995
877 2.2375527488630995
878 3.6166140559515685
879 3.6166140559515685
880 3.6166140559515685
881 4.162225951189772
882 4.162225951189772
883 4.162225951189772
884 4.175760685086113
885 4.175760685086113
886 4.175760685086113
887 2.9960969425365396
888 2.9960969425365396
889 2.9960969425365396
890 3.627088319731834
891 3.627088319731834
892 3.627088319731834
893 3.342972587987409
894 3.342972587987409
895 3.342972587987409
896 2.6628635391144067
897 2.6628635391144067
898 2.6628635391144067
899 4.486341342227025
900 4.486341342227025
901 4.486341342227025
902 3.09011992635168
903 3.09011992635168
904 3.09011992635168
905 3.7289754412854883
906 3.7289754412854883
907 3.7289754412854883
908 2.904206828138094
909 2.904206828138094
910 2.904206828138094
911 3.998307088541217
912 3.998307088541217
913 3.998307088541217
914 3.1179491895531504
915 3.1179491895531504
916 3.1179491895531504
917 3.3784766538802096
918 3.3784766538802096
919 3.3784766538802096
920 4.1467905666315605
921 4.1467905666315605
922 4.1467905666315605
923 2.622482949122337
924 2.622482949122337
925 2.622482949122337
926 3.0930998243792756
927 3.0930998243792756
928 3.0930998243792756
929 2.432769379311885
930 2.432769379311885
931 2.432769379311885
932 2.493521948444768
933 2.493521948444768
934 2.493521948444768
935 3.722171192139232
936 3.722171192139232
937 3.722171192139232
938 3.336074283380161
939 3.336074283380161
940 3.336074283380161
941 2.8937546702669965
942 2.8937546702669965
943 2.8937546702669965
944 3.625210659590604
945 3.625210659590604
946 3.625210659590604
947 3.1979457649660974
948 3.1979457649660974
949 3.1979457649660974
950 2.55088792568384
951 2.55088792568384
952 2.55088792568384
953 3.5005979711301527
954 3.5005979711301527
955 3.5005979711301527
956 3.477809875916742
957 3.477809875916742
958 3.477809875916742
959 2.614589135036124
960 2.614589135036124
961 2.614589135036124
962 3.6346328536508055
963 3.6346328536508055
964 3.6346328536508055
965 3.798243376235472
966 3.798243376235472
967 3.798243376235472
968 4.232394657218506
969 4.232394657218506
970 4.232394657218506
971 3.263281519537998
972 3.263281519537998
973 3.263281519537998
974 3.1890417782654437
975 3.1890417782654437
976 3.1890417782654437
977 4.184730959319627
978 4.184730959319627
979 4.184730959319627
980 2.9739831576568894
981 2.9739831576568894
982 2.9739831576568894
983 3.265844619445809
984 3.265844619445809
985 3.265844619445809
986 3.5579454737836373
987 3.5579454737836373
988 3.5579454737836373
989 3.5681266071301114
990 3.5681266071301114
991 3.5681266071301114
992 3.364310650036243
993 3.364310650036243
994 3.364310650036243
995 3.7322337314939062
996 3.7322337314939062
997 3.7322337314939062
998 3.6352920098314674
999 3.6352920098314674
1000 3.6352920098314674
1001 4.073323193283434
1002 4.073323193283434
1003 4.073323193283434
1004 2.6735458581140916
1005 2.6735458581140916
1006 2.6735458581140916
1007 3.7881429682722754
1008 3.7881429682722754
1009 3.7881429682722754
1010 3.3280653754685594
1011 3.3280653754685594
1012 3.3280653754685594
1013 2.559349358067272
1014 2.559349358067272
1015 2.559349358067272
1016 3.4570307828239186
1017 3.4570307828239186
1018 3.4570307828239186
1019 3.5807087087586864
1020 3.5807087087586864
1021 3.5807087087586864
1022 3.3919519145947654
1023 3.3919519145947654
1024 3.3919519145947654
1025 3.5540922462110913
1026 3.5540922462110913
1027 3.5540922462110913
1028 3.2142200427196608
1029 3.2142200427196608
1030 3.2142200427196608
1031 3.394889530822762
1032 3.394889530822762
1033 3.394889530822762
1034 3.0206673050565573
1035 3.0206673050565573
1036 3.0206673050565573
1037 4.4811485486322065
1038 4.4811485486322065
1039 4.4811485486322065
1040 3.950889564677742
1041 3.950889564677742
1042 3.950889564677742
1043 3.5650140044561245
1044 3.5650140044561245
1045 3.5650140044561245
1046 2.954739077986651
1047 2.954739077986651
1048 2.954739077986651
1049 2.9171446532555803
1050 2.9171446532555803
1051 2.9171446532555803
1052 3.6092352674617683
1053 3.6092352674617683
1054 3.6092352674617683
1055 3.771454360997083
1056 3.771454360997083
1057 3.771454360997083
1058 2.7817289282812934
1059 2.7817289282812934
1060 2.7817289282812934
1061 3.447589780318855
1062 3.447589780318855
1063 3.447589780318855
1064 2.9547647463543805
1065 2.9547647463543805
1066 2.9547647463543805
1067 2.0871819725029903
1068 2.0871819725029903
1069 2.0871819725029903
1070 3.411789426892222
1071 3.411789426892222
1072 3.411789426892222
1073 3.3416134841782053
1074 3.3416134841782053
1075 3.3416134841782053
1076 2.4223840084681516
1077 2.4223840084681516
1078 2.4223840084681516
1079 2.7532411809747033
1080 2.7532411809747033
1081 2.7532411809747033
1082 3.1522375185880667
1083 3.1522375185880667
1084 3.1522375185880667
1085 3.2402267263957545
1086 3.2402267263957545
1087 3.2402267263957545
1088 3.252490684867313
1089 3.252490684867313
1090 3.252490684867313
1091 4.581300303011229
1092 4.581300303011229
1093 4.581300303011229
1094 2.898953303900859
1095 2.898953303900859
1096 2.898953303900859
1097 2.6710451959755472
1098 2.6710451959755472
1099 2.6710451959755472
1100 3.787541549142188
1101 3.787541549142188
1102 3.787541549142188
1103 2.578235156017133
1104 2.578235156017133
1105 2.578235156017133
1106 3.372172074564127
1107 3.372172074564127
1108 3.372172074564127
1109 3.85774588315046
1110 3.85774588315046
1111 3.85774588315046
1112 2.953308527786046
1113 2.953308527786046
1114 2.953308527786046
1115 2.7998641649968086
1116 2.7998641649968086
1117 2.7998641649968086
1118 4.451249801579677
1119 4.451249801579677
1120 4.451249801579677
1121 2.6253882865409794
1122 2.6253882865409794
1123 2.6253882865409794
1124 2.875336569197511
1125 2.875336569197511
1126 2.875336569197511
1127 2.86379424072666
1128 2.86379424072666
1129 2.86379424072666
1130 3.486164715899855
1131 3.486164715899855
1132 3.486164715899855
1133 2.920806215761169
1134 2.920806215761169
1135 2.920806215761169
1136 2.7572135020296034
1137 2.7572135020296034
1138 2.7572135020296034
1139 2.074936702110167
1140 2.074936702110167
1141 2.074936702110167
1142 2.5996521763164826
1143 2.5996521763164826
1144 2.5996521763164826
1145 2.9063295296753
1146 2.9063295296753
1147 2.9063295296753
1148 3.744292808074557
1149 3.744292808074557
1150 3.744292808074557
1151 2.892537753497002
1152 2.892537753497002
1153 2.892537753497002
1154 3.2885741807200985
1155 3.2885741807200985
1156 3.2885741807200985
1157 2.927812316443005
1158 2.927812316443005
1159 2.927812316443005
1160 4.471145719455437
1161 4.471145719455437
1162 4.471145719455437
1163 2.625492634189682
1164 2.625492634189682
1165 2.625492634189682
1166 3.5617724275626745
1167 3.5617724275626745
1168 3.5617724275626745
1169 3.1451076235695012
1170 3.1451076235695012
1171 3.1451076235695012
1172 2.733604611000932
1173 2.733604611000932
1174 2.733604611000932
1175 3.159426086205711
1176 3.159426086205711
1177 3.159426086205711
1178 1.8053308275904243
1179 1.8053308275904243
1180 1.8053308275904243
1181 1.9208750593036756
1182 1.9208750593036756
1183 1.9208750593036756
1184 1.94225393621535
1185 1.94225393621535
1186 1.94225393621535
1187 3.277869786344085
1188 3.277869786344085
1189 3.277869786344085
1190 3.542188628286361
1191 3.542188628286361
1192 3.542188628286361
1193 2.7620387820100922
1194 2.7620387820100922
1195 2.7620387820100922
1196 2.4897024197777955
1197 2.4897024197777955
1198 2.4897024197777955
1199 3.52177485378039
1200 3.52177485378039
1201 3.52177485378039
1202 2.5483793804780808
1203 2.5483793804780808
1204 2.5483793804780808
1205 2.4072683644673782
1206 2.4072683644673782
1207 2.4072683644673782
1208 2.231308639577593
1209 2.231308639577593
1210 2.231308639577593
1211 2.4505255116860036
1212 2.4505255116860036
1213 2.4505255116860036
1214 3.03931886871612
1215 3.03931886871612
1216 3.03931886871612
1217 3.116275353250435
1218 3.116275353250435
1219 3.116275353250435
1220 3.2815462240629842
1221 3.2815462240629842
1222 3.2815462240629842
1223 2.4541411901730728
1224 2.4541411901730728
1225 2.4541411901730728
1226 2.4217322289908267
1227 2.4217322289908267
1228 2.4217322289908267
1229 3.728783254101945
1230 3.728783254101945
1231 3.728783254101945
1232 3.6941681806107836
1233 3.6941681806107836
1234 3.6941681806107836
1235 3.74354852996263
1236 3.74354852996263
1237 3.74354852996263
1238 2.781287386053371
1239 2.781287386053371
1240 2.781287386053371
1241 2.3534010728213124
1242 2.3534010728213124
1243 2.3534010728213124
1244 2.8784413808732316
1245 2.8784413808732316
1246 2.8784413808732316
1247 2.9841837749885984
1248 2.9841837749885984
1249 2.9841837749885984
1250 2.5802390931767465
1251 2.5802390931767465
1252 2.5802390931767465
1253 3.5837627482103036
1254 3.5837627482103036
1255 3.5837627482103036
1256 3.4708743261612027
1257 3.4708743261612027
1258 3.4708743261612027
1259 3.062255981891868
1260 3.062255981891868
1261 3.062255981891868
1262 2.4112536972373015
1263 2.4112536972373015
1264 2.4112536972373015
1265 2.2550813539990306
1266 2.2550813539990306
1267 2.1757616561955606
1268 2.1757616561955606
1269 2.1757616561955606
1270 2.768622213166569
1271 2.768622213166569
1272 2.768622213166569
1273 2.5787300154206556
1274 2.5787300154206556
1275 2.5787300154206556
1276 2.7649861519361147
1277 2.7649861519361147
1278 2.7649861519361147
1279 3.8453731006421115
1280 3.8453731006421115
1281 3.8453731006421115
1282 3.1856114766434316
1283 3.1856114766434316
1284 3.1856114766434316
1285 3.531668410699257
1286 3.531668410699257
1287 3.531668410699257
1288 3.0221008785118886
1289 3.0221008785118886
1290 3.0221008785118886
1291 2.645805479760568
1292 2.645805479760568
1293 2.645805479760568
1294 2.929877187762677
1295 2.929877187762677
1296 2.929877187762677
1297 2.8314394987244182
1298 2.8314394987244182
1299 2.8314394987244182
1300 3.173944767862694
1301 3.173944767862694
1302 3.173944767862694
1303 2.812652203136767
1304 2.812652203136767
1305 2.812652203136767
1306 3.441938433930119
1307 3.441938433930119
1308 3.441938433930119
1309 2.5117087734885493
1310 2.5117087734885493
1311 2.5117087734885493
1312 3.0535477144946297
1313 3.0535477144946297
1314 3.0535477144946297
1315 3.1652257617215604
1316 3.1652257617215604
1317 3.1652257617215604
1318 3.406488655283472
1319 3.406488655283472
1320 3.406488655283472
1321 2.196627697383412
1322 2.196627697383412
1323 2.196627697383412
1324 2.533411069211538
1325 2.533411069211538
1326 2.533411069211538
1327 3.421284875512111
1328 3.421284875512111
1329 3.421284875512111
1330 3.267068832826147
1331 3.267068832826147
1332 3.267068832826147
1333 2.4982799311394355
1334 2.4982799311394355
1335 2.4982799311394355
1336 3.7501933617582077
1337 3.7501933617582077
1338 3.7501933617582077
1339 3.1195559069918883
1340 3.1195559069918883
1341 3.1195559069918883
1342 2.7140407446744135
1343 2.7140407446744135
1344 2.7140407446744135
1345 4.188870131948042
1346 4.188870131948042
1347 4.188870131948042
1348 3.271016778640036
1349 3.271016778640036
1350 3.271016778640036
1351 2.9742923787351794
1352 2.9742923787351794
1353 2.9742923787351794
1354 3.3778800385086383
1355 3.3778800385086383
1356 3.3778800385086383
1357 2.6225679771235426
1358 2.6225679771235426
1359 2.6225679771235426
1360 2.4058977525653926
1361 2.4058977525653926
1362 2.4058977525653926
1363 2.137423697828791
1364 2.137423697828791
1365 2.137423697828791
1366 2.6864440864688217
1367 2.6864440864688217
1368 2.6864440864688217
1369 2.6367124475554373
1370 2.6367124475554373
1371 2.6367124475554373
1372 3.464856182763181
1373 3.464856182763181
1374 3.464856182763181
1375 2.7888616862829383
1376 2.7888616862829383
1377 2.7888616862829383
1378 2.288949548537664
1379 2.288949548537664
1380 2.288949548537664
1381 3.349219171387631
1382 3.349219171387631
1383 3.349219171387631
1384 3.1581553200986785
1385 3.1581553200986785
1386 3.1581553200986785
1387 2.4253080239632503
1388 2.4253080239632503
1389 2.4253080239632503
1390 2.5327403875480092
1391 2.5327403875480092
1392 2.5327403875480092
1393 3.551723716929083
1394 3.551723716929083
1395 3.551723716929083
1396 3.2104829326446347
1397 3.2104829326446347
1398 3.2104829326446347
1399 2.562090560851047
1400 2.562090560851047
1401 2.562090560851047
1402 3.4420298522469324
1403 3.4420298522469324
1404 3.4420298522469324
1405 1.8935235191087492
1406 1.8935235191087492
1407 1.8935235191087492
1408 3.8147047653952915
1409 3.8147047653952915
1410 3.8147047653952915
1411 2.505987481753198
1412 2.505987481753198
1413 2.505987481753198
1414 2.613370816552206
1415 2.613370816552206
1416 2.613370816552206
1417 3.8550309050450866
1418 3.8550309050450866
1419 3.8550309050450866
1420 2.566305564923179
1421 2.566305564923179
1422 2.566305564923179
1423 3.437162845828939
1424 3.437162845828939
1425 3.437162845828939
1426 2.4364686255001518
1427 2.4364686255001518
1428 2.4364686255001518
1429 2.370793465806651
1430 2.370793465806651
1431 2.370793465806651
1432 2.8013854093512722
1433 2.8013854093512722
1434 2.8013854093512722
1435 1.7762254169240037
1436 1.7762254169240037
1437 1.7762254169240037
1438 2.9712235891438263
1439 2.9712235891438263
1440 2.9712235891438263
1441 3.551831280314395
1442 3.551831280314395
1443 3.551831280314395
1444 3.4764383265231658
1445 3.4764383265231658
1446 3.4764383265231658
1447 2.755180524312812
1448 2.755180524312812
1449 2.755180524312812
1450 1.899668408687441
1451 1.899668408687441
1452 1.899668408687441
1453 2.935249022179168
1454 2.935249022179168
1455 2.935249022179168
1456 2.7354368639921827
1457 2.7354368639921827
1458 2.7354368639921827
1459 3.0655317017707304
1460 3.0655317017707304
1461 3.0655317017707304
1462 4.044267092798011
1463 4.044267092798011
1464 4.044267092798011
1465 3.3828755780711974
1466 3.3828755780711974
1467 3.3828755780711974
1468 2.425955266326638
1469 2.425955266326638
1470 2.425955266326638
1471 2.920698627145194
1472 2.920698627145194
1473 2.920698627145194
1474 2.474128381977011
1475 2.474128381977011
1476 2.474128381977011
1477 3.0575460938961547
1478 3.0575460938961547
1479 3.0575460938961547
1480 3.68766144019274
1481 3.68766144019274
1482 3.68766144019274
1483 3.7703731248434496
1484 3.7703731248434496
1485 3.7703731248434496
1486 2.8847870630014505
1487 2.8847870630014505
1488 2.8847870630014505
1489 2.7807352494282433
1490 2.7807352494282433
1491 2.7807352494282433
1492 2.701670925405357
1493 2.701670925405357
1494 2.701670925405357
1495 2.6358195183530624
1496 2.6358195183530624
1497 2.6358195183530624
1498 3.1858873534261427
1499 3.1858873534261427
1500 3.1858873534261427
1501 2.543722701623987
1502 2.543722701623987
1503 2.543722701623987
1504 2.7092164785908843
1505 2.7092164785908843
1506 2.7092164785908843
1507 3.0933989868147784
1508 3.0933989868147784
1509 3.0933989868147784
1510 3.5886260949594817
1511 3.5886260949594817
1512 3.5886260949594817
1513 2.96895878112993
1514 2.96895878112993
1515 2.96895878112993
1516 2.533360607713204
1517 2.533360607713204
1518 2.533360607713204
1519 2.8340615125455066
1520 2.8340615125455066
1521 2.8340615125455066
1522 2.2251031359553224
1523 2.2251031359553224
1524 2.2251031359553224
1525 2.7786549191303456
1526 2.7786549191303456
1527 2.7786549191303456
1528 2.4334940347252267
1529 2.4334940347252267
1530 2.4334940347252267
1531 2.5966043824735237
1532 2.5966043824735237
1533 2.5966043824735237
1534 3.296467395361084
1535 3.296467395361084
1536 3.296467395361084
1537 2.6084476745224014
1538 2.6084476745224014
1539 2.6084476745224014
1540 3.5986003528885444
1541 3.5986003528885444
1542 3.5986003528885444
1543 3.541929651925703
1544 3.541929651925703
1545 3.541929651925703
1546 2.4410019731435546
1547 2.4410019731435546
1548 2.4410019731435546
1549 3.0153118321529937
1550 3.0153118321529937
1551 3.0153118321529937
1552 3.316584023727601
1553 3.316584023727601
1554 3.316584023727601
1555 2.4538088860002056
1556 2.4538088860002056
1557 2.4538088860002056
1558 2.7202827181698113
1559 2.7202827181698113
1560 2.7202827181698113
1561 3.580306738824267
1562 3.580306738824267
1563 3.580306738824267
1564 2.9958359133440666
1565 2.9958359133440666
1566 2.9958359133440666
1567 2.4891118227534013
1568 2.4891118227534013
1569 2.4891118227534013
1570 2.8720902933978985
1571 1.3792235140578197
1572 1.3792235140578197
1573 1.3792235140578197
1574 1.1342824124602526
1575 1.1342824124602526
1576 1.1342824124602526
1577 1.8569348134219614
1578 1.8569348134219614
1579 1.8569348134219614
1580 1.188521432091762
1581 1.188521432091762
1582 1.188521432091762
1583 1.7887565253510054
1584 1.7887565253510054
1585 1.7887565253510054
1586 1.2458420050964836
1587 1.2458420050964836
1588 1.2458420050964836
1589 1.211217614208203
1590 1.211217614208203
1591 1.211217614208203
1592 1.4002899987333337
1593 1.4002899987333337
1594 1.4002899987333337
1595 1.901397850414895
1596 1.901397850414895
1597 1.901397850414895
1598 1.5188821280973939
1599 1.5188821280973939
1600 1.5188821280973939
1601 0.9538667654630553
1602 0.9538667654630553
1603 0.9538667654630553
1604 1.5605219197325426
1605 1.5605219197325426
1606 1.5605219197325426
1607 1.8647861398366925
1608 1.8647861398366925
1609 1.8647861398366925
1610 1.2167071395814175
1611 1.2167071395814175
1612 1.2167071395814175
1613 1.5141203022977188
1614 1.5141203022977188
1615 1.5141203022977188
1616 1.6264059059194949
1617 1.6264059059194949
1618 1.6264059059194949
1619 1.8120585914604896
1620 1.8120585914604896
1621 1.8120585914604896
1622 1.7618745294105336
1623 1.7618745294105336
1624 1.7618745294105336
1625 1.8228805028962558
1626 1.8228805028962558
1627 1.8228805028962558
1628 1.2455994855274921
1629 1.2455994855274921
1630 1.2455994855274921
1631 1.80642738172285
1632 1.80642738172285
1633 1.80642738172285
1634 1.670933123473487
1635 1.670933123473487
1636 1.670933123473487
1637 1.8220321102507147
1638 1.8220321102507147
1639 1.8220321102507147
1640 1.4607886013585185
1641 1.4607886013585185
1642 1.4607886013585185
1643 1.434257991784516
1644 1.434257991784516
1645 1.434257991784516
1646 1.6599619064933702
1647 1.6599619064933702
1648 1.6599619064933702
1649 1.6764285941092036
1650 1.6764285941092036
1651 1.6764285941092036
1652 1.0989313450282252
1653 1.0989313450282252
1654 1.0989313450282252
1655 1.5865469062301232
1656 1.5865469062301232
1657 1.5865469062301232
1658 1.670638718454691
1659 1.670638718454691
1660 1.670638718454691
1661 1.3676614379855803
1662 1.3676614379855803
1663 1.3676614379855803
1664 1.3853683034423787
1665 1.3853683034423787
1666 1.3853683034423787
1667 1.3987116886063242
1668 1.3987116886063242
1669 1.3987116886063242
1670 2.202478436639626
1671 2.202478436639626
1672 2.202478436639626
1673 1.724133923290742
1674 1.724133923290742
1675 1.724133923290742
1676 1.8881877944027778
1677 1.8881877944027778
1678 1.8881877944027778
1679 1.7048712432976156
1680 1.7048712432976156
1681 1.7048712432976156
1682 1.6376294433610132
1683 1.6376294433610132
1684 2.8012405590613905
1685 2.8012405590613905
1686 2.8012405590613905
1687 1.9588260593653626
1688 1.9588260593653626
1689 1.9588260593653626
1690 2.024683369689871
1691 2.024683369689871
1692 2.024683369689871
1693 2.462399866729615
1694 2.462399866729615
1695 2.462399866729615
1696 3.0403662950015002
1697 3.0403662950015002
1698 3.0403662950015002
1699 2.5899556531496533
1700 2.5899556531496533
1701 2.5899556531496533
1702 2.607006367015361
1703 2.607006367015361
1704 2.607006367015361
1705 1.95735696325336
1706 1.95735696325336
1707 1.95735696325336
1708 2.6456618083266763
1709 2.6456618083266763
1710 2.6456618083266763
1711 2.730123600802954
1712 2.730123600802954
1713 2.730123600802954
1714 2.3540032348110462
1715 2.3540032348110462
1716 2.3540032348110462
1717 2.3296425907505185
1718 2.3296425907505185
1719 2.3296425907505185
1720 2.648727864881438
1721 2.648727864881438
1722 2.648727864881438
1723 2.1970946124318522
1724 2.1970946124318522
1725 2.1970946124318522
1726 2.868883435264732
1727 2.868883435264732
1728 2.868883435264732
1729 2.5320690319650767
1730 2.5320690319650767
1731 2.5320690319650767
1732 3.4467153878762695
1733 3.4467153878762695
1734 3.4467153878762695
1735 3.9672361038807895
1736 3.9672361038807895
1737 3.9672361038807895
1738 4.052751162597921
1739 4.052751162597921
1740 4.052751162597921
1741 3.414044152239169
1742 3.414044152239169
1743 3.414044152239169
1744 4.308075909770513
1745 4.308075909770513
1746 4.308075909770513
1747 2.704989457464131
1748 2.704989457464131
1749 2.704989457464131
1750 3.9624976109085157
1751 3.9624976109085157
1752 3.9624976109085157
1753 3.397965854336653
1754 3.397965854336653
1755 3.397965854336653
1756 3.5653610023815445
1757 3.5653610023815445
1758 3.5653610023815445
1759 3.928061999561574
1760 3.928061999561574
1761 3.928061999561574
1762 3.765267496251714
1763 3.765267496251714
1764 3.765267496251714
1765 2.500902352415328
1766 2.500902352415328
1767 2.500902352415328
1768 3.1605970554144722
1769 3.1605970554144722
1770 3.1605970554144722
1771 3.832672966140346
1772 3.832672966140346
1773 3.832672966140346
1774 2.1507196562274693
1775 2.1507196562274693
1776 2.1507196562274693
1777 4.2135950028692255
1778 4.2135950028692255
1779 4.2135950028692255
1780 3.367296027986027
1781 3.367296027986027
1782 3.367296027986027
1783 4.007997861998785
1784 4.007997861998785
1785 4.007997861998785
1786 2.9991796293511213
1787 2.9991796293511213
1788 2.9991796293511213
1789 2.6006112333637574
1790 2.6006112333637574
1791 2.6006112333637574
1792 3.869618781214148
1793 3.869618781214148
1794 3.869618781214148
1795 2.7722400351077336
1796 2.7722400351077336
1797 2.7722400351077336
1798 4.1425362084080835
1799 4.1425362084080835
1800 4.1425362084080835
1801 3.6514996201753798
1802 3.6514996201753798
1803 3.6514996201753798
1804 4.300602253562906
1805 4.300602253562906
1806 4.300602253562906
1807 2.5353110443208244
1808 2.5353110443208244
1809 2.5353110443208244
1810 3.4027223901265486
1811 3.4027223901265486
1812 3.4027223901265486
1813 3.4305431391517893
1814 3.4305431391517893
1815 3.4305431391517893
1816 3.8393121299023956
1817 3.8393121299023956
1818 3.8393121299023956
1819 2.4754290755199313
1820 2.4754290755199313
1821 2.4754290755199313
1822 4.506390830316052
1823 4.506390830316052
1824 4.506390830316052
1825 4.037834878909446
1826 4.037834878909446
1827 4.037834878909446
1828 3.2029356553856356
1829 3.2029356553856356
1830 3.2029356553856356
1831 4.110052291398018
1832 4.110052291398018
1833 4.110052291398018
1834 3.683381680234347
1835 3.683381680234347
1836 3.683381680234347
1837 3.9149656932376833
1838 3.9149656932376833
1839 3.9149656932376833
1840 4.609661631575817
1841 4.609661631575817
1842 4.609661631575817
1843 3.8538999812948753
1844 3.8538999812948753
1845 3.8538999812948753
1846 4.421913450352777
1847 4.421913450352777
1848 4.421913450352777
1849 3.8306735169539525
1850 3.8306735169539525
1851 3.8306735169539525
1852 4.225376103873821
1853 4.225376103873821
1854 4.225376103873821
1855 3.3732247965796356
1856 3.3732247965796356
1857 3.3732247965796356
1858 4.044901820226099
1859 4.044901820226099
1860 4.044901820226099
1861 3.4193434743858537
1862 3.4193434743858537
1863 3.4193434743858537
1864 3.967861601381944
1865 3.967861601381944
1866 3.967861601381944
1867 0.6653206771987897
1868 0.6653206771987897
1869 0.6653206771987897
1870 0.48827970708966595
1871 0.48827970708966595
1872 0.48827970708966595
1873 0.6056268713529674
1874 0.6056268713529674
1875 0.6056268713529674
1876 0.6075800049269757
1877 0.6075800049269757
1878 0.6075800049269757
1879 0.6207317545634838
1880 0.6207317545634838
1881 0.6207317545634838
1882 3.482301787893739
1883 3.482301787893739
1884 3.482301787893739
1885 3.9251353905152238
1886 3.9251353905152238
1887 3.9251353905152238
1888 2.5674188667468063
1889 2.5674188667468063
1890 2.5674188667468063
1891 2.8773923492795035
1892 2.8773923492795035
1893 2.8773923492795035
1894 3.848937019193292
1895 3.848937019193292
1896 3.848937019193292
1897 3.930062785349357
1898 3.930062785349357
1899 3.930062785349357
1900 2.6274896185656194
1901 2.6274896185656194
1902 2.6274896185656194
1903 3.198608445212617
1904 3.198608445212617
1905 3.198608445212617
1906 2.905953623857515
1907 2.905953623857515
1908 2.905953623857515
1909 3.305894478234202
1910 3.305894478234202
1911 3.305894478234202
1912 3.3916352411938266
1913 3.3916352411938266
1914 3.3916352411938266
1915 3.030482644253349
1916 3.030482644253349
1917 3.030482644253349
1918 3.0765453716204645
1919 3.0765453716204645
1920 3.0765453716204645
1921 3.1160117045290088
1922 3.1160117045290088
1923 3.1160117045290088
1924 2.3263978052272423
1925 2.3263978052272423
1926 2.3263978052272423
1927 2.6875450798788103
1928 2.6875450798788103
1929 2.6875450798788103
1930 3.301288455614313
1931 3.301288455614313
1932 3.301288455614313
1933 2.785796256830258
1934 2.785796256830258
1935 2.785796256830258
1936 3.3524373208831117
1937 3.3524373208831117
1938 3.3524373208831117
1939 3.4737403459266223
1940 3.4737403459266223
1941 3.4737403459266223
1942 3.480458891284011
1943 3.480458891284011
1944 3.480458891284011
1945 2.7936096372069685
1946 2.7936096372069685
1947 2.7936096372069685
1948 3.749737808081674
1949 3.749737808081674
1950 3.749737808081674
1951 3.775148413987318
1952 3.775148413987318
1953 3.775148413987318
1954 2.2328897795648177
1955 2.2328897795648177
1956 2.2328897795648177
1957 2.767349652356525
1958 2.767349652356525
1959 2.767349652356525
1960 3.4566832712986355
1961 3.4566832712986355
1962 3.4566832712986355
1963 2.35789295550447
1964 2.35789295550447
1965 2.35789295550447
1966 2.9588592804573595
1967 2.9588592804573595
1968 2.9588592804573595
1969 3.401984681413876
1970 3.401984681413876
1971 3.401984681413876
1972 3.5989337992504615
1973 3.5989337992504615
1974 3.5989337992504615
1975 3.319352241389604
1976 3.319352241389604
1977 3.319352241389604
1978 3.932429951287557
1979 3.932429951287557
1980 3.932429951287557
1981 3.671679175918743
1982 3.671679175918743
1983 3.671679175918743
1984 4.850757420162754
1985 4.850757420162754
1986 4.850757420162754
1987 2.474479538445537
1988 2.474479538445537
1989 2.474479538445537
1990 3.578559742205454
1991 3.578559742205454
1992 3.578559742205454
1993 3.4711530436328646
1994 3.4711530436328646
1995 3.4711530436328646
1996 3.164684141553576
1997 3.164684141553576
1998 3.164684141553576
1999 3.4193390746087724
