0 0.8312957753227078
1 0.8312957753227078
2 0.8789214156030217
3 0.8789214156030217
4 1.6532522585979836
5 1.6532522585979836
6 1.8899703386350648
7 1.8899703386350648
8 2.1640792548489483
9 2.1640792548489483
10 2.861231221775684
11 2.861231221775684
12 2.9096045456196453
13 2.9096045456196453
14 1.283870578580762
15 1.283870578580762
16 1.032512527701089
17 1.032512527701089
18 2.5506777713714412
19 2.5506777713714412
20 2.053431475518265
21 2.053431475518265
22 1.573760195956554
23 1.573760195956554
24 0.24179605628293377
25 0.24179605628293377
26 2.494172487872397
27 2.494172487872397
28 1.6125139606331247
29 1.6125139606331247
30 1.5061682277705948
31 1.5061682277705948
32 0.3759973204443632
33 0.3759973204443632
34 1.4874550940607545
35 1.4874550940607545
36 3.075862372594873
37 3.075862372594873
38 0.5378695268327249
39 0.5378695268327249
40 3.736944914615949
41 3.736944914615949
42 2.3076364723748397
43 2.3076364723748397
44 1.3674336874557125
45 1.3674336874557125
46 1.4165057525202709
47 1.4165057525202709
48 0.9143815340503612
49 0.9143815340503612
50 2.7719395719556585
51 0.1
52 0.1
53 3.4790148008200186
54 3.4790148008200186
55 3.525610527749865
56 3.525610527749865
57 3.1414758821470388
58 3.1414758821470388
59 6.31384891347575
60 6.31384891347575
61 2.1613754008233323
62 2.1613754008233323
63 4.067944767248276
64 4.067944767248276
65 3.0612305207037895
66 3.0612305207037895
67 2.1048472192942507
68 2.1048472192942507
69 0.1
70 0.1
71 0.9305165943083762
72 0.9305165943083762
73 3.141889945107059
74 3.141889945107059
75 1.7849805843028264
76 1.7849805843028264
77 3.403849622318425
78 3.403849622318425
79 2.97983567089879
80 2.97983567089879
81 4.312666864961726
82 4.312666864961726
83 3.6017042447617555
84 3.6017042447617555
85 0.26197920624832705
86 0.26197920624832705
87 2.092902691282535
88 2.092902691282535
89 4.614607072630676
90 4.614607072630676
91 4.358607504813354
92 4.358607504813354
93 6.115841594704264
94 6.115841594704264
95 0.5073742238808276
96 0.5073742238808276
97 0.2243495581410424
98 0.2243495581410424
99 2.9212405972089526
100 2.9212405972089526
101 2.5517041131363776
102 2.5517041131363776
103 2.4484743364232457
104 2.4484743364232457
105 3.688721677213033
106 3.688721677213033
107 1.1585133406560386
108 1.1585133406560386
109 1.9367760830142775
110 1.9367760830142775
111 1.8487421693634487
112 1.8487421693634487
113 3.803511363752627
114 3.803511363752627
115 2.279262012440947
116 2.279262012440947
117 2.962518632707282
118 2.962518632707282
119 1.1819957276774518
120 1.1819957276774518
121 2.6879263285258683
122 2.6879263285258683
123 3.085854905104876
124 3.085854905104876
125 2.3905652368035
126 2.3905652368035
127 3.4004928040251476
128 3.4004928040251476
129 6.08215897159932
130 6.08215897159932
131 4.355277266800765
132 4.355277266800765
133 4.2546539034182445
134 4.2546539034182445
135 2.3016943207329055
136 2.3016943207329055
137 3.346653370254438
138 3.346653370254438
139 1.924918328609626
140 1.924918328609626
141 2.9461131790113813
142 2.9461131790113813
143 0.6937887905629372
144 0.6937887905629372
145 1.0368383928907887
146 1.0368383928907887
147 0.4128467223075625
148 0.4128467223075625
149 0.300142238417705
150 0.300142238417705
151 0.8134350344979735
152 0.8134350344979735
153 0.921968810040631
154 0.921968810040631
155 0.993118804981738
156 0.993118804981738
157 0.18910720345064014
158 0.18910720345064014
159 0.4283987179194172
160 0.4283987179194172
161 0.23806113104139587
162 0.23806113104139587
163 0.27641733739539304
164 0.27641733739539304
165 0.25318493238663514
166 0.25318493238663514
167 0.2056361734813264
168 0.2056361734813264
169 0.7492262771627844
170 0.7492262771627844
171 0.7718395012040031
172 0.7718395012040031
173 1.068155789936459
174 1.068155789936459
175 0.568258356508466
176 0.568258356508466
177 0.7084448173929255
178 0.7084448173929255
179 0.8159718208058089
180 0.8159718208058089
181 0.31381407533815153
182 0.31381407533815153
183 0.9801875356937068
184 0.9801875356937068
185 0.3852724682779674
186 0.3852724682779674
187 0.17934216687220417
188 0.17934216687220417
189 0.9412122641391611
190 0.9412122641391611
191 0.6869974990439536
192 0.6869974990439536
193 0.8566291981852189
194 0.8566291981852189
195 1.1297207650640335
196 1.1297207650640335
197 0.7177755790679451
198 0.7177755790679451
199 0.7212901915328989
200 0.7212901915328989
201 0.5436084721820676
202 0.5436084721820676
203 0.44544024785709957
204 0.44544024785709957
205 0.45565802417660817
206 0.45565802417660817
207 0.40445986351469
208 0.40445986351469
209 0.4255142692713918
210 0.4255142692713918
211 1.1960546250187116
212 1.1960546250187116
213 0.503459737009859
214 0.503459737009859
215 0.6477562898199622
216 0.6477562898199622
217 0.7592194066958119
218 0.7592194066958119
219 1.1826631089597655
220 1.1826631089597655
221 0.5544613212560998
222 0.5544613212560998
223 0.12071248685577873
224 0.12071248685577873
225 0.7497899056595312
226 0.7497899056595312
227 0.6768902862413364
228 0.6768902862413364
229 0.7870043648437821
230 0.7870043648437821
231 0.513372579380228
232 0.513372579380228
233 0.6587892901946518
234 0.6587892901946518
235 0.6129595458839869
236 0.6129595458839869
237 0.4234729051470374
238 0.4234729051470374
239 0.7646920654400715
240 0.7646920654400715
241 1.0006557143113874
242 1.0006557143113874
243 0.8691708589596824
244 0.8691708589596824
245 0.7836443261250525
246 0.7836443261250525
247 0.46710680174856467
248 0.46710680174856467
249 1.1608688197729449
250 1.1608688197729449
251 0.4069083912521799
252 0.4069083912521799
253 0.5395404903502554
254 0.5395404903502554
255 1.0586230279475157
256 1.0586230279475157
257 0.7896941736896341
258 0.7896941736896341
259 0.62972560124493
260 0.62972560124493
261 0.4629873259135666
262 0.4629873259135666
263 0.5150829558269698
264 0.5150829558269698
265 0.4882955087493065
266 0.4882955087493065
267 0.6656361886665265
268 0.6656361886665265
269 0.3951420467125798
270 0.3951420467125798
271 0.8338747653272791
272 0.8338747653272791
273 0.7340876031145788
274 0.7340876031145788
275 0.573648054107376
276 0.573648054107376
277 0.3573688528576078
278 0.3573688528576078
279 0.8976573115158478
280 0.8976573115158478
281 1.1866763287943454
282 1.1866763287943454
283 0.20549227247910934
284 0.20549227247910934
285 0.5364338259803374
286 0.5364338259803374
287 0.8784400790969632
288 0.8784400790969632
289 4.437091915127078
290 4.437091915127078
291 3.183574099970787
292 3.183574099970787
293 6.175390317700616
294 6.175390317700616
295 2.483345256844791
296 2.483345256844791
297 4.565013850877286
298 4.565013850877286
299 6.549266316486342
300 6.549266316486342
301 0.6981217829926778
302 0.6981217829926778
303 3.880100347027515
304 3.880100347027515
305 4.366953924372547
306 4.366953924372547
307 3.0670381798926436
308 3.0670381798926436
309 2.0621218188725745
310 2.0621218188725745
311 4.453086536588467
312 4.453086536588467
313 5.448778669534393
314 5.448778669534393
315 6.6833398858686355
316 6.6833398858686355
317 4.201101020985879
318 4.201101020985879
319 1.029795342676823
320 1.029795342676823
321 3.7457252725803563
322 3.7457252725803563
323 2.715847173996324
324 2.715847173996324
325 4.042430846131813
326 4.042430846131813
327 4.9167720492509135
328 4.9167720492509135
329 4.123598852558807
330 4.123598852558807
331 5.399623377534695
332 5.399623377534695
333 2.9293314276616895
334 2.9293314276616895
335 2.9684640670850824
336 2.9684640670850824
337 4.332256435332711
338 4.332256435332711
339 3.5641036248786326
340 3.5641036248786326
341 5.006779062301162
342 5.006779062301162
343 4.7564107183993585
344 4.7564107183993585
345 2.391118373867612
346 2.391118373867612
347 4.892124372135359
348 4.892124372135359
349 2.6957367498672262
350 2.6957367498672262
351 4.283676926656235
352 4.283676926656235
353 1.667339387869894
354 1.667339387869894
355 2.5376762563125426
356 2.5376762563125426
357 2.635029464262565
358 2.635029464262565
359 6.211707347729134
360 6.211707347729134
361 0.6354077955532822
362 0.6354077955532822
363 1.4698058104477594
364 1.4698058104477594
365 3.276134479315934
366 3.276134479315934
367 0.6366386433171436
368 0.6366386433171436
369 4.643204498556486
370 4.643204498556486
371 1.580224098317405
372 1.580224098317405
373 1.4810295223610062
374 1.4810295223610062
375 2.8937193145960767
376 2.8937193145960767
377 0.1
378 0.1
379 4.161030042527467
380 4.161030042527467
381 2.0053954562161076
382 2.0053954562161076
383 4.398195460222106
384 4.398195460222106
385 2.3291554133492207
386 2.3291554133492207
387 1.8766574230882134
388 1.8766574230882134
389 1.8302410903746407
390 1.8302410903746407
391 6.795709758205102
392 6.795709758205102
393 2.8272803761874963
394 2.8272803761874963
395 3.3219902214029364
396 3.3219902214029364
397 3.3109381550888566
398 3.3109381550888566
399 1.0670553239521086
400 1.0670553239521086
401 2.6526621749791337
402 2.6526621749791337
403 2.047424229109499
404 2.047424229109499
405 0.7269387198143558
406 0.7269387198143558
407 5.255440374012404
408 5.255440374012404
409 1.032128354887751
410 1.032128354887751
411 0.3673867120634946
412 0.3673867120634946
413 2.5021527967922905
414 2.5021527967922905
415 0.946010944512286
416 0.946010944512286
417 0.1
418 0.1
419 2.887957158716249
420 2.887957158716249
421 3.9281884558751785
422 3.9281884558751785
423 2.084632454599626
424 2.084632454599626
425 3.677090037041209
426 3.677090037041209
427 4.493769829856378
428 0.42909190683597576
429 0.42909190683597576
430 0.1
431 0.1
432 1.7972589007242497
433 1.7972589007242497
434 1.3108246660794933
435 1.3108246660794933
436 0.28319982280078726
437 0.28319982280078726
438 1.5071150412803724
439 1.5071150412803724
440 2.1916483140115397
441 2.1916483140115397
442 1.6095075560720837
443 1.6095075560720837
444 3.1956310041243636
445 3.1956310041243636
446 1.3117941418350019
447 1.3117941418350019
448 1.7230120885651485
449 1.7230120885651485
450 1.7144670186032123
451 1.7144670186032123
452 0.26376948890270646
453 0.26376948890270646
454 0.1
455 0.1
456 1.7608010770017366
457 1.7608010770017366
458 1.871934510726338
459 1.871934510726338
460 1.7743399942548588
461 1.7743399942548588
462 1.160650347598113
463 1.160650347598113
464 2.497542917706845
465 2.497542917706845
466 1.9217111123027013
467 1.9217111123027013
468 1.6794857386174573
469 1.6794857386174573
470 2.1330120417930116
471 2.1330120417930116
472 0.9623103526719613
473 0.9623103526719613
474 0.13736595686624953
475 0.13736595686624953
476 1.4725350903645973
477 1.4725350903645973
478 0.6455046412511856
479 0.6455046412511856
480 0.7459645976822206
481 0.7459645976822206
482 1.7354797048250292
483 1.7354797048250292
484 0.1
485 0.1
486 1.1988704064015892
487 1.1988704064015892
488 1.3714960560333815
489 1.3714960560333815
490 0.37471304430076335
491 0.37471304430076335
492 2.6939307489442683
493 2.6939307489442683
494 1.8066431631637283
495 1.8066431631637283
496 1.7675481492819305
497 1.7675481492819305
498 1.6741148623977418
499 1.6741148623977418
500 1.522898102780607
501 1.522898102780607
502 1.0670681682931984
503 1.0670681682931984
504 2.7490433916901016
505 2.7490433916901016
506 1.5742934840234277
507 1.5742934840234277
508 1.4572664817586576
509 1.4572664817586576
510 1.499742948322998
511 1.499742948322998
512 1.2339027997486594
513 1.2339027997486594
514 1.43958436093985
515 1.43958436093985
516 1.4058568612235476
517 1.4058568612235476
518 2.2793974022126764
519 2.2793974022126764
520 2.274950228485707
521 2.274950228485707
522 1.2215181144563
523 1.2215181144563
524 3.0399527365486776
525 3.0399527365486776
526 0.5787834398584408
527 0.5787834398584408
528 2.3204578228296637
529 2.3204578228296637
530 0.9442167088064756
531 0.9442167088064756
532 1.4217004877860135
533 1.4217004877860135
534 0.1
535 0.1
536 1.7617507283757043
537 1.7617507283757043
538 1.3878694130138203
539 1.3878694130138203
540 2.472298337214142
541 2.472298337214142
542 1.8536921163970246
543 1.8536921163970246
544 1.646630770168105
545 1.646630770168105
546 1.9676260495363889
547 1.9676260495363889
548 2.5127318452751433
549 2.5127318452751433
550 2.6752974537130654
551 2.6752974537130654
552 1.8595627804341774
553 1.8595627804341774
554 1.56933428644431
555 1.56933428644431
556 1.2802579102922385
557 1.2802579102922385
558 1.8591300692162267
559 1.8591300692162267
560 0.8416732304308714
561 0.8416732304308714
562 2.580021320137803
563 2.580021320137803
564 0.7226018665342359
565 0.7226018665342359
566 1.1405636376549249
567 1.1405636376549249
568 1.3412318506326553
569 1.3412318506326553
570 1.8286824005410132
571 1.8286824005410132
572 2.409919319452647
573 2.409919319452647
574 0.4230725364808787
575 0.4230725364808787
576 0.9694196188993721
577 0.9694196188993721
578 1.713411781887813
579 1.713411781887813
580 0.9998864949311878
581 0.9998864949311878
582 1.9349934978771317
583 5.717126308870721
584 5.717126308870721
585 3.7652365988772116
586 3.7652365988772116
587 5.326183426638419
588 5.326183426638419
589 4.707017546702517
590 4.707017546702517
591 2.329094054307281
592 2.329094054307281
593 4.17082822703754
594 4.17082822703754
595 1.7687017144223907
596 1.7687017144223907
597 4.753481568951291
598 4.753481568951291
599 5.557899614174781
600 5.557899614174781
601 0.43349921501395405
602 0.43349921501395405
603 8.010315776964664
604 8.010315776964664
605 2.6307108848053793
606 2.6307108848053793
607 5.06923056405706
608 5.06923056405706
609 2.1598283556888855
610 1.3321274810727686
611 1.3321274810727686
612 2.707978099379222
613 2.707978099379222
614 1.3068373063735583
615 1.3068373063735583
616 1.4482996027502866
617 1.4482996027502866
618 2.063171516946078
619 2.063171516946078
620 1.9284370690191512
621 1.9284370690191512
622 1.5954329353432668
623 1.5954329353432668
624 1.1678334541344746
625 1.1678334541344746
626 0.2685322119427065
627 0.2685322119427065
628 0.5249650427098653
629 0.5249650427098653
630 1.2386724506222964
631 1.2386724506222964
632 1.1201309169226406
633 1.1201309169226406
634 1.0371056608657647
635 1.0371056608657647
636 1.3428465770793963
637 1.3428465770793963
638 2.8613722231811822
639 2.8613722231811822
640 3.020362923803635
641 3.020362923803635
642 1.5212172073069978
643 1.5212172073069978
644 2.020698736243285
645 2.020698736243285
646 1.2207413841904147
647 1.2207413841904147
648 1.6910466575297851
649 1.6910466575297851
650 2.253147134338806
651 2.253147134338806
652 0.42069610491729037
653 0.42069610491729037
654 1.1003990481252308
655 1.1003990481252308
656 1.2732746774306407
657 1.2732746774306407
658 1.97961507830239
659 1.97961507830239
660 0.1809669350756533
661 0.1809669350756533
662 0.7923365870218672
663 0.7923365870218672
664 1.0910536249274796
665 1.0910536249274796
666 1.976927565205104
667 1.976927565205104
668 1.4141887595917984
669 1.4141887595917984
670 1.38476761748778
671 1.38476761748778
672 0.6109834229319134
673 0.6109834229319134
674 1.1866326804828595
675 1.1866326804828595
676 1.592718575511477
677 1.592718575511477
678 1.7941509737274373
679 1.7941509737274373
680 3.3980735796352137
681 3.3980735796352137
682 1.8301687616638755
683 1.8301687616638755
684 0.49085727220043496
685 0.49085727220043496
686 1.6164361506667624
687 1.6164361506667624
688 1.1415514835783056
689 1.1415514835783056
690 2.2605160260291384
691 2.2605160260291384
692 1.5883106246454068
693 1.5883106246454068
694 2.1232962236217343
695 2.1232962236217343
696 1.6163092757064634
697 1.6163092757064634
698 0.5679208771170043
699 0.5679208771170043
700 1.6275306590759646
701 1.6275306590759646
702 2.6731732016183094
703 2.6731732016183094
704 1.6094415553425638
705 1.6094415553425638
706 2.5894692190938837
707 2.5894692190938837
708 1.9243699235910534
709 1.9243699235910534
710 1.1985764097902196
711 1.1985764097902196
712 1.3470279741606845
713 1.3470279741606845
714 0.6891753792539042
715 0.6891753792539042
716 1.5232032066538088
717 1.5232032066538088
718 1.5548199711541526
719 1.5548199711541526
720 1.1694129755449496
721 1.1694129755449496
722 1.9560091834940416
723 1.9560091834940416
724 2.568131700633141
725 2.568131700633141
726 2.4480756323949064
727 2.4480756323949064
728 1.3085670420565392
729 1.3085670420565392
730 3.803221739515348
731 3.803221739515348
732 2.3943988468034774
733 2.3943988468034774
734 0.7488836948264201
735 0.7488836948264201
736 2.4333455291053285
737 2.4333455291053285
738 0.6663234613636454
739 0.6663234613636454
740 1.7961147062109442
741 1.7961147062109442
742 1.3807449652906727
743 1.3807449652906727
744 3.2296283953516918
745 3.2296283953516918
746 1.573040607082863
747 1.573040607082863
748 1.5794428307322772
749 1.5794428307322772
750 1.7343190406064537
751 1.7343190406064537
752 0.1
753 0.1
754 1.3049767788397495
755 1.3049767788397495
756 0.9368612358656326
757 0.9368612358656326
758 1.6831080087947492
759 1.6831080087947492
760 1.1983012179668773
761 1.1983012179668773
762 0.1
763 0.1
764 1.1980427006621088
765 3.7910454165652854
766 3.7910454165652854
767 2.9513006843588827
768 2.9513006843588827
769 5.819763992519631
770 5.819763992519631
771 3.601598150519588
772 3.601598150519588
773 5.213703855919603
774 0.9301919705734885
775 0.9301919705734885
776 2.295747204190124
777 2.295747204190124
778 3.3525498761511017
779 3.3525498761511017
780 0.5195488586972075
781 0.5195488586972075
782 1.1766940899869378
783 1.1766940899869378
784 2.346511435646615
785 2.346511435646615
786 1.8612423251122805
787 1.8612423251122805
788 1.416235880816962
789 1.416235880816962
790 2.121645487973374
791 2.121645487973374
792 2.793045649680291
793 2.793045649680291
794 3.4132150824055447
795 3.4132150824055447
796 3.099797254875358
797 3.099797254875358
798 2.6272395722363004
799 2.6272395722363004
800 2.3601307897771706
801 2.3601307897771706
802 1.2861134929169928
803 1.2861134929169928
804 1.3193430565686688
805 1.3193430565686688
806 2.291288217338339
807 2.291288217338339
808 1.8406291662211856
809 1.8406291662211856
810 0.9650271560733668
811 0.9650271560733668
812 1.0191252046430892
813 1.0191252046430892
814 2.154612356497825
815 2.154612356497825
816 1.8336234590786582
817 1.8336234590786582
818 0.9952983642277651
819 0.9952983642277651
820 1.9181661384384339
821 1.9181661384384339
822 2.0127477664675713
823 2.0127477664675713
824 2.760117891153012
825 2.760117891153012
826 2.288524819386325
827 2.288524819386325
828 3.2532839639971716
829 3.2532839639971716
830 2.0254928566594637
831 2.0254928566594637
832 2.600655422192259
833 2.600655422192259
834 2.1594744122208045
835 2.1594744122208045
836 3.0803402853954185
837 3.0803402853954185
838 1.2592805357824242
839 1.2592805357824242
840 3.213306800389116
841 3.213306800389116
842 2.6931044192935683
843 2.6931044192935683
844 2.621873190607757
845 2.621873190607757
846 1.8481793962227557
847 1.8481793962227557
848 1.6808447431891445
849 1.6808447431891445
850 0.1
851 0.1
852 2.899258630267642
853 2.899258630267642
854 2.7702392887225162
855 2.7702392887225162
856 1.983299249957335
857 1.983299249957335
858 2.1075990685300567
859 2.1075990685300567
860 0.6629984160788267
861 0.6629984160788267
862 1.6436310403205598
863 1.6436310403205598
864 1.9776396798563682
865 1.9776396798563682
866 4.0142795660900825
867 4.0142795660900825
868 1.503398849201425
869 1.503398849201425
870 2.1228004109770704
871 2.1228004109770704
872 2.394422962791337
873 2.394422962791337
874 0.1
875 0.1
876 1.5647127334944213
877 1.5647127334944213
878 0.8368838301259212
879 0.8368838301259212
880 1.659907733965877
881 1.659907733965877
882 1.1412494321571782
883 1.1412494321571782
884 3.163923330520676
885 3.163923330520676
886 2.6567908810956014
887 2.6567908810956014
888 1.979637901073259
889 1.979637901073259
890 2.1753959710873474
891 2.1753959710873474
892 1.3121616166871615
893 1.3121616166871615
894 0.47774502762287807
895 0.47774502762287807
896 1.4551453073021312
897 1.4551453073021312
898 3.291199422969141
899 3.291199422969141
900 0.7218634705475493
901 0.7218634705475493
902 2.893836412236921
903 4.160858676420103
904 4.160858676420103
905 2.9109961641727917
906 2.9109961641727917
907 4.078537335250626
908 4.078537335250626
909 4.533816753044808
910 4.533816753044808
911 3.0555076860168495
912 3.0555076860168495
913 3.5127053635708503
914 3.5127053635708503
915 5.938598636630877
916 5.938598636630877
917 3.4833242636585524
918 3.4833242636585524
919 1.988945356936103
920 1.988945356936103
921 1.6452387078109132
922 1.6452387078109132
923 1.9388786879583493
924 1.9388786879583493
925 5.177514899330234
926 5.177514899330234
927 3.3848486198709735
928 3.3848486198709735
929 2.894409274808851
930 2.894409274808851
931 3.6771998521231115
932 3.6771998521231115
933 2.1505916271132968
934 2.1505916271132968
935 0.1
936 0.1
937 1.9433527189042203
938 1.9433527189042203
939 0.7570685601602714
940 0.7570685601602714
941 4.050397708483126
942 4.050397708483126
943 5.681783147144504
944 5.681783147144504
945 3.4573466645238824
946 3.4573466645238824
947 1.8735525186534596
948 1.8735525186534596
949 3.6450671641497028
950 3.6450671641497028
951 4.424435369646648
952 4.424435369646648
953 1.373113860234585
954 1.373113860234585
955 0.6822829378036079
956 0.6822829378036079
957 2.3276073433411115
958 2.3276073433411115
959 0.871489521347196
960 0.871489521347196
961 4.637183659891048
962 4.637183659891048
963 3.282432418260409
964 3.282432418260409
965 2.770527938225096
966 2.770527938225096
967 4.436232543636466
968 4.436232543636466
969 2.746255310876592
970 2.746255310876592
971 3.63199412811232
972 3.63199412811232
973 1.5654499986357335
974 1.5654499986357335
975 1.1824340105320141
976 1.1824340105320141
977 1.2543048702973603
978 1.2543048702973603
979 2.1960775476359142
980 2.1960775476359142
981 0.2692917323951636
982 0.2692917323951636
983 2.5331274641507053
984 2.5331274641507053
985 1.2383402314393135
986 1.2383402314393135
987 1.3917234589965892
988 1.3917234589965892
989 2.366306332370271
990 2.366306332370271
991 0.5802205581957728
992 0.5802205581957728
993 2.39622141360827
994 2.39622141360827
995 1.4659600682193443
996 1.4659600682193443
997 0.1
998 0.1
999 2.342666240647276
1000 2.342666240647276
1001 1.5665146180255174
1002 1.5665146180255174
1003 2.483066925429655
1004 2.483066925429655
1005 1.5457350021002219
1006 1.5457350021002219
1007 2.3388632741413464
1008 2.3388632741413464
1009 2.1006611984520194
1010 2.1006611984520194
1011 1.9002826280587166
1012 1.9002826280587166
1013 1.273723945954467
1014 1.273723945954467
1015 1.186417454784083
1016 1.186417454784083
1017 2.273708434007393
1018 2.273708434007393
1019 1.793263303354822
1020 1.793263303354822
1021 1.831618224637772
1022 1.831618224637772
1023 0.991767348420386
1024 0.991767348420386
1025 0.5036791446447406
1026 0.5036791446447406
1027 1.306193072376765
1028 1.306193072376765
1029 1.3492920752959126
1030 1.3492920752959126
1031 1.606306062086917
1032 1.606306062086917
1033 1.0016643758473514
1034 1.0016643758473514
1035 1.4382095675362994
1036 1.4382095675362994
1037 0.8461365608339578
1038 0.8461365608339578
1039 1.8289835314064533
1040 1.8289835314064533
1041 2.381993703040299
1042 2.381993703040299
1043 1.7368189613610006
1044 1.7368189613610006
1045 2.02121311989815
1046 2.02121311989815
1047 1.3172449563238213
1048 1.3172449563238213
1049 1.1269098592114402
1050 1.1269098592114402
1051 1.888952981838044
1052 1.888952981838044
1053 1.8839676425484353
1054 1.8839676425484353
1055 2.1568630702775202
1056 2.1568630702775202
1057 1.5445534648929458
1058 1.5445534648929458
1059 0.9215815989493058
1060 0.9215815989493058
1061 1.0454540672223118
1062 1.0454540672223118
1063 1.8340349331158052
1064 1.8340349331158052
1065 1.7962404858644097
1066 1.7962404858644097
1067 0.6344956278957432
1068 0.6344956278957432
1069 1.2626482753974013
1070 1.2626482753974013
1071 0.5076067556283235
1072 0.5076067556283235
1073 1.92073221072302
1074 1.92073221072302
1075 0.7281439270733538
1076 0.7281439270733538
1077 0.5185157870625162
1078 0.5185157870625162
1079 1.3546002758596938
1080 1.3546002758596938
1081 1.2124896447841973
1082 1.2124896447841973
1083 1.2513381877315843
1084 1.2513381877315843
1085 1.29350795131643
1086 1.29350795131643
1087 1.279534948559274
1088 1.279534948559274
1089 0.1462153269829336
1090 0.1462153269829336
1091 1.3329708750605695
1092 1.3329708750605695
1093 1.2024862698863323
1094 1.2024862698863323
1095 1.5337776395584068
1096 1.5337776395584068
1097 1.0650731023347104
1098 1.0650731023347104
1099 0.7001419590703633
1100 0.7001419590703633
1101 1.9053138347996152
1102 1.9053138347996152
1103 1.4465289196583564
1104 1.4465289196583564
1105 0.9140460683323725
1106 0.9140460683323725
1107 1.005895254139762
1108 1.005895254139762
1109 1.235438536549487
1110 1.235438536549487
1111 1.0797616763711881
1112 1.0797616763711881
1113 1.4823290575417587
1114 1.4823290575417587
1115 0.8109242763240134
1116 0.8109242763240134
1117 1.0098814000189373
1118 1.0098814000189373
1119 2.0436046907694054
1120 2.0436046907694054
1121 0.3249455725113618
1122 0.3249455725113618
1123 0.8872653219144485
1124 0.8872653219144485
1125 0.7835961674715766
1126 0.7835961674715766
1127 0.5675676251799443
1128 0.5675676251799443
1129 0.1
1130 0.1
1131 1.9196037791093263
1132 1.9196037791093263
1133 1.332006126233411
1134 1.332006126233411
1135 1.4112498969021976
1136 1.4112498969021976
1137 1.7102485479365772
1138 1.7102485479365772
1139 1.6626444765570536
1140 1.6626444765570536
1141 1.5807640959941152
1142 1.5807640959941152
1143 1.1747658281365256
1144 1.1747658281365256
1145 0.4237921612024189
1146 0.4237921612024189
1147 1.0074466143648149
1148 1.0074466143648149
1149 0.9392429680670492
1150 0.9392429680670492
1151 0.9318971832313908
1152 0.9318971832313908
1153 2.1027012057974503
1154 2.1027012057974503
1155 0.6874524875955849
1156 0.6874524875955849
1157 0.4695624834112109
1158 0.4695624834112109
1159 2.1040092890338356
1160 2.1040092890338356
1161 1.3444017405175683
1162 1.3444017405175683
1163 0.4994321428440667
1164 0.4994321428440667
1165 1.443138628800685
1166 1.443138628800685
1167 1.059495964123915
1168 1.059495964123915
1169 1.736658796271003
1170 1.736658796271003
1171 0.18057154403322995
1172 0.18057154403322995
1173 0.7705988814336056
1174 0.7705988814336056
1175 1.4458209889476943
1176 1.4458209889476943
1177 1.1678223275643247
1178 1.1678223275643247
1179 1.8386659408404833
1180 1.8386659408404833
1181 1.8166845715888857
1182 1.8166845715888857
1183 0.5374731144096978
1184 0.5374731144096978
1185 0.5726279377837407
1186 0.5726279377837407
1187 1.0486240538153222
1188 1.0486240538153222
1189 1.152496227847403
1190 1.152496227847403
1191 1.9298453107846074
1192 1.9298453107846074
1193 1.554760586270743
1194 1.554760586270743
1195 1.6733320692588847
1196 1.6733320692588847
1197 0.1
1198 0.1
1199 1.5996645056731742
1200 1.5996645056731742
1201 1.0615402878968714
1202 1.0615402878968714
1203 1.4046985314517442
1204 1.4046985314517442
1205 0.6651878247276781
1206 0.6651878247276781
1207 1.1589713277102147
1208 1.1589713277102147
1209 1.5936419747329624
1210 1.5936419747329624
1211 0.31748663164390134
1212 0.31748663164390134
1213 0.959225159969434
1214 0.959225159969434
1215 1.5357723499550582
1216 1.5357723499550582
1217 0.2844035158190099
1218 0.2844035158190099
1219 1.547087984557422
1220 1.547087984557422
1221 1.7220032784614665
1222 1.7220032784614665
1223 1.4340911960150076
1224 1.4340911960150076
1225 0.5236869344084508
1226 0.5236869344084508
1227 0.781018706512268
1228 0.781018706512268
1229 1.0627381322925162
1230 1.0627381322925162
1231 0.48225202244107
1232 0.48225202244107
1233 1.5619696640802052
1234 1.5619696640802052
1235 1.3682666502992877
1236 1.3682666502992877
1237 1.5477595237813189
1238 1.5477595237813189
1239 1.0714464357083122
1240 1.0714464357083122
1241 1.2726412841035037
1242 1.2726412841035037
1243 0.9345586763895829
1244 0.9345586763895829
1245 1.2506876461510175
1246 1.2506876461510175
1247 2.2820258643660822
1248 2.2820258643660822
1249 1.36500596539677
1250 1.36500596539677
1251 1.0564533185252512
1252 1.0564533185252512
1253 3.552356453530143
1254 3.552356453530143
1255 4.783354658770916
1256 4.783354658770916
1257 3.3563044024648416
1258 3.3563044024648416
1259 2.7809750086390657
1260 2.7809750086390657
1261 3.3579915624387295
1262 3.3579915624387295
1263 0.8215416920769494
1264 0.8215416920769494
1265 1.5201688826693243
1266 1.5201688826693243
1267 2.0326574831926614
1268 2.0326574831926614
1269 7.567494529421861
1270 7.567494529421861
1271 4.765965576215107
1272 4.765965576215107
1273 3.029205441525741
1274 3.029205441525741
1275 3.5350447401649165
1276 3.5350447401649165
1277 2.767740927048245
1278 2.767740927048245
1279 1.6479232759749143
1280 1.6479232759749143
1281 3.090667002339737
1282 3.090667002339737
1283 3.1327265012195236
1284 3.1327265012195236
1285 5.850601538838804
1286 5.850601538838804
1287 2.2329493137152325
1288 2.2329493137152325
1289 0.1
1290 0.1
1291 3.6439329408947505
1292 3.6439329408947505
1293 3.3323511279094764
1294 3.3323511279094764
1295 0.6100006254951333
1296 0.6100006254951333
1297 4.096082293408269
1298 4.096082293408269
1299 3.8476661297400288
1300 3.8476661297400288
1301 2.440917508481177
1302 2.440917508481177
1303 3.0811981680855074
1304 3.0811981680855074
1305 4.327506478158594
1306 4.327506478158594
1307 4.07640710841359
1308 4.07640710841359
1309 1.7072204291563509
1310 1.7072204291563509
1311 4.1316410112611415
1312 4.1316410112611415
1313 1.8799429341504732
1314 1.8799429341504732
1315 4.52731535367864
1316 4.52731535367864
1317 3.6859305438150787
1318 3.6859305438150787
1319 0.1
1320 0.1
1321 2.3510103789256727
1322 2.3510103789256727
1323 4.94730072612129
1324 4.94730072612129
1325 2.668641785946999
1326 2.668641785946999
1327 6.09261417359192
1328 6.09261417359192
1329 1.892071970891229
1330 1.892071970891229
1331 3.9965628273471827
1332 3.9965628273471827
1333 1.8847867261540798
1334 1.8847867261540798
1335 4.07634733434781
1336 4.07634733434781
1337 0.4381012948957843
1338 0.4381012948957843
1339 4.4422359878933495
1340 4.4422359878933495
1341 3.9209963338202787
1342 3.9209963338202787
1343 2.0172189455347023
1344 2.0172189455347023
1345 3.2424077057360807
1346 3.2424077057360807
1347 2.0208802343859835
1348 2.0208802343859835
1349 2.6194684165504722
1350 2.6194684165504722
1351 3.3199658041862126
1352 3.3199658041862126
1353 2.947181453672194
1354 2.947181453672194
1355 4.796858954047005
1356 4.796858954047005
1357 2.9999514061578605
1358 2.9999514061578605
1359 2.937195535250357
1360 2.937195535250357
1361 1.743975364555643
1362 1.743975364555643
1363 2.4528938503830395
1364 2.4528938503830395
1365 1.9489951376434322
1366 1.9489951376434322
1367 2.6031569498728095
1368 2.6031569498728095
1369 2.24393020897595
1370 2.24393020897595
1371 2.9511626342742745
1372 2.9511626342742745
1373 5.479671806520956
1374 5.479671806520956
1375 4.350665434723856
1376 4.350665434723856
1377 5.404580776442332
1378 5.404580776442332
1379 3.127318984830966
1380 3.127318984830966
1381 2.37523884835505
1382 2.37523884835505
1383 1.521176091848004
1384 1.521176091848004
1385 1.2041073283927521
1386 1.2041073283927521
1387 1.4485612957375802
1388 1.4485612957375802
1389 2.326900148332377
1390 2.326900148332377
1391 2.1568078892808673
1392 2.1568078892808673
1393 6.914159240898823
1394 6.914159240898823
1395 4.249180552889255
1396 4.249180552889255
1397 3.5277633110161406
1398 3.5277633110161406
1399 3.7841232853466944
1400 3.7841232853466944
1401 3.026951683984891
1402 3.026951683984891
1403 2.8692857404941323
1404 2.8692857404941323
1405 4.3665438283899505
1406 4.3665438283899505
1407 2.850684396042669
1408 2.850684396042669
1409 3.6539572225636623
1410 3.6539572225636623
1411 2.177144373617226
1412 2.177144373617226
1413 3.1448837385725863
1414 3.1448837385725863
1415 2.3875246163843458
1416 2.3875246163843458
1417 2.5233560236780233
1418 2.5233560236780233
1419 5.431408314054638
1420 5.431408314054638
1421 4.007854836362425
1422 4.007854836362425
1423 4.770042064969891
1424 4.770042064969891
1425 3.302295746907729
1426 3.302295746907729
1427 2.792505641813779
1428 2.792505641813779
1429 4.025493417730104
1430 4.025493417730104
1431 3.9548479702728607
1432 3.9548479702728607
1433 3.090679557977012
1434 3.090679557977012
1435 0.7970854388185931
1436 0.7970854388185931
1437 0.1
1438 0.1
1439 5.200692011407607
1440 5.200692011407607
1441 2.6418034066673926
1442 2.6418034066673926
1443 2.438037047033601
1444 2.438037047033601
1445 4.4329733715285915
1446 4.4329733715285915
1447 2.7249396290804277
1448 2.7249396290804277
1449 2.9970960045063753
1450 2.9970960045063753
1451 4.282069218957817
1452 4.282069218957817
1453 4.149761708568041
1454 4.149761708568041
1455 3.7948822057581313
1456 3.7948822057581313
1457 3.0533021808484135
1458 3.0533021808484135
1459 1.9692806721038691
1460 1.9692806721038691
1461 3.2345928557444723
1462 3.2345928557444723
1463 3.22807225405119
1464 3.22807225405119
1465 2.3420122813779907
1466 2.3420122813779907
1467 3.5263808889841943
1468 3.5263808889841943
1469 3.3775151730605346
1470 3.3775151730605346
1471 4.111336810098146
1472 4.111336810098146
1473 2.055418519002621
1474 2.055418519002621
1475 2.0112602653877643
1476 2.0112602653877643
1477 0.1
1478 0.1
1479 3.138290231774875
1480 3.138290231774875
1481 2.347940679706667
1482 2.347940679706667
1483 1.9934893670858873
1484 1.9934893670858873
1485 4.249960138532014
1486 4.249960138532014
1487 1.5497626444315782
1488 1.5497626444315782
1489 2.798961116963833
1490 2.798961116963833
1491 4.2965293436557825
1492 4.2965293436557825
1493 3.0141188009202176
1494 3.0141188009202176
1495 5.036229874069527
1496 5.036229874069527
1497 1.144683232470768
1498 1.144683232470768
1499 0.49573739604750644
1500 0.49573739604750644
1501 5.405186155628034
1502 5.405186155628034
1503 3.0163383167631603
1504 3.0163383167631603
1505 2.7491569265506484
1506 2.7491569265506484
1507 1.946563160839152
1508 1.946563160839152
1509 2.1371650433006617
1510 2.1371650433006617
1511 5.272659392019708
1512 5.272659392019708
1513 1.1022565511719138
1514 1.1022565511719138
1515 1.639587014595744
1516 1.639587014595744
1517 3.2316404270538825
1518 3.2316404270538825
1519 0.32342790352897843
1520 0.32342790352897843
1521 3.2235254242461657
1522 3.2235254242461657
1523 3.4276466934698018
1524 3.4276466934698018
1525 1.4968354550152214
1526 1.4968354550152214
1527 4.779688680581499
1528 4.779688680581499
1529 3.373165866169552
1530 3.373165866169552
1531 3.655974064335721
1532 3.655974064335721
1533 3.863922366767347
1534 3.863922366767347
1535 3.5059089012614995
1536 3.5059089012614995
1537 0.7360070164935575
1538 0.7360070164935575
1539 2.160754291495979
1540 2.160754291495979
1541 3.2112375491303498
1542 3.2112375491303498
1543 3.666857995616545
1544 3.666857995616545
1545 4.751833389178479
1546 4.751833389178479
1547 3.8987778762947394
1548 3.8987778762947394
1549 1.6730516935897835
1550 1.6730516935897835
1551 0.7595297344863841
1552 0.7595297344863841
1553 1.4353814877337234
1554 1.4353814877337234
1555 0.5808548108948717
1556 0.5808548108948717
1557 1.4216983642922751
1558 1.4216983642922751
1559 0.6113568907983409
1560 0.6113568907983409
1561 1.0357772870626154
1562 1.0357772870626154
1563 0.5380249613106138
1564 0.5380249613106138
1565 1.4386066210824144
1566 1.4386066210824144
1567 0.6038709206935655
1568 0.6038709206935655
1569 0.8563162728760543
1570 0.8563162728760543
1571 1.6192763380260442
1572 1.6192763380260442
1573 1.2541759490183035
1574 1.2541759490183035
1575 1.6200372906451799
1576 1.6200372906451799
1577 0.8601640523239051
1578 0.8601640523239051
1579 1.11501627604186
1580 1.11501627604186
1581 1.158984394514705
1582 1.158984394514705
1583 0.8025889213627012
1584 0.8025889213627012
1585 0.6595172184869665
1586 0.6595172184869665
1587 2.0579705198883356
1588 2.0579705198883356
1589 1.471797699012921
1590 1.471797699012921
1591 2.061549962970732
1592 2.061549962970732
1593 0.1
1594 0.1
1595 1.6644770396581183
1596 1.6644770396581183
1597 1.6286083371199167
1598 1.6286083371199167
1599 1.457614641408187
1600 1.457614641408187
1601 0.24935020910759131
1602 0.24935020910759131
1603 1.3954509195574045
1604 1.3954509195574045
1605 0.8978053335542394
1606 0.8978053335542394
1607 0.9432358311955243
1608 0.9432358311955243
1609 0.7755666036024231
1610 0.7755666036024231
1611 2.421570970489742
1612 2.421570970489742
1613 1.392901858313412
1614 1.392901858313412
1615 1.0818481993909301
1616 1.0818481993909301
1617 0.1
1618 0.1
1619 1.3958557651063828
1620 1.3958557651063828
1621 1.1231819873034707
1622 1.1231819873034707
1623 0.6305448286155722
1624 0.6305448286155722
1625 0.4518265081772843
1626 0.4518265081772843
1627 1.024553233203491
1628 1.024553233203491
1629 0.8518263970246868
1630 0.8518263970246868
1631 1.2878528924401058
1632 1.2878528924401058
1633 1.280619002301217
1634 1.280619002301217
1635 1.8358942516141414
1636 1.8358942516141414
1637 0.42407326338415396
1638 0.42407326338415396
1639 1.1380154362672852
1640 1.1380154362672852
1641 1.9928793004036593
1642 1.9928793004036593
1643 0.7355344969037747
1644 0.7355344969037747
1645 1.3429246431257829
1646 1.3429246431257829
1647 0.8113376264933657
1648 0.8113376264933657
1649 0.5960969866167382
1650 0.5960969866167382
1651 1.007581757263847
1652 1.007581757263847
1653 2.632615788090773
1654 2.632615788090773
1655 1.1208559131068863
1656 1.1208559131068863
1657 0.8813460281176435
1658 0.8813460281176435
1659 1.6682563079985622
1660 1.6682563079985622
1661 1.232769253862376
1662 1.232769253862376
1663 1.628427114202162
1664 1.628427114202162
1665 1.3654162201836395
1666 1.3654162201836395
1667 0.7090027245394481
1668 0.7090027245394481
1669 0.1
1670 0.1
1671 0.8393187395774684
1672 0.8393187395774684
1673 0.8842768037982296
1674 0.8842768037982296
1675 1.6252087426033728
1676 1.6252087426033728
1677 1.5138239750208364
1678 1.5138239750208364
1679 0.9743408185363137
1680 0.9743408185363137
1681 1.6853279112049215
1682 1.6853279112049215
1683 1.534280009805999
1684 1.534280009805999
1685 2.4493500863715854
1686 2.4493500863715854
1687 1.3847631693219555
1688 1.3847631693219555
1689 0.12154358876632476
1690 0.12154358876632476
1691 0.7550067911178052
1692 0.7550067911178052
1693 1.4465646183321794
1694 1.4465646183321794
1695 0.9387508602668553
1696 0.9387508602668553
1697 1.7162428000601826
1698 1.7162428000601826
1699 1.4008507361345726
1700 1.4008507361345726
1701 0.4845886494113979
1702 0.4845886494113979
1703 1.9523132581425924
1704 1.9523132581425924
1705 0.8512347916953096
1706 0.8512347916953096
1707 2.6319091929730014
1708 2.6319091929730014
1709 1.777810539332561
1710 1.777810539332561
1711 1.19447333139445
1712 1.19447333139445
1713 0.50239425827102
1714 0.50239425827102
1715 2.0318670030919392
1716 2.0318670030919392
1717 1.3672081043354396
1718 1.3672081043354396
1719 0.9502965813444896
1720 0.9502965813444896
1721 1.4203341682140196
1722 1.4203341682140196
1723 1.1577767996487645
1724 1.1577767996487645
1725 0.9862858041493603
1726 0.9862858041493603
1727 1.1322630174796358
1728 1.1322630174796358
1729 1.374005507846945
1730 1.374005507846945
1731 0.19135562936623818
1732 0.19135562936623818
1733 0.1
1734 0.1
1735 1.8250430031875369
1736 1.8250430031875369
1737 1.847490521863409
1738 1.847490521863409
1739 4.663335946866779
1740 4.663335946866779
1741 3.0957738603528338
1742 3.0957738603528338
1743 6.20715506268532
1744 6.20715506268532
1745 5.659045365297772
1746 5.659045365297772
1747 2.0878637554743213
1748 2.0878637554743213
1749 0.8550938579843401
1750 0.8550938579843401
1751 3.3680692596934505
1752 3.3680692596934505
1753 3.0287526384307992
1754 3.0287526384307992
1755 5.983700291018983
1756 5.983700291018983
1757 3.6208492804713615
1758 3.6208492804713615
1759 7.9784201432271
1760 7.9784201432271
1761 3.3655172951127703
1762 3.3655172951127703
1763 6.2575616208137905
1764 6.2575616208137905
1765 5.098050334937122
1766 5.098050334937122
1767 4.729984196763867
1768 4.729984196763867
1769 5.031851989318707
1770 5.031851989318707
1771 0.8204855061385912
1772 0.8204855061385912
1773 6.458547067894937
1774 6.458547067894937
1775 2.565521705611649
1776 2.565521705611649
1777 5.782882993569711
1778 5.782882993569711
1779 1.1037184627539038
1780 1.1037184627539038
1781 4.311262009526164
1782 4.311262009526164
1783 1.104177042530797
1784 1.104177042530797
1785 5.205803927836738
1786 5.205803927836738
1787 2.6377865562182308
1788 2.6377865562182308
1789 2.6030883412553565
1790 2.6030883412553565
1791 6.3781967475383095
1792 6.3781967475383095
1793 3.4649089917086093
1794 3.4649089917086093
1795 3.7320216654513074
1796 3.7320216654513074
1797 4.560356261288974
1798 4.560356261288974
1799 2.415624028087321
1800 2.415624028087321
1801 4.803487612074235
1802 4.803487612074235
1803 2.979254364893074
1804 2.979254364893074
1805 5.461615061965642
1806 5.461615061965642
1807 2.6018037878802094
1808 2.6018037878802094
1809 7.511265096858298
1810 7.511265096858298
1811 5.702903822678263
1812 5.702903822678263
1813 5.886466297138868
1814 5.886466297138868
1815 4.750461883292041
1816 4.750461883292041
1817 0.1437962349448627
1818 0.1437962349448627
1819 1.026373739688847
1820 1.026373739688847
1821 2.7825753889700677
1822 2.7825753889700677
1823 2.5331637455074443
1824 2.5331637455074443
1825 3.5431685785077702
1826 3.5431685785077702
1827 3.42667428310207
1828 3.42667428310207
1829 3.967438476695902
1830 3.967438476695902
1831 6.742049723633071
1832 6.742049723633071
1833 6.227587055404667
1834 6.227587055404667
1835 6.031748344951863
1836 6.031748344951863
1837 3.0678241773151544
1838 3.0678241773151544
1839 7.511112528472845
1840 7.511112528472845
1841 1.2910434573002707
1842 1.2910434573002707
1843 5.041294177475104
1844 5.041294177475104
1845 1.5151008853526
1846 1.5151008853526
1847 3.5603406583017208
1848 3.5603406583017208
1849 8.184386073811257
1850 8.184386073811257
1851 4.5551470395904445
1852 4.5551470395904445
1853 4.338279544526506
1854 4.338279544526506
1855 3.6462667777163116
1856 3.6462667777163116
1857 5.3030841739964325
1858 5.3030841739964325
1859 5.50257267650943
1860 5.50257267650943
1861 4.766546786666527
1862 4.766546786666527
1863 4.670539554780774
1864 4.670539554780774
1865 1.8805138391006557
1866 1.8805138391006557
1867 1.8752202627862393
1868 1.8752202627862393
1869 4.829105513080507
1870 4.829105513080507
1871 3.366169619420877
1872 3.366169619420877
1873 1.9464583810222258
1874 1.9464583810222258
1875 2.581149866618528
1876 2.581149866618528
1877 3.3192965667251753
1878 3.3192965667251753
1879 3.730193328112194
1880 3.730193328112194
1881 3.0020998675874573
1882 3.0020998675874573
1883 3.1484735176991334
1884 3.1484735176991334
1885 6.7863162838843945
1886 6.7863162838843945
1887 1.311560107010913
1888 1.311560107010913
1889 2.6179322825713767
1890 2.6179322825713767
1891 4.899313553993817
1892 4.899313553993817
1893 1.8080910544779605
1894 1.8080910544779605
1895 4.1507484633184095
1896 4.1507484633184095
1897 1.2793008542392652
1898 1.2793008542392652
1899 4.012973888675053
1900 4.012973888675053
1901 2.984428633537035
1902 2.9820256496977513
1903 2.9820256496977513
1904 2.3092467932867957
1905 2.3092467932867957
1906 2.105897044559173
1907 2.105897044559173
1908 4.190143302982605
1909 4.190143302982605
1910 4.1011811313639015
1911 4.1011811313639015
1912 1.0123814002499578
1913 1.0123814002499578
1914 2.0414860942813355
1915 2.0414860942813355
1916 4.191364898249637
1917 4.191364898249637
1918 1.2224646815990414
1919 1.2224646815990414
1920 3.2410068309759374
1921 3.2410068309759374
1922 1.3390069552025883
1923 1.3390069552025883
1924 2.8379021685908126
1925 2.8379021685908126
1926 2.4122692871933826
1927 2.4122692871933826
1928 0.1
1929 0.1
1930 1.520549278255096
1931 1.520549278255096
1932 3.241769178420188
1933 3.241769178420188
1934 1.5791553252414785
1935 1.5791553252414785
1936 2.7756086685469423
1937 2.7756086685469423
1938 4.179856169806682
1939 4.179856169806682
1940 2.002281437371784
1941 0.9531286310468619
1942 0.9531286310468619
1943 0.1
1944 0.1
1945 0.8694811983708126
1946 0.8694811983708126
1947 1.7015707544017393
1948 1.7015707544017393
1949 0.8020135204919556
1950 0.8020135204919556
1951 0.8802208621683192
1952 0.8802208621683192
1953 2.3700527064476864
1954 2.3700527064476864
1955 1.5026097783196144
1956 1.5026097783196144
1957 0.20902503647215886
1958 0.20902503647215886
1959 2.4402128924819055
1960 2.4402128924819055
1961 4.047819074093703
1962 4.047819074093703
1963 0.7987977588249342
1964 0.7987977588249342
1965 1.4342599684396184
1966 1.4342599684396184
1967 1.638194804830801
1968 1.638194804830801
1969 1.22172454274466
1970 1.22172454274466
1971 1.5736162263706912
1972 1.5736162263706912
1973 2.054211717492029
1974 2.054211717492029
1975 1.9955332170362625
1976 1.9955332170362625
1977 2.299283048227487
1978 2.299283048227487
1979 0.6360195413597204
1980 0.6360195413597204
1981 1.8383551841714783
1982 1.8383551841714783
1983 0.493066565265766
1984 0.493066565265766
1985 1.5825368043996877
1986 1.5825368043996877
1987 2.4489392302834743
1988 2.4489392302834743
1989 0.13175575203070644
1990 0.13175575203070644
1991 1.009913735507812
1992 1.009913735507812
1993 0.39230393718334633
1994 0.39230393718334633
1995 0.8908327591851763
1996 0.8908327591851763
1997 0.8066176395395227
1998 0.8066176395395227
1999 0.7582238668594862
