0 4.050087615306768
1 4.050087615306768
2 4.050087615306768
3 1.2450860885848232
4 1.2450860885848232
5 1.2450860885848232
6 2.5995107902083445
7 2.5995107902083445
8 2.5995107902083445
9 7.808378924823147
10 7.808378924823147
11 7.808378924823147
12 5.358615684333696
13 5.358615684333696
14 5.358615684333696
15 3.293815970987383
16 3.293815970987383
17 3.293815970987383
18 9.967259415238495
19 9.967259415238495
20 9.967259415238495
21 5.571134516773639
22 5.571134516773639
23 5.571134516773639
24 4.679281825842855
25 4.679281825842855
26 4.679281825842855
27 4.495916027049563
28 4.495916027049563
29 4.495916027049563
30 6.624399282633393
31 6.624399282633393
32 6.624399282633393
33 3.63098294620105
34 3.63098294620105
35 3.63098294620105
36 5.8197633502332735
37 5.8197633502332735
38 5.8197633502332735
39 3.667360318822158
40 3.667360318822158
41 3.667360318822158
42 3.402767266269921
43 3.402767266269921
44 3.402767266269921
45 4.4587021688018
46 4.4587021688018
47 4.4587021688018
48 6.945347268878594
49 6.945347268878594
50 6.945347268878594
51 9.162263801329413
52 9.162263801329413
53 9.162263801329413
54 5.360026599304659
55 5.360026599304659
56 5.360026599304659
57 5.688563900311978
58 5.688563900311978
59 5.688563900311978
60 5.485421220907041
61 5.485421220907041
62 5.485421220907041
63 6.536278038065367
64 6.536278038065367
65 6.536278038065367
66 4.527303173375732
67 4.527303173375732
68 4.527303173375732
69 4.427511185906722
70 4.427511185906722
71 4.427511185906722
72 4.804088326241327
73 4.804088326241327
74 4.804088326241327
75 2.7413266253967246
76 2.7413266253967246
77 2.7413266253967246
78 4.761726980488094
79 4.761726980488094
80 4.761726980488094
81 6.056762360929308
82 6.056762360929308
83 6.056762360929308
84 2.6270934833850674
85 2.6270934833850674
86 2.6270934833850674
87 3.634816581156132
88 3.634816581156132
89 3.634816581156132
90 3.9033217392907353
91 3.9033217392907353
92 3.9033217392907353
93 2.0133234447248545
94 2.0133234447248545
95 2.0133234447248545
96 6.507258295586931
97 6.507258295586931
98 6.507258295586931
99 7.2046910500445325
100 7.2046910500445325
101 7.2046910500445325
102 3.1074914805517126
103 3.1074914805517126
104 3.1074914805517126
105 3.82182428231868
106 3.82182428231868
107 3.82182428231868
108 3.023969578066218
109 3.023969578066218
110 3.023969578066218
111 0.1
112 0.1
113 0.1
114 1.1700632737647507
115 1.1700632737647507
116 1.1700632737647507
117 5.288281834764971
118 5.288281834764971
119 5.288281834764971
120 1.8278128103061642
121 1.8278128103061642
122 1.8278128103061642
123 8.050979735563125
124 8.050979735563125
125 8.050979735563125
126 6.138736510804408
127 6.138736510804408
128 6.138736510804408
129 1.2641893765455516
130 1.2641893765455516
131 1.2641893765455516
132 3.0618507759715454
133 3.0618507759715454
134 3.0618507759715454
135 9.123473231144324
136 9.123473231144324
137 9.123473231144324
138 2.8340916262333207
139 2.8340916262333207
140 2.8340916262333207
141 2.1887355517499403
142 2.1887355517499403
143 2.1887355517499403
144 1.564343978085764
145 1.564343978085764
146 1.564343978085764
147 1.128077013910808
148 1.128077013910808
149 1.128077013910808
150 1.5463152863137775
151 1.5463152863137775
152 1.5463152863137775
153 1.5021584776507824
154 1.5021584776507824
155 1.5021584776507824
156 1.431526931069091
157 1.431526931069091
158 1.431526931069091
159 0.1
160 0.1
161 0.1
162 1.9050053462419072
163 1.9050053462419072
164 1.9050053462419072
165 1.221719594221255
166 1.221719594221255
167 1.221719594221255
168 1.0108262626159346
169 1.0108262626159346
170 1.0108262626159346
171 1.5527254408976658
172 1.5527254408976658
173 1.5527254408976658
174 1.2491543754083712
175 1.2491543754083712
176 1.2491543754083712
177 0.9222653219234125
178 0.9222653219234125
179 0.9222653219234125
180 0.8141928959678654
181 0.8141928959678654
182 0.8141928959678654
183 1.3710375485513813
184 1.3710375485513813
185 1.3710375485513813
186 1.5594291789370012
187 1.5594291789370012
188 1.5594291789370012
189 1.0300682219599089
190 1.0300682219599089
191 1.0300682219599089
192 1.3161950693107993
193 1.3161950693107993
194 1.3161950693107993
195 2.9231076167854635
196 2.9231076167854635
197 2.9231076167854635
198 1.649369402219573
199 1.649369402219573
200 1.649369402219573
201 1.9748622418748927
202 1.9748622418748927
203 1.9748622418748927
204 2.2410663422760644
205 2.2410663422760644
206 2.2410663422760644
207 0.4629334893220185
208 0.4629334893220185
209 0.4629334893220185
210 2.440175389152591
211 2.440175389152591
212 2.440175389152591
213 1.5111065658826333
214 1.5111065658826333
215 1.5111065658826333
216 1.8644804560283201
217 1.8644804560283201
218 1.8644804560283201
219 0.7635389422333462
220 0.7635389422333462
221 0.7635389422333462
222 0.9459465721905614
223 0.9459465721905614
224 0.9459465721905614
225 2.2197502362695842
226 2.2197502362695842
227 2.2197502362695842
228 0.4643936148886103
229 0.4643936148886103
230 0.4643936148886103
231 0.7711209184940099
232 0.7711209184940099
233 0.7711209184940099
234 1.331267232069875
235 1.331267232069875
236 1.331267232069875
237 1.1556628488440301
238 1.1556628488440301
239 1.1556628488440301
240 2.1765640830017277
241 2.1765640830017277
242 2.1765640830017277
243 1.8264479855542852
244 1.8264479855542852
245 1.8264479855542852
246 2.190796010422787
247 2.190796010422787
248 2.190796010422787
249 1.3090833729420246
250 4.112644765464712
251 4.112644765464712
252 4.112644765464712
253 2.043132627613362
254 2.043132627613362
255 2.043132627613362
256 2.684842879399747
257 2.684842879399747
258 2.684842879399747
259 4.691805315157589
260 4.691805315157589
261 4.691805315157589
262 2.9706164283203584
263 2.9706164283203584
264 2.9706164283203584
265 4.51011409294284
266 4.51011409294284
267 4.51011409294284
268 3.9879768568939484
269 3.9879768568939484
270 3.9879768568939484
271 3.3344311952680896
272 3.3344311952680896
273 3.3344311952680896
274 4.53993336699194
275 4.53993336699194
276 4.53993336699194
277 4.290091250134316
278 4.290091250134316
279 4.290091250134316
280 4.029137317944061
281 4.029137317944061
282 4.029137317944061
283 2.684409667023182
284 2.684409667023182
285 2.684409667023182
286 1.1049202919021093
287 1.1049202919021093
288 1.1049202919021093
289 3.519369251013913
290 3.519369251013913
291 3.519369251013913
292 0.7963472507780116
293 0.7963472507780116
294 0.7963472507780116
295 2.5529447497959357
296 2.5529447497959357
297 2.5529447497959357
298 3.3392163921950564
299 3.3392163921950564
300 3.3392163921950564
301 3.613617726242854
302 3.613617726242854
303 3.613617726242854
304 4.344130161435316
305 4.344130161435316
306 4.344130161435316
307 2.347403135225174
308 2.347403135225174
309 2.347403135225174
310 4.617832614523391
311 4.617832614523391
312 4.617832614523391
313 3.9095700436854512
314 3.9095700436854512
315 3.9095700436854512
316 2.9325953408717766
317 2.9325953408717766
318 2.9325953408717766
319 1.1355600419957457
320 1.1355600419957457
321 1.1355600419957457
322 4.38419514919975
323 4.38419514919975
324 4.38419514919975
325 2.995016443059144
326 2.995016443059144
327 2.995016443059144
328 0.1
329 0.1
330 0.1
331 4.537736150925117
332 4.537736150925117
333 3.4083906664251815
334 3.4083906664251815
335 3.4083906664251815
336 2.141334156405592
337 2.141334156405592
338 2.141334156405592
339 1.1522278906557966
340 1.1522278906557966
341 1.1522278906557966
342 1.6368304526563664
343 1.6368304526563664
344 1.6368304526563664
345 1.4180329901652298
346 1.4180329901652298
347 1.4180329901652298
348 1.0943439943555697
349 1.0943439943555697
350 1.0943439943555697
351 1.4559035358564927
352 1.4559035358564927
353 1.4559035358564927
354 1.980838110382104
355 1.980838110382104
356 1.980838110382104
357 0.7532717190447508
358 0.7532717190447508
359 0.7532717190447508
360 1.3577598070611692
361 1.3577598070611692
362 1.3577598070611692
363 1.1339694748489035
364 1.1339694748489035
365 1.1339694748489035
366 2.6980027939414026
367 2.6980027939414026
368 2.6980027939414026
369 1.3307674417839896
370 1.3307674417839896
371 1.3307674417839896
372 1.5340783707609718
373 1.5340783707609718
374 1.5340783707609718
375 1.1349872762566648
376 1.1349872762566648
377 1.1349872762566648
378 0.7671073893958584
379 0.7671073893958584
380 0.7671073893958584
381 2.2311252413399583
382 2.2311252413399583
383 2.2311252413399583
384 1.8786872848276015
385 1.8786872848276015
386 1.8786872848276015
387 1.1405069717545002
388 1.1405069717545002
389 1.1405069717545002
390 1.8525550574974938
391 1.8525550574974938
392 1.8525550574974938
393 2.127224282911286
394 2.127224282911286
395 2.127224282911286
396 2.4046027048887515
397 2.4046027048887515
398 2.4046027048887515
399 2.5442404339395495
400 2.5442404339395495
401 2.5442404339395495
402 1.6770189019649695
403 1.6770189019649695
404 0.20669402134328876
405 0.20669402134328876
406 0.20669402134328876
407 0.208657198519971
408 0.208657198519971
409 0.208657198519971
410 0.2584850680646734
411 0.2584850680646734
412 0.2584850680646734
413 0.1
414 0.1
415 0.1
416 0.2625733654928543
417 0.2625733654928543
418 0.2625733654928543
419 0.24208547462942137
420 0.24208547462942137
421 0.24208547462942137
422 0.25139503597843843
423 0.25139503597843843
424 0.25139503597843843
425 0.15719668190181155
426 0.15719668190181155
427 0.15719668190181155
428 0.3268267556188105
429 0.3268267556188105
430 0.3268267556188105
431 0.29496156873494195
432 0.29496156873494195
433 0.29496156873494195
434 0.2164208397130128
435 0.2164208397130128
436 0.2164208397130128
437 0.2240801034396862
438 0.2240801034396862
439 0.2240801034396862
440 0.20577668625121398
441 0.20577668625121398
442 0.20577668625121398
443 0.35558533928602676
444 0.35558533928602676
445 0.35558533928602676
446 0.2064013641200529
447 0.2064013641200529
448 0.2064013641200529
449 0.37528261864027085
450 0.37528261864027085
451 0.37528261864027085
452 0.1
453 0.1
454 0.1
455 0.3225560105717683
456 0.3225560105717683
457 0.3225560105717683
458 0.14190202783092137
459 0.14190202783092137
460 0.14190202783092137
461 0.26968782574554395
462 0.26968782574554395
463 0.26968782574554395
464 0.20531969109355125
465 0.20531969109355125
466 0.20531969109355125
467 0.25880213052636364
468 0.25880213052636364
469 0.25880213052636364
470 0.13081633775549345
471 0.13081633775549345
472 0.13081633775549345
473 0.20114470690372213
474 0.20114470690372213
475 0.20114470690372213
476 0.2523725671466771
477 0.2523725671466771
478 0.2523725671466771
479 0.1
480 0.1
481 0.1
482 0.22234606460323003
483 0.22234606460323003
484 0.22234606460323003
485 0.2613667007040059
486 0.2613667007040059
487 0.2613667007040059
488 0.26481461926686534
489 0.26481461926686534
490 0.26481461926686534
491 0.19842860243226393
492 0.19842860243226393
493 0.19842860243226393
494 0.14865280683310184
495 0.14865280683310184
496 0.14865280683310184
497 0.2632287788241732
498 0.2632287788241732
499 0.2632287788241732
500 0.2634725039287864
501 0.2634725039287864
502 0.2634725039287864
503 0.23072285911740684
504 0.23072285911740684
505 0.23072285911740684
506 0.10513100069180704
507 0.10513100069180704
508 0.10513100069180704
509 0.1
510 0.1
511 0.1
512 0.18738405441038436
513 0.18738405441038436
514 0.18738405441038436
515 0.33578853577754386
516 0.33578853577754386
517 0.33578853577754386
518 0.281216242928977
519 0.281216242928977
520 0.281216242928977
521 0.3257252248995657
522 0.3257252248995657
523 0.3257252248995657
524 1.4632375668130273
525 1.4632375668130273
526 1.4632375668130273
527 2.804272064211085
528 2.804272064211085
529 2.804272064211085
530 2.096700630847024
531 2.1931371423431654
532 2.1931371423431654
533 2.1931371423431654
534 2.0629350864972715
535 2.0629350864972715
536 2.0629350864972715
537 0.431329013907058
538 0.431329013907058
539 0.431329013907058
540 0.5860505056415672
541 0.5860505056415672
542 0.5860505056415672
543 2.3675185168442368
544 2.3675185168442368
545 2.3675185168442368
546 1.9560399201574947
547 1.9560399201574947
548 1.9560399201574947
549 2.702733723667574
550 2.702733723667574
551 2.702733723667574
552 1.361973078116738
553 1.361973078116738
554 1.361973078116738
555 1.0198321680527622
556 1.0198321680527622
557 1.0198321680527622
558 1.6897033817905627
559 1.6897033817905627
560 1.6897033817905627
561 1.2129297834982373
562 1.2129297834982373
563 1.2129297834982373
564 1.6939629095312807
565 1.6939629095312807
566 1.6939629095312807
567 1.5394918127105197
568 1.5394918127105197
569 1.5394918127105197
570 1.902774289828816
571 1.902774289828816
572 1.902774289828816
573 1.6219448023372445
574 1.6219448023372445
575 1.6219448023372445
576 2.444014365918955
577 2.444014365918955
578 2.444014365918955
579 2.412256341134161
580 2.412256341134161
581 2.412256341134161
582 2.4111981620205065
583 2.4111981620205065
584 2.4111981620205065
585 1.764285909389714
586 1.764285909389714
587 1.764285909389714
588 0.7331336500018706
589 0.7331336500018706
590 0.7331336500018706
591 1.8140758629688243
592 1.8140758629688243
593 1.8140758629688243
594 0.7921081292251707
595 0.7921081292251707
596 0.7921081292251707
597 2.057362379772748
598 2.057362379772748
599 2.057362379772748
600 1.0631492275110217
601 1.0631492275110217
602 1.0631492275110217
603 0.635165235955619
604 0.635165235955619
605 0.635165235955619
606 0.560802191461681
607 0.560802191461681
608 0.560802191461681
609 1.307787714348841
610 1.307787714348841
611 1.307787714348841
612 1.9614844816446033
613 1.9614844816446033
614 1.9614844816446033
615 0.756764112493736
616 0.756764112493736
617 0.756764112493736
618 1.424525512624173
619 1.424525512624173
620 1.424525512624173
621 2.04761762421596
622 2.04761762421596
623 2.04761762421596
624 1.7819240037527644
625 1.7819240037527644
626 1.7819240037527644
627 1.1113729346370174
628 1.1113729346370174
629 1.1113729346370174
630 0.2838490231128057
631 0.2838490231128057
632 0.2838490231128057
633 1.9700417526747973
634 1.9700417526747973
635 1.9700417526747973
636 1.68688098643252
637 1.68688098643252
638 1.68688098643252
639 1.5658304970912726
640 1.5658304970912726
641 1.5658304970912726
642 1.0293609348657118
643 1.0293609348657118
644 1.0293609348657118
645 1.9330588454959048
646 1.9330588454959048
647 1.9330588454959048
648 1.7454424087461429
649 1.7454424087461429
650 1.7454424087461429
651 1.1780873448736675
652 1.1780873448736675
653 1.1780873448736675
654 1.779685868491853
655 1.779685868491853
656 1.779685868491853
657 1.356167494794141
658 1.356167494794141
659 1.356167494794141
660 1.9341030960422165
661 1.9341030960422165
662 1.9341030960422165
663 2.4071121534187996
664 2.4071121534187996
665 2.4071121534187996
666 1.3916266453216943
667 1.3916266453216943
668 1.3916266453216943
669 2.137455733531452
670 2.137455733531452
671 2.137455733531452
672 0.7774084203740461
673 0.7774084203740461
674 0.7774084203740461
675 1.21697995238349
676 1.21697995238349
677 1.21697995238349
678 1.7648389792854227
679 1.7648389792854227
680 1.7648389792854227
681 2.021381225462951
682 2.021381225462951
683 2.021381225462951
684 1.587419227761944
685 1.587419227761944
686 1.587419227761944
687 1.3501762859350612
688 1.3501762859350612
689 1.3501762859350612
690 2.0875895572937666
691 2.0875895572937666
692 2.0875895572937666
693 1.7944287073739862
694 1.7944287073739862
695 1.7944287073739862
696 1.4285648308433654
697 1.4285648308433654
698 1.4285648308433654
699 1.2112604176156152
700 1.2112604176156152
701 1.2112604176156152
702 0.772951299861123
703 0.772951299861123
704 0.772951299861123
705 1.455506529963517
706 1.455506529963517
707 1.455506529963517
708 1.5113408261037677
709 1.5113408261037677
710 1.5113408261037677
711 0.1
712 0.1
713 0.1
714 2.2380971328680763
715 2.2380971328680763
716 2.2380971328680763
717 0.8875997656426455
718 0.8875997656426455
719 0.8875997656426455
720 2.4180854228194772
721 2.4180854228194772
722 2.4180854228194772
723 1.2511301215465085
724 1.2511301215465085
725 0.7217158932658352
726 0.7217158932658352
727 0.7217158932658352
728 1.1683208944751884
729 1.1683208944751884
730 1.1683208944751884
731 0.6091454348493314
732 0.6091454348493314
733 0.6091454348493314
734 2.5179664601995047
735 2.5179664601995047
736 2.5179664601995047
737 1.0675713194274759
738 1.0675713194274759
739 1.0675713194274759
740 1.1512736372996
741 1.1512736372996
742 1.1512736372996
743 0.6743011313816967
744 0.6743011313816967
745 0.6743011313816967
746 1.5674904215311865
747 1.5674904215311865
748 1.5674904215311865
749 1.328318955828604
750 1.328318955828604
751 1.328318955828604
752 1.1528106578759545
753 1.1528106578759545
754 1.1528106578759545
755 1.8431058194453351
756 1.8431058194453351
757 1.8431058194453351
758 0.5114099717228788
759 0.5114099717228788
760 0.5114099717228788
761 1.5244968723000791
762 1.5244968723000791
763 1.5244968723000791
764 0.1
765 0.1
766 0.1
767 0.7611943494110185
768 0.7611943494110185
769 0.7611943494110185
770 2.27546840821062
771 2.27546840821062
772 2.27546840821062
773 0.9124768240318697
774 0.9124768240318697
775 0.9124768240318697
776 0.6397786295056944
777 0.6397786295056944
778 0.6397786295056944
779 1.217572874186397
780 1.217572874186397
781 1.217572874186397
782 1.0785987043261822
783 1.0785987043261822
784 1.0785987043261822
785 1.237527104331103
786 1.237527104331103
787 1.237527104331103
788 0.9781806737092906
789 0.9781806737092906
790 0.9781806737092906
791 0.6164066990910348
792 0.6164066990910348
793 0.6164066990910348
794 1.3337852980893217
795 1.3337852980893217
796 1.3337852980893217
797 0.991471179177382
798 0.991471179177382
799 0.991471179177382
800 0.6638974655619888
801 0.6638974655619888
802 0.6638974655619888
803 0.6946818162730708
804 0.6946818162730708
805 0.6946818162730708
806 0.673915069880952
807 0.673915069880952
808 0.673915069880952
809 0.8632868323631542
810 0.8632868323631542
811 0.8632868323631542
812 0.866927359092271
813 0.866927359092271
814 0.866927359092271
815 0.8152636529875478
816 0.8152636529875478
817 0.8152636529875478
818 1.3432429525846972
819 1.3432429525846972
820 1.3432429525846972
821 0.9915989329127599
822 0.9915989329127599
823 0.9915989329127599
824 1.7081703807812776
825 1.7081703807812776
826 1.7081703807812776
827 1.4115586841521095
828 1.4115586841521095
829 1.4115586841521095
830 0.9879845076636756
831 0.9879845076636756
832 0.9879845076636756
833 0.8996676734645576
834 0.8996676734645576
835 3.4980618544023057
836 3.4980618544023057
837 3.4980618544023057
838 1.5870129633622991
839 1.5870129633622991
840 1.5870129633622991
841 1.7561619072352759
842 1.7561619072352759
843 1.7561619072352759
844 2.389599426926257
845 2.389599426926257
846 2.389599426926257
847 2.071325727106493
848 2.071325727106493
849 2.071325727106493
850 2.230988630126011
851 2.230988630126011
852 2.230988630126011
853 1.3574863331458782
854 1.3574863331458782
855 1.3574863331458782
856 1.479341904787282
857 1.479341904787282
858 1.479341904787282
859 1.1402940822674832
860 1.1402940822674832
861 1.1402940822674832
862 1.2289934835208611
863 1.2289934835208611
864 1.2289934835208611
865 1.4728041406964008
866 1.4728041406964008
867 1.4728041406964008
868 1.4683033426906271
869 1.4683033426906271
870 1.4683033426906271
871 2.8149927594259756
872 2.8149927594259756
873 2.8149927594259756
874 1.4714442532167293
875 1.4714442532167293
876 1.4714442532167293
877 1.2833331461756143
878 1.2833331461756143
879 1.2833331461756143
880 0.8184678122940892
881 0.8184678122940892
882 0.8184678122940892
883 1.542983472354041
884 1.542983472354041
885 1.542983472354041
886 1.1051666185341347
887 1.1051666185341347
888 1.1051666185341347
889 2.0102600449930006
890 2.0102600449930006
891 2.0102600449930006
892 2.216669948008298
893 2.216669948008298
894 2.216669948008298
895 4.077542826097481
896 4.077542826097481
897 4.077542826097481
898 2.6606803189079793
899 2.6606803189079793
900 2.6606803189079793
901 1.2332519132931536
902 1.2332519132931536
903 1.2332519132931536
904 2.277050487657132
905 2.277050487657132
906 2.277050487657132
907 0.5955366832158175
908 0.5955366832158175
909 0.5955366832158175
910 1.9573050022702199
911 1.9573050022702199
912 1.9573050022702199
913 1.423398739610047
914 1.423398739610047
915 1.423398739610047
916 1.0687878389643612
917 1.0687878389643612
918 1.0687878389643612
919 0.1
920 0.1
921 0.1
922 3.6005888421363634
923 3.6005888421363634
924 3.6005888421363634
925 2.0084365915802005
926 2.0084365915802005
927 2.0084365915802005
928 1.6460760099508536
929 1.6460760099508536
930 1.6460760099508536
931 0.8565118699665724
932 0.8565118699665724
933 0.8565118699665724
934 0.1
935 0.1
936 0.1
937 1.9287876490474036
938 2.555547010983161
939 2.555547010983161
940 2.555547010983161
941 1.652956055786174
942 1.652956055786174
943 1.652956055786174
944 2.639816756830035
945 2.639816756830035
946 2.639816756830035
947 3.6386884890031217
948 3.6386884890031217
949 3.6386884890031217
950 0.6952245328888917
951 0.6952245328888917
952 0.6952245328888917
953 7.009575390688396
954 7.009575390688396
955 7.009575390688396
956 2.5848927567586615
957 2.5848927567586615
958 2.5848927567586615
959 4.461095228739506
960 4.461095228739506
961 4.461095228739506
962 4.975105400366492
963 4.975105400366492
964 4.975105400366492
965 1.390325214456623
966 1.390325214456623
967 1.390325214456623
968 6.811207984977319
969 6.811207984977319
970 6.811207984977319
971 7.469293933387655
972 7.469293933387655
973 7.469293933387655
974 2.8104632261394578
975 2.8104632261394578
976 2.8104632261394578
977 3.9383922157188715
978 3.9383922157188715
979 3.9383922157188715
980 0.6423729562642277
981 0.6423729562642277
982 0.6423729562642277
983 5.531621196789399
984 5.531621196789399
985 5.531621196789399
986 3.3640994290059174
987 3.3640994290059174
988 3.3640994290059174
989 0.8066087005527072
990 0.8066087005527072
991 0.8066087005527072
992 3.8444873103488946
993 3.8444873103488946
994 3.8444873103488946
995 3.60031801674958
996 3.60031801674958
997 3.60031801674958
998 3.4917448079266347
999 3.4917448079266347
1000 3.4917448079266347
1001 6.9817423228666335
1002 6.9817423228666335
1003 6.9817423228666335
1004 2.5429344136399434
1005 2.5429344136399434
1006 2.5429344136399434
1007 6.885752337324193
1008 6.885752337324193
1009 6.885752337324193
1010 3.7675144928671673
1011 3.7675144928671673
1012 3.7675144928671673
1013 6.324642840930226
1014 6.324642840930226
1015 6.324642840930226
1016 0.36367418918193906
1017 0.36367418918193906
1018 0.36367418918193906
1019 4.26840300644331
1020 4.26840300644331
1021 4.26840300644331
1022 3.329964229740601
1023 3.329964229740601
1024 3.329964229740601
1025 4.0977187222298666
1026 4.0977187222298666
1027 4.0977187222298666
1028 5.013038137819372
1029 5.013038137819372
1030 0.8529952821716794
1031 0.8529952821716794
1032 0.8529952821716794
1033 0.7531799081885189
1034 0.7531799081885189
1035 0.7531799081885189
1036 0.6061815508413527
1037 0.6061815508413527
1038 0.6061815508413527
1039 0.8761666695314855
1040 0.8761666695314855
1041 0.8761666695314855
1042 0.711058140191466
1043 0.711058140191466
1044 0.711058140191466
1045 0.5237335504334379
1046 0.5237335504334379
1047 0.5237335504334379
1048 0.41986503771738165
1049 0.41986503771738165
1050 0.41986503771738165
1051 0.5759668585889961
1052 0.5759668585889961
1053 0.5759668585889961
1054 0.6064128521718087
1055 0.6064128521718087
1056 0.6064128521718087
1057 0.5595165582873878
1058 0.5595165582873878
1059 0.5595165582873878
1060 2.1960278311563544
1061 2.1960278311563544
1062 2.1960278311563544
1063 2.02859055274174
1064 2.02859055274174
1065 2.02859055274174
1066 0.1
1067 0.1
1068 0.1
1069 1.7511787198045514
1070 0.405448704521547
1071 0.405448704521547
1072 0.405448704521547
1073 0.8373417129662835
1074 0.8373417129662835
1075 0.8373417129662835
1076 1.152809374130561
1077 1.152809374130561
1078 1.152809374130561
1079 1.2938505901583828
1080 1.2938505901583828
1081 1.2938505901583828
1082 0.5670610933670217
1083 0.5670610933670217
1084 0.5670610933670217
1085 0.5594724899690354
1086 0.5594724899690354
1087 0.5594724899690354
1088 0.2802509540558299
1089 0.2802509540558299
1090 0.2802509540558299
1091 0.3221018560328698
1092 0.3221018560328698
1093 0.3221018560328698
1094 1.6239437961050667
1095 1.6239437961050667
1096 1.6239437961050667
1097 0.4795642093597694
1098 0.4795642093597694
1099 0.4795642093597694
1100 1.2436992412076788
1101 1.2436992412076788
1102 1.2436992412076788
1103 0.48653187835714895
1104 0.48653187835714895
1105 0.48653187835714895
1106 1.2076258486763851
1107 1.2076258486763851
1108 1.2076258486763851
1109 1.523723346178806
1110 1.523723346178806
1111 1.523723346178806
1112 0.9635316974200345
1113 0.9635316974200345
1114 0.9635316974200345
1115 0.8789713399397787
1116 0.8789713399397787
1117 0.8789713399397787
1118 1.218275415868575
1119 1.218275415868575
1120 1.218275415868575
1121 1.3739753371969166
1122 1.3739753371969166
1123 1.3739753371969166
1124 1.933966699317316
1125 1.933966699317316
1126 1.933966699317316
1127 1.3330244728716858
1128 1.3330244728716858
1129 1.3330244728716858
1130 0.3176792873419779
1131 0.3176792873419779
1132 0.3176792873419779
1133 0.7877410542338212
1134 0.7877410542338212
1135 0.7877410542338212
1136 0.7449677966216491
1137 0.7449677966216491
1138 0.7449677966216491
1139 0.7848441867602989
1140 0.7848441867602989
1141 0.7848441867602989
1142 0.6021476698068605
1143 0.6021476698068605
1144 0.6021476698068605
1145 1.5507751747701701
1146 1.5507751747701701
1147 1.5507751747701701
1148 0.7423879069934396
1149 0.7423879069934396
1150 0.7423879069934396
1151 1.3634180797884174
1152 1.3634180797884174
1153 1.3634180797884174
1154 0.8636896500384083
1155 0.8636896500384083
1156 0.8636896500384083
1157 0.30297118694877123
1158 0.30297118694877123
1159 0.30297118694877123
1160 1.865699334212239
1161 1.865699334212239
1162 1.865699334212239
1163 0.416542758223326
1164 0.416542758223326
1165 0.416542758223326
1166 0.8222505580561501
1167 0.8222505580561501
1168 0.8222505580561501
1169 1.177194055051255
1170 1.177194055051255
1171 1.177194055051255
1172 1.687471740145177
1173 1.687471740145177
1174 1.687471740145177
1175 1.3770353743073764
1176 1.3770353743073764
1177 1.3770353743073764
1178 1.2933904186883955
1179 1.2933904186883955
1180 1.2933904186883955
1181 1.1928702774497895
1182 1.1928702774497895
1183 1.1928702774497895
1184 1.2021122070283556
1185 1.2021122070283556
1186 1.2021122070283556
1187 1.3195510397916914
1188 1.3195510397916914
1189 1.3195510397916914
1190 0.688611328080511
1191 0.688611328080511
1192 0.688611328080511
1193 1.0777123330357696
1194 1.0777123330357696
1195 1.0777123330357696
1196 0.772788547582439
1197 0.772788547582439
1198 0.772788547582439
1199 1.015209876858905
1200 1.015209876858905
1201 1.015209876858905
1202 1.9349211332727236
1203 1.9349211332727236
1204 1.9349211332727236
1205 1.410470757516271
1206 1.410470757516271
1207 1.410470757516271
1208 0.6787959330956982
1209 0.6787959330956982
1210 0.6787959330956982
1211 2.1511193566865883
1212 2.1511193566865883
1213 2.1511193566865883
1214 2.347692480691788
1215 2.347692480691788
1216 2.347692480691788
1217 1.3325389061346287
1218 1.3325389061346287
1219 1.3325389061346287
1220 0.640830073557696
1221 0.640830073557696
1222 0.640830073557696
1223 0.922556736506377
1224 0.1518615683912188
1225 0.1518615683912188
1226 0.1518615683912188
1227 0.2274142432193543
1228 0.2274142432193543
1229 0.2274142432193543
1230 0.10379187040016864
1231 0.10379187040016864
1232 0.10379187040016864
1233 0.1269548205052508
1234 0.1269548205052508
1235 0.1269548205052508
1236 0.289599385548414
1237 0.289599385548414
1238 0.289599385548414
1239 0.21305848734450689
1240 0.21305848734450689
1241 0.21305848734450689
1242 0.23239070688284222
1243 0.23239070688284222
1244 0.23239070688284222
1245 0.2539350011134832
1246 0.2539350011134832
1247 0.2539350011134832
1248 0.3564126962817416
1249 0.3564126962817416
1250 0.3564126962817416
1251 0.3665857223265038
1252 0.3665857223265038
1253 0.3665857223265038
1254 0.17419656266396208
1255 0.17419656266396208
1256 0.17419656266396208
1257 0.2535501785454169
1258 0.2535501785454169
1259 0.2535501785454169
1260 0.26883632174867056
1261 0.26883632174867056
1262 0.26883632174867056
1263 0.23410350147112355
1264 0.23410350147112355
1265 0.23410350147112355
1266 0.13007358105164024
1267 0.13007358105164024
1268 0.13007358105164024
1269 0.2650947132953738
1270 0.2650947132953738
1271 0.2650947132953738
1272 0.22592745153156768
1273 0.5645049836314255
1274 0.5645049836314255
1275 0.5645049836314255
1276 1.2755378269791093
1277 1.2755378269791093
1278 1.2755378269791093
1279 1.3945420355870635
1280 1.3945420355870635
1281 1.3945420355870635
1282 0.9238653297974008
1283 0.9238653297974008
1284 0.9238653297974008
1285 0.842857646048606
1286 0.842857646048606
1287 0.842857646048606
1288 1.6622134847939147
1289 1.6622134847939147
1290 1.6622134847939147
1291 1.615382569632475
1292 1.615382569632475
1293 1.615382569632475
1294 1.3357100203138024
1295 1.3357100203138024
1296 1.3357100203138024
1297 0.942678810089836
1298 0.9612210774067077
1299 0.9612210774067077
1300 0.9612210774067077
1301 1.902587403410784
1302 3.6517387030978212
1303 3.6517387030978212
1304 3.6517387030978212
1305 1.7790514990268855
1306 1.7790514990268855
1307 1.7790514990268855
1308 0.1
1309 0.1
1310 0.1
1311 2.396885703994786
1312 2.396885703994786
1313 2.396885703994786
1314 3.0424608241762505
1315 3.0424608241762505
1316 3.0424608241762505
1317 5.091318328176762
1318 5.091318328176762
1319 5.091318328176762
1320 3.0730625057851246
1321 3.0730625057851246
1322 3.0730625057851246
1323 3.460714232635525
1324 3.460714232635525
1325 3.460714232635525
1326 4.3935953954098395
1327 4.3935953954098395
1328 4.3935953954098395
1329 2.3569890313713078
1330 2.3569890313713078
1331 2.3569890313713078
1332 6.044666699096576
1333 6.044666699096576
1334 6.044666699096576
1335 3.3931787984280666
1336 3.3931787984280666
1337 3.3931787984280666
1338 3.4579254797603913
1339 3.4579254797603913
1340 3.4579254797603913
1341 4.333594475439598
1342 4.333594475439598
1343 4.333594475439598
1344 6.210714621212878
1345 6.210714621212878
1346 6.210714621212878
1347 5.237101633726098
1348 5.237101633726098
1349 5.237101633726098
1350 5.237624644326091
1351 5.237624644326091
1352 5.237624644326091
1353 4.111654836524283
1354 4.111654836524283
1355 4.111654836524283
1356 3.903563878482989
1357 3.903563878482989
1358 3.903563878482989
1359 5.209411826561387
1360 5.209411826561387
1361 5.209411826561387
1362 2.9810464879685754
1363 2.9810464879685754
1364 2.9810464879685754
1365 5.168076242310752
1366 5.168076242310752
1367 5.168076242310752
1368 5.624696571867757
1369 5.624696571867757
1370 5.624696571867757
1371 4.89479511326272
1372 4.89479511326272
1373 4.89479511326272
1374 6.471761191314432
1375 6.471761191314432
1376 6.471761191314432
1377 5.420214635503149
1378 5.420214635503149
1379 5.420214635503149
1380 2.2068546206310433
1381 2.2068546206310433
1382 2.2068546206310433
1383 3.2233728100297125
1384 3.2233728100297125
1385 3.2233728100297125
1386 3.378705750459315
1387 3.378705750459315
1388 3.378705750459315
1389 1.1865174945778874
1390 1.1865174945778874
1391 1.1865174945778874
1392 2.010407528241922
1393 2.010407528241922
1394 2.010407528241922
1395 1.1038914869649585
1396 1.1038914869649585
1397 1.1038914869649585
1398 4.176923356388972
1399 4.176923356388972
1400 4.176923356388972
1401 2.2634765289256147
1402 2.2634765289256147
1403 2.2634765289256147
1404 4.707576415976231
1405 4.707576415976231
1406 4.707576415976231
1407 2.6790231183660325
1408 2.6790231183660325
1409 2.6790231183660325
1410 2.514345464252765
1411 2.514345464252765
1412 2.514345464252765
1413 2.6339972372823364
1414 2.6339972372823364
1415 2.6339972372823364
1416 4.539884319086604
1417 4.539884319086604
1418 4.539884319086604
1419 2.733728653585125
1420 2.733728653585125
1421 2.733728653585125
1422 2.8469695546742297
1423 2.8469695546742297
1424 2.8469695546742297
1425 2.616112652025059
1426 2.616112652025059
1427 2.616112652025059
1428 2.535729842824761
1429 2.535729842824761
1430 2.535729842824761
1431 3.573381194462821
1432 3.573381194462821
1433 3.573381194462821
1434 4.154404413883326
1435 4.154404413883326
1436 4.154404413883326
1437 4.1412270362024435
1438 4.1412270362024435
1439 4.1412270362024435
1440 1.7922207762228586
1441 1.7922207762228586
1442 1.7922207762228586
1443 2.2056436611199928
1444 2.2056436611199928
1445 2.2056436611199928
1446 3.902977112752584
1447 3.902977112752584
1448 3.902977112752584
1449 3.2972975286514066
1450 3.2972975286514066
1451 3.2972975286514066
1452 1.371033147478714
1453 1.371033147478714
1454 1.371033147478714
1455 1.2014501263463777
1456 1.2014501263463777
1457 2.607255524706149
1458 2.607255524706149
1459 2.607255524706149
1460 1.4898527592300956
1461 1.4898527592300956
1462 1.4898527592300956
1463 4.385194686363572
1464 4.385194686363572
1465 4.385194686363572
1466 3.5922325341716306
1467 3.5922325341716306
1468 3.5922325341716306
1469 4.295062126025083
1470 4.295062126025083
1471 4.295062126025083
1472 2.814507939480558
1473 2.814507939480558
1474 2.814507939480558
1475 2.9670739104477915
1476 2.9670739104477915
1477 2.9670739104477915
1478 5.730859017344113
1479 5.730859017344113
1480 5.730859017344113
1481 7.396047302962613
1482 7.396047302962613
1483 7.396047302962613
1484 5.572283218648128
1485 5.572283218648128
1486 2.5656710280418724
1487 2.5656710280418724
1488 2.8600088390732568
1489 2.8600088390732568
1490 2.8600088390732568
1491 3.497743201986807
1492 3.497743201986807
1493 3.497743201986807
1494 5.362471409020058
1495 5.362471409020058
1496 5.362471409020058
1497 3.1728238289417146
1498 3.1728238289417146
1499 3.1728238289417146
1500 4.330955818668618
1501 4.330955818668618
1502 4.330955818668618
1503 2.000303543130612
1504 2.000303543130612
1505 2.000303543130612
1506 5.665664939871014
1507 5.665664939871014
1508 5.665664939871014
1509 2.1578306618535468
1510 2.1578306618535468
1511 2.1578306618535468
1512 1.296525202110626
1513 1.296525202110626
1514 1.296525202110626
1515 4.580017493885239
1516 4.580017493885239
1517 4.580017493885239
1518 1.37070281052375
1519 1.37070281052375
1520 1.37070281052375
1521 2.229768615462297
1522 2.229768615462297
1523 2.229768615462297
1524 8.412898166141689
1525 8.412898166141689
1526 8.412898166141689
1527 5.929258085493473
1528 5.929258085493473
1529 5.929258085493473
1530 5.918868262197358
1531 5.918868262197358
1532 5.918868262197358
1533 1.1513334731443101
1534 1.1513334731443101
1535 1.1513334731443101
1536 1.7512859422651164
1537 1.7512859422651164
1538 1.7512859422651164
1539 4.274572784975024
1540 4.274572784975024
1541 4.274572784975024
1542 3.900601405885328
1543 3.900601405885328
1544 3.900601405885328
1545 5.053947997795995
1546 5.053947997795995
1547 5.053947997795995
1548 3.9221213066831244
1549 3.9221213066831244
1550 3.9221213066831244
1551 4.7646329032821875
1552 4.7646329032821875
1553 4.7646329032821875
1554 0.8960145338305914
1555 0.8960145338305914
1556 0.8960145338305914
1557 2.5181689861010037
1558 2.5181689861010037
1559 2.5181689861010037
1560 1.469818410683635
1561 1.469818410683635
1562 1.469818410683635
1563 2.1930755948788283
1564 2.1930755948788283
1565 2.1930755948788283
1566 2.349986974942834
1567 2.349986974942834
1568 2.349986974942834
1569 0.5535028737618326
1570 0.5535028737618326
1571 0.5535028737618326
1572 1.0270641468831054
1573 1.0270641468831054
1574 1.0270641468831054
1575 1.5715775498562854
1576 1.5715775498562854
1577 1.5715775498562854
1578 2.5037239074708673
1579 2.5037239074708673
1580 2.5037239074708673
1581 1.5714385059611558
1582 1.5714385059611558
1583 1.5714385059611558
1584 1.8686242107242153
1585 1.8686242107242153
1586 1.8686242107242153
1587 1.6967365670714107
1588 1.6967365670714107
1589 1.6967365670714107
1590 2.536943037942256
1591 2.536943037942256
1592 2.536943037942256
1593 2.8011740789997854
1594 2.8011740789997854
1595 2.8011740789997854
1596 2.540786437452625
1597 2.540786437452625
1598 2.540786437452625
1599 1.389025114591181
1600 1.389025114591181
1601 1.389025114591181
1602 1.3993983327573911
1603 1.3993983327573911
1604 1.3993983327573911
1605 2.833450979711668
1606 2.833450979711668
1607 2.833450979711668
1608 1.0091674508502542
1609 1.0091674508502542
1610 1.0091674508502542
1611 2.4739541068500333
1612 2.4739541068500333
1613 2.4739541068500333
1614 2.9671243339386835
1615 2.9671243339386835
1616 2.9671243339386835
1617 2.489629533288926
1618 2.489629533288926
1619 2.489629533288926
1620 1.6011937754135896
1621 1.6011937754135896
1622 1.6011937754135896
1623 1.3839071544802783
1624 1.3839071544802783
1625 1.3839071544802783
1626 2.3513485961196787
1627 2.3513485961196787
1628 2.3513485961196787
1629 1.4896382791961988
1630 1.4896382791961988
1631 1.4896382791961988
1632 2.3801351118653225
1633 2.3801351118653225
1634 2.3801351118653225
1635 0.40228143347720624
1636 0.40228143347720624
1637 0.40228143347720624
1638 1.6902179645595494
1639 1.6902179645595494
1640 1.6902179645595494
1641 1.252403045064987
1642 1.252403045064987
1643 1.252403045064987
1644 0.856549481160003
1645 0.856549481160003
1646 0.856549481160003
1647 2.409259318153628
1648 2.409259318153628
1649 2.409259318153628
1650 1.156818588142898
1651 1.156818588142898
1652 1.156818588142898
1653 2.323038999380788
1654 2.323038999380788
1655 2.323038999380788
1656 1.4175357050357105
1657 1.4175357050357105
1658 1.4175357050357105
1659 2.683619287026624
1660 2.683619287026624
1661 2.683619287026624
1662 2.610937174864296
1663 2.610937174864296
1664 2.610937174864296
1665 1.6901563615999398
1666 0.30723253579509324
1667 0.30723253579509324
1668 0.30723253579509324
1669 0.18082153663048356
1670 0.18082153663048356
1671 0.18082153663048356
1672 0.2561015468005377
1673 0.2561015468005377
1674 0.2561015468005377
1675 0.12165164045851723
1676 0.12165164045851723
1677 0.12165164045851723
1678 0.24807488698377073
1679 0.24807488698377073
1680 0.24807488698377073
1681 0.1
1682 0.1
1683 0.1
1684 0.1
1685 0.1
1686 0.1
1687 0.1
1688 0.1
1689 0.1
1690 0.1366337403396809
1691 0.1366337403396809
1692 0.1366337403396809
1693 0.4583389448303721
1694 0.4583389448303721
1695 0.4583389448303721
1696 0.26323804976095855
1697 0.26323804976095855
1698 0.26323804976095855
1699 0.23546142464292227
1700 0.23546142464292227
1701 0.23546142464292227
1702 0.2277577636189547
1703 0.2277577636189547
1704 0.2277577636189547
1705 0.14715750833464292
1706 0.14715750833464292
1707 0.14715750833464292
1708 0.1
1709 0.1
1710 0.1
1711 0.1016726023952761
1712 0.1016726023952761
1713 0.1016726023952761
1714 0.2877976934394319
1715 0.2877976934394319
1716 0.2877976934394319
1717 0.1945798418445519
1718 0.1945798418445519
1719 0.1945798418445519
1720 0.19080813845475067
1721 0.19080813845475067
1722 0.19080813845475067
1723 0.27854640229164307
1724 0.27854640229164307
1725 0.27854640229164307
1726 0.26545215198166977
1727 0.26545215198166977
1728 0.26545215198166977
1729 0.22202313226576265
1730 0.22202313226576265
1731 0.22202313226576265
1732 0.1
1733 0.1
1734 0.1
1735 0.261920851506622
1736 0.261920851506622
1737 0.261920851506622
1738 0.3343514978946265
1739 0.3343514978946265
1740 0.3343514978946265
1741 0.2017731744050181
1742 0.2017731744050181
1743 0.2017731744050181
1744 0.22838325338846677
1745 0.22838325338846677
1746 0.22838325338846677
1747 0.1
1748 0.1
1749 0.1
1750 0.23830604555533114
1751 0.23830604555533114
1752 0.23830604555533114
1753 0.2058548251051589
1754 0.2058548251051589
1755 0.609115718597318
1756 3.302329490001142
1757 3.302329490001142
1758 3.302329490001142
1759 4.943644507972091
1760 4.943644507972091
1761 4.943644507972091
1762 2.9055865014822215
1763 2.9055865014822215
1764 2.9055865014822215
1765 1.884932223140762
1766 1.884932223140762
1767 1.884932223140762
1768 0.1
1769 0.1
1770 0.1
1771 3.7795256786907694
1772 3.7795256786907694
1773 3.7795256786907694
1774 1.3257933158003197
1775 1.3257933158003197
1776 1.3257933158003197
1777 3.5209200359614767
1778 3.5209200359614767
1779 3.5209200359614767
1780 0.9387918779946727
1781 0.9387918779946727
1782 0.9387918779946727
1783 4.512855149376678
1784 4.512855149376678
1785 4.512855149376678
1786 1.857430697767179
1787 1.857430697767179
1788 1.857430697767179
1789 3.1551708156460148
1790 3.1551708156460148
1791 3.1551708156460148
1792 3.728264120737345
1793 3.728264120737345
1794 3.728264120737345
1795 4.733035776381001
1796 4.733035776381001
1797 4.733035776381001
1798 3.7594717062735654
1799 3.7594717062735654
1800 3.7594717062735654
1801 4.078342992236697
1802 4.078342992236697
1803 4.078342992236697
1804 2.382731660578919
1805 2.382731660578919
1806 2.382731660578919
1807 4.271765291568938
1808 4.271765291568938
1809 4.271765291568938
1810 4.935937454766879
1811 4.935937454766879
1812 4.935937454766879
1813 4.37723815279249
1814 4.37723815279249
1815 4.37723815279249
1816 3.797705690496948
1817 3.797705690496948
1818 3.797705690496948
1819 6.127306029575597
1820 6.127306029575597
1821 6.127306029575597
1822 5.037893863857812
1823 5.037893863857812
1824 5.037893863857812
1825 2.249436347418245
1826 2.249436347418245
1827 2.249436347418245
1828 1.73889233017089
1829 1.73889233017089
1830 1.73889233017089
1831 3.0700147212065376
1832 3.0700147212065376
1833 3.0700147212065376
1834 1.992854756567953
1835 1.992854756567953
1836 1.992854756567953
1837 4.755561869234613
1838 4.755561869234613
1839 4.755561869234613
1840 6.283516412048286
1841 6.283516412048286
1842 6.283516412048286
1843 3.036441096300712
1844 3.036441096300712
1845 3.036441096300712
1846 4.645108136919511
1847 4.645108136919511
1848 4.645108136919511
1849 2.828654242716666
1850 2.828654242716666
1851 2.828654242716666
1852 3.6124246123215817
1853 3.6124246123215817
1854 3.6124246123215817
1855 1.1791957947327596
1856 1.1791957947327596
1857 1.1791957947327596
1858 3.7120816168994244
1859 3.7120816168994244
1860 3.7120816168994244
1861 5.267420591010155
1862 5.267420591010155
1863 5.267420591010155
1864 3.106724556527328
1865 3.106724556527328
1866 3.106724556527328
1867 5.995896795111718
1868 5.995896795111718
1869 5.995896795111718
1870 3.318829488950219
1871 3.318829488950219
1872 3.318829488950219
1873 0.8261199413235518
1874 0.8261199413235518
1875 0.8261199413235518
1876 0.8578008122548444
1877 0.8578008122548444
1878 0.8578008122548444
1879 2.726613339879499
1880 2.726613339879499
1881 2.726613339879499
1882 3.021501707497406
1883 3.021501707497406
1884 3.021501707497406
1885 3.16096755741872
1886 3.16096755741872
1887 3.16096755741872
1888 4.893150549385055
1889 4.893150549385055
1890 4.893150549385055
1891 3.669512548600337
1892 3.669512548600337
1893 3.669512548600337
1894 2.412667106370993
1895 2.412667106370993
1896 2.412667106370993
1897 5.0876661693242795
1898 5.0876661693242795
1899 5.0876661693242795
1900 3.39577678883755
1901 3.39577678883755
1902 3.39577678883755
1903 2.7800012916294907
1904 2.7800012916294907
1905 2.7800012916294907
1906 3.0371825695958043
1907 3.0371825695958043
1908 3.0371825695958043
1909 4.491202119653161
1910 4.491202119653161
1911 4.491202119653161
1912 2.6036876804134543
1913 2.6036876804134543
1914 2.6036876804134543
1915 3.7304749725854327
1916 3.7304749725854327
1917 3.7304749725854327
1918 3.918685633480877
1919 3.918685633480877
1920 3.918685633480877
1921 1.928290295508988
1922 1.928290295508988
1923 1.928290295508988
1924 3.1155857026380165
1925 3.1155857026380165
1926 3.1155857026380165
1927 6.316857709679455
1928 6.316857709679455
1929 6.316857709679455
1930 4.888671663087686
1931 4.888671663087686
1932 4.888671663087686
1933 2.9752727797306493
1934 2.9752727797306493
1935 2.9752727797306493
1936 3.1337598760258185
1937 3.1337598760258185
1938 3.1337598760258185
1939 4.567398801749449
1940 4.567398801749449
1941 4.567398801749449
1942 5.0734639893164255
1943 5.0734639893164255
1944 5.0734639893164255
1945 1.3280528032391272
1946 1.3280528032391272
1947 1.3280528032391272
1948 4.033347245231866
1949 4.033347245231866
1950 4.033347245231866
1951 3.4897242548167564
1952 3.4897242548167564
1953 3.4897242548167564
1954 3.353107009966194
1955 3.353107009966194
1956 3.353107009966194
1957 2.471483646659806
1958 2.471483646659806
1959 2.471483646659806
1960 4.900883724592793
1961 4.900883724592793
1962 4.900883724592793
1963 4.620168353526711
1964 4.620168353526711
1965 4.620168353526711
1966 4.670489500704994
1967 4.670489500704994
1968 4.670489500704994
1969 3.644295111018715
1970 3.644295111018715
1971 3.644295111018715
1972 4.401078692993782
1973 4.401078692993782
1974 4.401078692993782
1975 3.9850454035543597
1976 3.9850454035543597
1977 3.9850454035543597
1978 3.483749950322752
1979 3.483749950322752
1980 3.483749950322752
1981 6.198133018778936
1982 6.198133018778936
1983 6.198133018778936
1984 1.6983585253852238
1985 1.6983585253852238
1986 1.6983585253852238
1987 2.5834940994859554
1988 2.5834940994859554
1989 2.5834940994859554
1990 5.6259307282784565
1991 5.6259307282784565
1992 5.6259307282784565
1993 4.922672883324067
1994 4.922672883324067
1995 4.922672883324067
1996 0.1
1997 0.1
1998 0.1
1999 1.177202251817219
