0 1.7825880241666743
1 1.7825880241666743
2 1.7825880241666743
3 2.808945565495268
4 2.808945565495268
5 2.808945565495268
6 2.222839430458723
7 2.222839430458723
8 2.222839430458723
9 1.677276418697127
10 1.677276418697127
11 1.677276418697127
12 1.102544755582736
13 1.102544755582736
14 1.102544755582736
15 2.1434173157452507
16 2.1434173157452507
17 2.1434173157452507
18 1.4398081093276773
19 1.4398081093276773
20 1.4398081093276773
21 1.9642872712633415
22 1.9642872712633415
23 1.9642872712633415
24 2.4690057701826045
25 2.4690057701826045
26 2.4690057701826045
27 1.9429596015460961
28 1.9429596015460961
29 1.9429596015460961
30 2.55162387325093
31 2.55162387325093
32 2.55162387325093
33 1.9052238558199048
34 1.9052238558199048
35 1.9052238558199048
36 2.0023209012373533
37 2.0023209012373533
38 2.0023209012373533
39 1.7951962484191617
40 1.7951962484191617
41 1.7951962484191617
42 1.6058772753408035
43 1.6058772753408035
44 1.6058772753408035
45 1.3778550640686187
46 1.3778550640686187
47 1.3778550640686187
48 1.3965146311867862
49 1.3965146311867862
50 1.3965146311867862
51 1.6531991646462814
52 1.6531991646462814
53 1.6531991646462814
54 1.9519870583917298
55 1.9519870583917298
56 1.9519870583917298
57 2.2287444395168317
58 2.2287444395168317
59 2.2287444395168317
60 2.264650034051452
61 2.264650034051452
62 2.264650034051452
63 1.5150994954536332
64 1.5150994954536332
65 1.5150994954536332
66 2.407294226973471
67 2.407294226973471
68 2.407294226973471
69 2.9232912999381115
70 2.9232912999381115
71 2.9232912999381115
72 2.4409011133810075
73 2.4409011133810075
74 2.4409011133810075
75 1.979917364193688
76 1.979917364193688
77 1.979917364193688
78 1.214776068946776
79 1.214776068946776
80 1.214776068946776
81 1.77095803189648
82 1.77095803189648
83 1.77095803189648
84 1.8401583884322381
85 1.8401583884322381
86 1.8401583884322381
87 2.5978567961688235
88 2.5978567961688235
89 2.5978567961688235
90 2.8990037889372187
91 2.8990037889372187
92 2.8990037889372187
93 1.8738335161485646
94 1.8738335161485646
95 1.8738335161485646
96 1.9297374231807027
97 1.9297374231807027
98 1.9297374231807027
99 1.689505209609981
100 1.689505209609981
101 1.689505209609981
102 2.828166135904618
103 2.828166135904618
104 2.828166135904618
105 1.6100529079750276
106 1.6100529079750276
107 1.6100529079750276
108 2.94504200056808
109 2.94504200056808
110 2.94504200056808
111 1.7040750209342979
112 1.7040750209342979
113 1.7040750209342979
114 1.1169302275862072
115 1.1169302275862072
116 1.1169302275862072
117 1.7859185733751899
118 1.7859185733751899
119 1.7859185733751899
120 1.3668711557253488
121 1.3668711557253488
122 1.3668711557253488
123 1.9470953892433132
124 1.9470953892433132
125 1.9470953892433132
126 3.052547971548645
127 3.052547971548645
128 3.052547971548645
129 1.9911664428973401
130 1.9911664428973401
131 1.9911664428973401
132 3.412417600388923
133 3.412417600388923
134 3.412417600388923
135 1.648213779707649
136 1.648213779707649
137 1.648213779707649
138 2.6649915071130765
139 2.6649915071130765
140 2.6649915071130765
141 2.5713851255952695
142 2.5713851255952695
143 2.5713851255952695
144 1.7485645140533101
145 1.7485645140533101
146 1.7485645140533101
147 1.985851650019849
148 1.985851650019849
149 1.985851650019849
150 2.2886183243291844
151 2.2886183243291844
152 2.2886183243291844
153 2.7718321395918673
154 2.7718321395918673
155 2.7718321395918673
156 0.9197564836281495
157 0.9197564836281495
158 0.9197564836281495
159 1.791016853351966
160 1.791016853351966
161 1.791016853351966
162 1.5027571322742073
163 1.5027571322742073
164 1.5027571322742073
165 1.529420426792524
166 1.529420426792524
167 1.529420426792524
168 2.247652617419345
169 2.247652617419345
170 2.247652617419345
171 2.2495016163210217
172 2.2495016163210217
173 2.2495016163210217
174 2.3267080037186023
175 0.6684541289141338
176 0.6684541289141338
177 0.6684541289141338
178 0.5919568589458697
179 0.5919568589458697
180 0.5919568589458697
181 0.7282813307399739
182 0.7282813307399739
183 0.7282813307399739
184 0.34779143830317966
185 0.34779143830317966
186 0.34779143830317966
187 0.602199904802634
188 0.602199904802634
189 0.602199904802634
190 0.624065845691449
191 0.624065845691449
192 0.624065845691449
193 0.4436973394391859
194 0.4436973394391859
195 0.4436973394391859
196 0.7049762240073275
197 0.7049762240073275
198 0.7049762240073275
199 0.7980079650394788
200 0.7980079650394788
201 0.7980079650394788
202 0.7572467404283222
203 0.7572467404283222
204 0.7572467404283222
205 0.7083455162427346
206 0.7083455162427346
207 0.7083455162427346
208 0.6663894726521741
209 0.6663894726521741
210 0.6663894726521741
211 0.8143367616974964
212 0.8143367616974964
213 0.8143367616974964
214 0.790093791523778
215 0.790093791523778
216 0.790093791523778
217 0.8431172615199655
218 0.8431172615199655
219 0.8431172615199655
220 0.7343246277213943
221 0.7343246277213943
222 0.7343246277213943
223 0.5766913257056596
224 0.5766913257056596
225 0.5766913257056596
226 0.6030396110741179
227 0.6030396110741179
228 0.6030396110741179
229 0.457325478012798
230 0.457325478012798
231 0.457325478012798
232 0.5795012125137818
233 0.5795012125137818
234 0.5795012125137818
235 0.8266375918003099
236 0.8266375918003099
237 0.8266375918003099
238 0.639361574659106
239 0.639361574659106
240 0.639361574659106
241 0.5718170098677752
242 0.5718170098677752
243 0.5718170098677752
244 0.5381492033325443
245 0.5381492033325443
246 0.5381492033325443
247 0.7540527339521548
248 0.7540527339521548
249 0.7540527339521548
250 0.6654291602552574
251 0.6654291602552574
252 0.6654291602552574
253 0.4109543945457984
254 0.4109543945457984
255 0.4109543945457984
256 0.6736599002486056
257 0.6736599002486056
258 0.6736599002486056
259 0.5581502265631262
260 2.386993646062754
261 2.386993646062754
262 2.386993646062754
263 1.583110789147885
264 1.583110789147885
265 1.583110789147885
266 3.233055292341192
267 3.233055292341192
268 3.233055292341192
269 3.336175494145692
270 3.336175494145692
271 3.336175494145692
272 1.808272835595577
273 1.808272835595577
274 1.808272835595577
275 4.193243060040558
276 4.193243060040558
277 4.193243060040558
278 1.2913749000745864
279 1.2913749000745864
280 1.2913749000745864
281 1.243076831772958
282 1.243076831772958
283 1.243076831772958
284 2.583131665678022
285 2.583131665678022
286 2.583131665678022
287 1.099205734387718
288 1.099205734387718
289 1.099205734387718
290 0.6773284960377179
291 0.6773284960377179
292 0.6773284960377179
293 1.2176764920911145
294 1.2176764920911145
295 1.2176764920911145
296 1.2002991491084423
297 1.2002991491084423
298 1.2002991491084423
299 1.4074933169027124
300 1.4074933169027124
301 1.4074933169027124
302 1.1130863856367332
303 1.1130863856367332
304 1.1130863856367332
305 1.222297312593439
306 1.222297312593439
307 1.222297312593439
308 2.2133632959673406
309 2.2133632959673406
310 2.2133632959673406
311 2.87554946459605
312 2.87554946459605
313 2.87554946459605
314 3.8144221158843217
315 3.8144221158843217
316 3.8144221158843217
317 3.7343652553480498
318 3.7343652553480498
319 3.7343652553480498
320 4.831056536436485
321 4.831056536436485
322 4.831056536436485
323 3.935192854368153
324 3.935192854368153
325 3.935192854368153
326 3.982548817720894
327 3.982548817720894
328 3.984780242893197
329 3.984780242893197
330 3.984780242893197
331 4.283164396632094
332 4.283164396632094
333 4.283164396632094
334 5.213923441986456
335 5.213923441986456
336 5.213923441986456
337 4.554915643918015
338 4.554915643918015
339 4.554915643918015
340 4.513750946317825
341 4.513750946317825
342 4.513750946317825
343 5.0974034693561014
344 5.0974034693561014
345 5.0974034693561014
346 4.582361721017009
347 4.582361721017009
348 4.582361721017009
349 4.338773317120919
350 4.338773317120919
351 4.338773317120919
352 5.852959559185827
353 5.852959559185827
354 5.852959559185827
355 4.09632370972733
356 4.09632370972733
357 4.09632370972733
358 4.539476800314752
359 1.398715406756167
360 1.398715406756167
361 1.398715406756167
362 1.593704600868565
363 1.593704600868565
364 1.593704600868565
365 1.2400198749773197
366 1.2400198749773197
367 1.2400198749773197
368 1.2125590083814086
369 1.2125590083814086
370 1.2125590083814086
371 0.7966665301965958
372 0.7966665301965958
373 0.7966665301965958
374 1.544432972043399
375 1.544432972043399
376 1.544432972043399
377 1.4798223387971914
378 1.4798223387971914
379 1.4798223387971914
380 1.0279476641962542
381 1.0279476641962542
382 1.0279476641962542
383 1.141415323278631
384 1.141415323278631
385 1.141415323278631
386 1.4940116785348054
387 1.4940116785348054
388 1.4940116785348054
389 1.0692026616137151
390 1.0692026616137151
391 1.0692026616137151
392 0.9175200290134389
393 0.9175200290134389
394 0.9175200290134389
395 1.2224656776891356
396 1.2224656776891356
397 1.2224656776891356
398 1.144780992706567
399 1.144780992706567
400 1.144780992706567
401 1.179804521855017
402 1.179804521855017
403 1.179804521855017
404 1.241844328157167
405 1.241844328157167
406 1.241844328157167
407 1.0486440536957888
408 1.0486440536957888
409 1.0486440536957888
410 0.9000290046469329
411 0.9000290046469329
412 0.9000290046469329
413 1.1898193602105442
414 1.1898193602105442
415 1.1898193602105442
416 0.9983436925091015
417 0.9983436925091015
418 0.9983436925091015
419 1.203201171277453
420 1.203201171277453
421 1.203201171277453
422 1.4968526580954264
423 1.4968526580954264
424 1.4968526580954264
425 1.277990378748167
426 1.277990378748167
427 1.277990378748167
428 1.2578073494569058
429 1.2578073494569058
430 1.2578073494569058
431 1.6039815653716563
432 1.6039815653716563
433 1.6039815653716563
434 1.0508091413664278
435 1.0508091413664278
436 1.0508091413664278
437 1.447295615347526
438 1.447295615347526
439 1.447295615347526
440 0.7421336482445803
441 0.7421336482445803
442 0.7421336482445803
443 1.2800309848374716
444 1.2800309848374716
445 1.2800309848374716
446 1.2096369545415562
447 1.2096369545415562
448 1.2096369545415562
449 1.3172287757261376
450 1.3172287757261376
451 1.3172287757261376
452 1.4160925750233244
453 1.4160925750233244
454 1.4160925750233244
455 1.4041492570500216
456 1.4041492570500216
457 1.4041492570500216
458 0.7506028134925508
459 0.7506028134925508
460 0.7506028134925508
461 0.6478715800474177
462 0.6478715800474177
463 0.6478715800474177
464 1.5915667872535586
465 1.5915667872535586
466 1.5915667872535586
467 1.1993143190106705
468 1.1993143190106705
469 1.1993143190106705
470 1.4201429020542324
471 1.4201429020542324
472 1.4201429020542324
473 1.0696291303920789
474 1.0696291303920789
475 1.0696291303920789
476 1.1814011138894656
477 1.1814011138894656
478 1.1814011138894656
479 1.166007602511409
480 1.166007602511409
481 1.166007602511409
482 1.4006601695701921
483 1.4006601695701921
484 1.4006601695701921
485 1.1126013062844684
486 1.1126013062844684
487 1.1126013062844684
488 0.8302351859217112
489 0.8302351859217112
490 0.8302351859217112
491 1.2494048933965143
492 1.2494048933965143
493 1.2494048933965143
494 1.2723121734084706
495 1.2723121734084706
496 1.2723121734084706
497 0.7420779701473804
498 0.7420779701473804
499 0.7420779701473804
500 1.1780410123987122
501 1.1780410123987122
502 1.1780410123987122
503 0.33051907256134727
504 0.33051907256134727
505 0.33051907256134727
506 0.6833744501157535
507 0.6833744501157535
508 0.6833744501157535
509 0.8820399504198142
510 0.8820399504198142
511 0.8820399504198142
512 0.8499578904169461
513 0.8499578904169461
514 0.8499578904169461
515 1.4706515910601072
516 1.4706515910601072
517 1.4706515910601072
518 1.4531535537984135
519 1.4531535537984135
520 1.4531535537984135
521 1.3186420767177764
522 1.3186420767177764
523 1.3186420767177764
524 0.6544300224314898
525 0.6544300224314898
526 0.6544300224314898
527 1.0479680950192642
528 1.0479680950192642
529 1.0479680950192642
530 1.1654770792712326
531 1.1654770792712326
532 1.1654770792712326
533 1.7579615770827188
534 1.7579615770827188
535 1.7579615770827188
536 0.8013465312844192
537 0.8013465312844192
538 0.8013465312844192
539 0.44735661899319046
540 0.44735661899319046
541 0.44735661899319046
542 1.025947903278316
543 1.025947903278316
544 1.025947903278316
545 1.3764720299787947
546 1.3764720299787947
547 1.3764720299787947
548 1.0195933892813343
549 1.0195933892813343
550 1.0195933892813343
551 0.7494275677170206
552 0.7494275677170206
553 0.7494275677170206
554 1.177116707135213
555 1.177116707135213
556 1.177116707135213
557 1.3507018457824986
558 1.3507018457824986
559 1.3507018457824986
560 1.3266561345922803
561 1.3266561345922803
562 1.3266561345922803
563 1.1361467952369675
564 1.1361467952369675
565 1.1361467952369675
566 1.0905449070320228
567 1.0905449070320228
568 1.0905449070320228
569 1.0704513542750413
570 1.0704513542750413
571 1.0704513542750413
572 1.1905501157871816
573 1.1905501157871816
574 1.1905501157871816
575 1.1417775248451516
576 1.1417775248451516
577 1.1417775248451516
578 0.7341345874510765
579 0.7341345874510765
580 0.7341345874510765
581 1.016684371742799
582 1.016684371742799
583 1.016684371742799
584 0.390406582712234
585 0.390406582712234
586 0.390406582712234
587 0.6552556087209328
588 0.6552556087209328
589 0.6552556087209328
590 0.874210019877464
591 0.874210019877464
592 0.874210019877464
593 0.6532275153628709
594 0.6532275153628709
595 0.6532275153628709
596 0.5430288305117146
597 0.5430288305117146
598 0.5430288305117146
599 0.6772779215585103
600 0.6772779215585103
601 0.6772779215585103
602 0.4750938295171526
603 0.4750938295171526
604 0.4750938295171526
605 0.7254376345160397
606 0.7254376345160397
607 0.7254376345160397
608 0.6531582052116176
609 0.6531582052116176
610 0.6531582052116176
611 1.6653940805147425
612 1.6653940805147425
613 1.6653940805147425
614 0.9587559730030764
615 0.9587559730030764
616 0.9587559730030764
617 2.2711079982104234
618 2.2711079982104234
619 2.2711079982104234
620 1.6523369848884624
621 1.6523369848884624
622 1.6523369848884624
623 1.4178328707482293
624 1.4178328707482293
625 1.4178328707482293
626 2.2082321684679194
627 2.2082321684679194
628 2.2082321684679194
629 1.416674779059112
630 1.416674779059112
631 1.416674779059112
632 0.8903101613819349
633 0.8903101613819349
634 0.8903101613819349
635 1.3049079492988396
636 1.3049079492988396
637 1.3049079492988396
638 2.000246672160322
639 2.000246672160322
640 2.000246672160322
641 1.537486283119688
642 1.537486283119688
643 1.537486283119688
644 1.8010587008865921
645 1.8010587008865921
646 1.8010587008865921
647 1.0095715159521101
648 1.0095715159521101
649 1.0095715159521101
650 1.4639522471137052
651 1.4639522471137052
652 1.4639522471137052
653 1.297382011875667
654 1.297382011875667
655 1.297382011875667
656 2.0542365655920705
657 2.0542365655920705
658 2.0542365655920705
659 1.4172774870215892
660 1.4172774870215892
661 1.4172774870215892
662 1.1597130668639868
663 1.1597130668639868
664 1.1597130668639868
665 2.6604708395524446
666 2.6604708395524446
667 2.6604708395524446
668 1.76830363650947
669 1.76830363650947
670 1.76830363650947
671 1.2437968385351394
672 1.2437968385351394
673 1.2437968385351394
674 1.9302203458295448
675 1.9302203458295448
676 1.9302203458295448
677 1.3981350254090943
678 1.3981350254090943
679 1.3981350254090943
680 0.8311029329311016
681 0.8311029329311016
682 0.8311029329311016
683 1.4657628097315076
684 1.4657628097315076
685 1.4657628097315076
686 1.6973771168235794
687 1.6973771168235794
688 1.6973771168235794
689 1.5523038841338581
690 1.5523038841338581
691 1.5523038841338581
692 1.3696586638155348
693 1.3696586638155348
694 1.3696586638155348
695 0.9115887928227783
696 0.9115887928227783
697 0.9115887928227783
698 1.4968933456614213
699 1.4968933456614213
700 1.4968933456614213
701 1.190005344203502
702 1.190005344203502
703 1.190005344203502
704 1.978683308185709
705 1.978683308185709
706 1.978683308185709
707 1.6170802654505758
708 1.6170802654505758
709 1.6170802654505758
710 1.9728415017392846
711 1.9728415017392846
712 1.9728415017392846
713 1.262522967393092
714 1.262522967393092
715 1.262522967393092
716 2.300419678105353
717 2.300419678105353
718 2.300419678105353
719 1.74745010234073
720 1.74745010234073
721 1.74745010234073
722 1.5489157438880992
723 1.5489157438880992
724 1.5489157438880992
725 1.4186847706591985
726 1.4186847706591985
727 1.4186847706591985
728 2.1021035784002535
729 2.1021035784002535
730 2.1021035784002535
731 1.4112808487031685
732 1.4112808487031685
733 1.4112808487031685
734 1.2006324957954846
735 1.2006324957954846
736 1.2006324957954846
737 1.4013831099137941
738 1.4013831099137941
739 1.4013831099137941
740 1.2227801205384692
741 1.2227801205384692
742 1.2227801205384692
743 1.5697311011641866
744 1.5697311011641866
745 1.5697311011641866
746 1.7885110172757364
747 1.7885110172757364
748 1.7885110172757364
749 2.4786726285894747
750 2.4786726285894747
751 2.4786726285894747
752 1.4656033649829658
753 1.4656033649829658
754 1.4656033649829658
755 1.263478683233584
756 1.263478683233584
757 1.263478683233584
758 1.793891538710166
759 1.793891538710166
760 1.793891538710166
761 1.5518399617917686
762 1.5518399617917686
763 1.5518399617917686
764 0.9761528546941013
765 0.9761528546941013
766 0.9761528546941013
767 1.1562708517019864
768 1.1562708517019864
769 1.1562708517019864
770 1.7678469060519308
771 1.7678469060519308
772 1.7678469060519308
773 1.1487607896978889
774 1.1487607896978889
775 1.1487607896978889
776 1.4907464085832256
777 1.4907464085832256
778 1.4907464085832256
779 1.7923741432621005
780 1.7923741432621005
781 4.9495621424430345
782 4.9495621424430345
783 4.9495621424430345
784 3.055280174335524
785 3.055280174335524
786 3.055280174335524
787 3.911991094926525
788 3.911991094926525
789 3.911991094926525
790 4.199213595421442
791 4.199213595421442
792 4.199213595421442
793 3.4435431638613347
794 3.4435431638613347
795 3.4435431638613347
796 2.8996658676166276
797 2.8996658676166276
798 2.8996658676166276
799 4.242649849005244
800 4.242649849005244
801 4.242649849005244
802 4.911564300141963
803 4.911564300141963
804 4.911564300141963
805 4.9634329497632095
806 4.9634329497632095
807 4.9634329497632095
808 3.550184897478178
809 3.550184897478178
810 3.550184897478178
811 3.5808757380560503
812 3.5808757380560503
813 3.5808757380560503
814 1.1907790633020632
815 1.1907790633020632
816 1.1907790633020632
817 5.24485923573826
818 5.24485923573826
819 5.24485923573826
820 3.548124603607003
821 3.548124603607003
822 3.548124603607003
823 3.524511507446125
824 3.524511507446125
825 3.524511507446125
826 3.058001260125962
827 3.058001260125962
828 3.058001260125962
829 5.080524354094772
830 5.080524354094772
831 5.080524354094772
832 5.126986813887482
833 5.126986813887482
834 5.126986813887482
835 2.5027839579984197
836 2.5027839579984197
837 2.5027839579984197
838 3.2008842454851782
839 3.2008842454851782
840 3.2008842454851782
841 4.964693288610773
842 4.964693288610773
843 4.964693288610773
844 2.478636042570722
845 2.478636042570722
846 2.478636042570722
847 4.256785334178646
848 4.256785334178646
849 4.256785334178646
850 2.5362972936661294
851 2.5362972936661294
852 2.5362972936661294
853 3.016878807927726
854 3.016878807927726
855 3.016878807927726
856 4.520898509075426
857 4.520898509075426
858 4.520898509075426
859 2.6603434053606234
860 2.6603434053606234
861 2.6603434053606234
862 2.420935050624342
863 2.420935050624342
864 2.420935050624342
865 3.8868022803921556
866 3.8868022803921556
867 3.8868022803921556
868 2.407621341839318
869 2.407621341839318
870 2.407621341839318
871 3.3629278014526722
872 3.3629278014526722
873 3.3629278014526722
874 2.6139069877940675
875 2.6139069877940675
876 2.6139069877940675
877 2.4885290930259827
878 2.4885290930259827
879 2.387311770577411
880 2.387311770577411
881 2.387311770577411
882 2.131861279839349
883 2.131861279839349
884 2.131861279839349
885 3.091517167801526
886 3.091517167801526
887 3.091517167801526
888 3.6596786062349693
889 3.6596786062349693
890 3.6596786062349693
891 2.92375299159903
892 2.92375299159903
893 2.92375299159903
894 1.535835178773853
895 1.535835178773853
896 1.535835178773853
897 0.7653723270745434
898 0.7653723270745434
899 0.7653723270745434
900 2.6779034587398445
901 2.6779034587398445
902 2.6779034587398445
903 1.6977323802947444
904 1.6977323802947444
905 1.6977323802947444
906 2.755686628602519
907 2.755686628602519
908 2.755686628602519
909 2.473973869661288
910 2.473973869661288
911 2.473973869661288
912 2.0114766629847156
913 2.0114766629847156
914 2.0114766629847156
915 3.010485246674421
916 3.010485246674421
917 3.010485246674421
918 1.127209855416203
919 1.127209855416203
920 1.127209855416203
921 2.5459677526250544
922 2.5459677526250544
923 2.5459677526250544
924 2.0668454550428006
925 2.0668454550428006
926 2.0668454550428006
927 3.1473185736552947
928 3.1473185736552947
929 3.1473185736552947
930 2.4943348263655376
931 2.4943348263655376
932 2.4943348263655376
933 2.157880226702636
934 2.157880226702636
935 2.157880226702636
936 3.4796308903598407
937 3.4796308903598407
938 3.4796308903598407
939 1.5959860860655775
940 1.5959860860655775
941 1.5959860860655775
942 2.499077975440277
943 2.499077975440277
944 2.499077975440277
945 1.9195564442654836
946 1.9195564442654836
947 1.6628679477994226
948 1.6628679477994226
949 1.6628679477994226
950 3.0427633907530263
951 3.0427633907530263
952 3.0427633907530263
953 2.4402079166085313
954 2.4402079166085313
955 2.4402079166085313
956 1.5192641780746925
957 1.5192641780746925
958 1.5192641780746925
959 1.3768103341973499
960 1.3768103341973499
961 1.3768103341973499
962 2.0542088284110998
963 2.0542088284110998
964 2.0542088284110998
965 1.0510082738259423
966 1.0510082738259423
967 1.0510082738259423
968 1.1213379100282581
969 1.1213379100282581
970 1.1213379100282581
971 1.121249370175284
972 1.121249370175284
973 1.121249370175284
974 1.3441521757407433
975 1.3441521757407433
976 1.3441521757407433
977 1.4730458551254024
978 1.4730458551254024
979 1.4730458551254024
980 1.0572218765828585
981 1.0572218765828585
982 1.0572218765828585
983 1.5170877746817664
984 1.5170877746817664
985 1.5170877746817664
986 1.8816358285341634
987 1.8816358285341634
988 1.8816358285341634
989 1.609438837157653
990 1.609438837157653
991 1.609438837157653
992 0.9913484260223981
993 0.9913484260223981
994 0.9913484260223981
995 1.8151499745209105
996 1.8151499745209105
997 1.8151499745209105
998 1.262473600943247
999 1.262473600943247
1000 1.262473600943247
1001 2.3325696570304415
1002 2.3325696570304415
1003 2.3325696570304415
1004 2.1927359351221494
1005 2.1927359351221494
1006 2.1927359351221494
1007 1.6284932240454657
1008 1.6284932240454657
1009 1.6284932240454657
1010 0.8461061294484615
1011 0.8461061294484615
1012 0.8461061294484615
1013 1.3244919354318454
1014 1.3244919354318454
1015 1.3244919354318454
1016 1.4415949080659731
1017 1.4415949080659731
1018 1.4415949080659731
1019 1.4420587955223865
1020 1.4420587955223865
1021 1.4420587955223865
1022 1.705142546168254
1023 1.705142546168254
1024 1.705142546168254
1025 1.5760961788803505
1026 1.5760961788803505
1027 1.5760961788803505
1028 2.38975804972986
1029 2.38975804972986
1030 2.38975804972986
1031 1.5151565653715071
1032 1.5151565653715071
1033 1.5151565653715071
1034 1.3614975931809123
1035 1.3614975931809123
1036 1.3614975931809123
1037 1.9135316908730344
1038 1.9135316908730344
1039 1.9135316908730344
1040 1.3242144137938312
1041 1.3242144137938312
1042 1.3242144137938312
1043 1.8996006838654906
1044 1.8996006838654906
1045 1.8996006838654906
1046 0.8467177819588937
1047 0.8467177819588937
1048 0.8467177819588937
1049 1.170406235399092
1050 1.170406235399092
1051 1.170406235399092
1052 1.5574612435498711
1053 1.5574612435498711
1054 1.5574612435498711
1055 0.8442449745908137
1056 0.8442449745908137
1057 0.8442449745908137
1058 1.6603534961985202
1059 1.6603534961985202
1060 1.6603534961985202
1061 1.6431276374094244
1062 1.6431276374094244
1063 1.6431276374094244
1064 1.8644600415216266
1065 1.8644600415216266
1066 1.8644600415216266
1067 1.6898510305085688
1068 1.6898510305085688
1069 1.6898510305085688
1070 1.3931481401954056
1071 1.3931481401954056
1072 1.3931481401954056
1073 1.3917566268317598
1074 1.3917566268317598
1075 1.3917566268317598
1076 1.6654912441040337
1077 1.6654912441040337
1078 1.6654912441040337
1079 1.1198513015552523
1080 1.1198513015552523
1081 1.1198513015552523
1082 0.3606231148104029
1083 0.3606231148104029
1084 0.3606231148104029
1085 2.2076359662635427
1086 2.2076359662635427
1087 2.2076359662635427
1088 2.34813294074206
1089 2.34813294074206
1090 2.34813294074206
1091 1.749278999854956
1092 1.749278999854956
1093 1.749278999854956
1094 1.19402128241239
1095 1.19402128241239
1096 1.19402128241239
1097 1.0155892618293016
1098 1.0155892618293016
1099 1.0155892618293016
1100 1.663204091972462
1101 1.663204091972462
1102 1.663204091972462
1103 1.4801822945697525
1104 1.4801822945697525
1105 1.4801822945697525
1106 0.9242013490108894
1107 0.9242013490108894
1108 0.9242013490108894
1109 2.048081507463035
1110 2.048081507463035
1111 2.048081507463035
1112 1.9922404941317327
1113 1.9922404941317327
1114 1.9922404941317327
1115 1.8433949906004028
1116 1.8433949906004028
1117 1.8433949906004028
1118 1.6651572539265227
1119 1.6651572539265227
1120 1.6651572539265227
1121 1.6928181697623248
1122 1.6928181697623248
1123 1.6928181697623248
1124 1.0011729972057406
1125 1.0011729972057406
1126 1.0011729972057406
1127 1.2067624189813915
1128 1.2067624189813915
1129 1.2067624189813915
1130 1.0838087436074733
1131 1.0838087436074733
1132 1.0838087436074733
1133 1.1109165186740955
1134 1.1109165186740955
1135 1.1109165186740955
1136 1.5137609631217326
1137 1.5137609631217326
1138 1.5137609631217326
1139 1.5679629635071395
1140 1.5679629635071395
1141 1.5679629635071395
1142 1.2254409618720457
1143 1.2254409618720457
1144 1.2254409618720457
1145 2.089457471832758
1146 2.089457471832758
1147 2.089457471832758
1148 1.096363552355312
1149 1.096363552355312
1150 1.096363552355312
1151 1.1491454615839585
1152 1.1491454615839585
1153 1.1491454615839585
1154 1.093041539534911
1155 1.093041539534911
1156 1.093041539534911
1157 1.8217279195207428
1158 1.8217279195207428
1159 1.8217279195207428
1160 1.454104781280623
1161 1.454104781280623
1162 1.454104781280623
1163 1.3230219247550143
1164 1.3230219247550143
1165 1.3230219247550143
1166 1.318449299404924
1167 1.318449299404924
1168 1.318449299404924
1169 1.1952392862731958
1170 1.1952392862731958
1171 1.1952392862731958
1172 0.575095479853229
1173 0.575095479853229
1174 0.575095479853229
1175 1.1906032459567912
1176 1.1906032459567912
1177 1.1906032459567912
1178 1.4162554420764408
1179 1.4162554420764408
1180 1.4162554420764408
1181 2.1322269968376313
1182 2.1322269968376313
1183 2.1322269968376313
1184 2.4717900265179695
1185 2.4717900265179695
1186 2.4717900265179695
1187 1.3933021473442349
1188 1.3933021473442349
1189 1.3933021473442349
1190 1.6207679199863485
1191 1.6207679199863485
1192 1.6207679199863485
1193 1.3540334403269692
1194 1.3540334403269692
1195 1.3540334403269692
1196 1.438133224974813
1197 1.438133224974813
1198 1.438133224974813
1199 2.2120574183356623
1200 2.2120574183356623
1201 2.2120574183356623
1202 1.7829437178963716
1203 1.7829437178963716
1204 1.7829437178963716
1205 1.317542882795669
1206 1.317542882795669
1207 1.317542882795669
1208 1.3663841935574723
1209 1.3663841935574723
1210 1.3663841935574723
1211 1.4213854246123687
1212 1.4213854246123687
1213 1.4213854246123687
1214 1.162877362631511
1215 1.162877362631511
1216 1.162877362631511
1217 1.4424060652003936
1218 1.4424060652003936
1219 1.4424060652003936
1220 1.2226845188453315
1221 1.2226845188453315
1222 1.2226845188453315
1223 2.7856952629028564
1224 2.7856952629028564
1225 2.7856952629028564
1226 1.4356517265813475
1227 1.4356517265813475
1228 1.4356517265813475
1229 1.7742313321830063
1230 1.7742313321830063
1231 1.7742313321830063
1232 1.583815986022883
1233 1.583815986022883
1234 1.583815986022883
1235 1.3283556862037804
1236 1.3283556862037804
1237 1.3283556862037804
1238 1.558042788576761
1239 1.558042788576761
1240 1.558042788576761
1241 1.815026075758166
1242 1.815026075758166
1243 1.815026075758166
1244 1.4292672931573782
1245 1.4292672931573782
1246 1.4292672931573782
1247 2.1430277850877015
1248 2.1430277850877015
1249 2.1430277850877015
1250 1.6448242274597455
1251 1.6448242274597455
1252 1.6448242274597455
1253 1.8281294775490116
1254 1.8281294775490116
1255 1.8281294775490116
1256 1.8501568823241643
1257 1.8501568823241643
1258 1.8501568823241643
1259 2.281771687572239
1260 2.281771687572239
1261 2.281771687572239
1262 1.9646173621016016
1263 1.9646173621016016
1264 1.9646173621016016
1265 2.0865461875854048
1266 2.0865461875854048
1267 2.0865461875854048
1268 2.6709669636827833
1269 2.6709669636827833
1270 2.6709669636827833
1271 1.662438372634649
1272 1.662438372634649
1273 1.662438372634649
1274 2.1933804936514214
1275 2.1933804936514214
1276 2.1933804936514214
1277 2.1216843206245133
1278 2.1216843206245133
1279 2.1216843206245133
1280 2.129909780339368
1281 2.129909780339368
1282 2.129909780339368
1283 2.1903958559549777
1284 2.1903958559549777
1285 2.1903958559549777
1286 1.870104854587122
1287 1.870104854587122
1288 1.870104854587122
1289 2.2736074617206383
1290 2.2736074617206383
1291 2.2736074617206383
1292 2.210205474409692
1293 2.210205474409692
1294 2.210205474409692
1295 1.5828260461000816
1296 1.5828260461000816
1297 1.5828260461000816
1298 2.0330514754239286
1299 2.0330514754239286
1300 2.0330514754239286
1301 1.2714778036119072
1302 1.2714778036119072
1303 1.2714778036119072
1304 2.33957621305786
1305 2.33957621305786
1306 2.33957621305786
1307 1.2758374926426375
1308 1.2758374926426375
1309 1.2758374926426375
1310 1.5876137256944878
1311 1.5876137256944878
1312 1.5876137256944878
1313 2.335217249322411
1314 2.335217249322411
1315 2.335217249322411
1316 2.463925691023745
1317 2.463925691023745
1318 2.463925691023745
1319 2.0242868347018654
1320 2.0242868347018654
1321 2.0242868347018654
1322 2.2385189121519877
1323 2.2385189121519877
1324 2.2385189121519877
1325 2.0625060871841967
1326 2.0625060871841967
1327 2.0625060871841967
1328 2.081279442458933
1329 2.081279442458933
1330 2.081279442458933
1331 1.549852327596489
1332 1.549852327596489
1333 1.549852327596489
1334 1.5535736510361724
1335 1.5535736510361724
1336 1.5535736510361724
1337 2.16203705589174
1338 2.16203705589174
1339 2.16203705589174
1340 1.4112541511111778
1341 1.4112541511111778
1342 1.4112541511111778
1343 1.9730383260857443
1344 1.9730383260857443
1345 1.9730383260857443
1346 1.995556517679781
1347 1.995556517679781
1348 1.995556517679781
1349 2.421672656943541
1350 2.421672656943541
1351 2.421672656943541
1352 2.3090464887810307
1353 2.3090464887810307
1354 2.3090464887810307
1355 1.8313985143087472
1356 1.8313985143087472
1357 1.8313985143087472
1358 1.699950419455149
1359 1.699950419455149
1360 1.699950419455149
1361 2.147218473383436
1362 2.147218473383436
1363 2.147218473383436
1364 1.6435575552227026
1365 1.6435575552227026
1366 1.6435575552227026
1367 2.4950964915834266
1368 2.4950964915834266
1369 2.3323541060976476
1370 2.3323541060976476
1371 2.3323541060976476
1372 3.991675144655945
1373 3.991675144655945
1374 3.991675144655945
1375 2.2708459008437103
1376 2.2708459008437103
1377 2.2708459008437103
1378 2.3105042640965356
1379 2.3105042640965356
1380 2.3105042640965356
1381 2.8561597560028096
1382 2.8561597560028096
1383 2.8561597560028096
1384 4.548773072263471
1385 4.548773072263471
1386 4.548773072263471
1387 3.1852461751014043
1388 3.1852461751014043
1389 3.1852461751014043
1390 3.263215509115288
1391 3.263215509115288
1392 3.263215509115288
1393 3.4100895755229237
1394 3.4100895755229237
1395 3.4100895755229237
1396 1.076164744301364
1397 1.076164744301364
1398 1.076164744301364
1399 3.851940640317641
1400 3.851940640317641
1401 3.851940640317641
1402 4.926801283310331
1403 4.926801283310331
1404 4.926801283310331
1405 3.6032758604222557
1406 3.6032758604222557
1407 3.6032758604222557
1408 3.6546901351437504
1409 3.6546901351437504
1410 3.6546901351437504
1411 2.876544443017126
1412 2.876544443017126
1413 2.876544443017126
1414 3.791684629622448
1415 3.791684629622448
1416 3.791684629622448
1417 2.598965209578852
1418 2.598965209578852
1419 2.598965209578852
1420 4.046194149978852
1421 4.046194149978852
1422 4.046194149978852
1423 5.10235443658155
1424 5.10235443658155
1425 5.10235443658155
1426 2.8995049102110864
1427 2.8995049102110864
1428 2.8995049102110864
1429 2.954729952850846
1430 2.954729952850846
1431 2.954729952850846
1432 4.230512492273362
1433 4.230512492273362
1434 0.7286720184825449
1435 0.7286720184825449
1436 0.7286720184825449
1437 0.44467275176473775
1438 0.44467275176473775
1439 0.44467275176473775
1440 0.38470911505607563
1441 0.38470911505607563
1442 0.38470911505607563
1443 1.0681400240522094
1444 1.0681400240522094
1445 1.0681400240522094
1446 0.5553339531245529
1447 0.5553339531245529
1448 0.5553339531245529
1449 0.7298472843372938
1450 0.7298472843372938
1451 0.7298472843372938
1452 0.8094204155505773
1453 0.8094204155505773
1454 0.8094204155505773
1455 0.5727515613786287
1456 0.5727515613786287
1457 0.5727515613786287
1458 0.7841902041750655
1459 0.7841902041750655
1460 0.7841902041750655
1461 0.9581317592541132
1462 0.9581317592541132
1463 0.9581317592541132
1464 0.6885205472354858
1465 0.6885205472354858
1466 0.6885205472354858
1467 0.6762835529783608
1468 0.6762835529783608
1469 0.6762835529783608
1470 0.6790860845072485
1471 0.6790860845072485
1472 0.6790860845072485
1473 0.5957476702893572
1474 0.5957476702893572
1475 0.5957476702893572
1476 0.8693178906541247
1477 0.8693178906541247
1478 0.8693178906541247
1479 0.6331338686550816
1480 0.6331338686550816
1481 0.6331338686550816
1482 0.6517301826363846
1483 0.6517301826363846
1484 0.6517301826363846
1485 0.4676081422220175
1486 0.4676081422220175
1487 0.4676081422220175
1488 0.7389946852599311
1489 0.7389946852599311
1490 0.7389946852599311
1491 0.6676962972431253
1492 0.6676962972431253
1493 0.6676962972431253
1494 0.7667253823754585
1495 0.7667253823754585
1496 0.7667253823754585
1497 0.9573237413609543
1498 0.9573237413609543
1499 0.9573237413609543
1500 0.7414874657528855
1501 0.7414874657528855
1502 0.7414874657528855
1503 0.7218430905086894
1504 0.7218430905086894
1505 0.7218430905086894
1506 0.8709080912932481
1507 0.8709080912932481
1508 0.8709080912932481
1509 0.4896958860239411
1510 0.4896958860239411
1511 0.4896958860239411
1512 1.104462788190443
1513 1.104462788190443
1514 1.104462788190443
1515 0.6560334360220262
1516 0.6560334360220262
1517 0.6560334360220262
1518 0.7265937247162965
1519 0.7265937247162965
1520 0.7265937247162965
1521 0.4970837000258595
1522 0.4970837000258595
1523 0.4970837000258595
1524 0.7651209681204935
1525 0.7651209681204935
1526 0.7651209681204935
1527 0.6189039190485973
1528 0.6189039190485973
1529 0.6189039190485973
1530 0.8149660830571879
1531 0.8149660830571879
1532 0.8149660830571879
1533 0.7550525425069462
1534 0.7550525425069462
1535 0.7550525425069462
1536 0.9419756139083721
1537 0.9419756139083721
1538 0.9419756139083721
1539 0.46267883973837876
1540 0.46267883973837876
1541 0.46267883973837876
1542 0.6023636623300787
1543 0.6023636623300787
1544 0.6023636623300787
1545 0.8025502328275967
1546 0.8025502328275967
1547 0.8025502328275967
1548 0.5012753269951787
1549 0.5012753269951787
1550 0.5012753269951787
1551 0.8680339340947275
1552 0.8680339340947275
1553 0.8680339340947275
1554 0.5881348477862808
1555 0.5881348477862808
1556 0.5881348477862808
1557 0.7953917081603923
1558 0.7953917081603923
1559 0.7953917081603923
1560 0.43060802316357205
1561 0.43060802316357205
1562 0.43060802316357205
1563 0.36089206821680697
1564 0.36089206821680697
1565 0.36089206821680697
1566 0.4531775924870059
1567 0.4531775924870059
1568 0.4531775924870059
1569 0.33726144905850725
1570 0.33726144905850725
1571 0.33726144905850725
1572 0.6915773432475331
1573 0.6915773432475331
1574 0.6915773432475331
1575 0.8677337931314905
1576 0.8677337931314905
1577 0.8677337931314905
1578 0.5435518242588656
1579 0.5435518242588656
1580 0.5435518242588656
1581 0.5252024792546521
1582 0.5252024792546521
1583 0.5252024792546521
1584 0.5176372741999725
1585 0.5176372741999725
1586 0.5176372741999725
1587 0.1931096868189151
1588 0.1931096868189151
1589 0.1931096868189151
1590 0.6217597948615056
1591 0.6217597948615056
1592 0.6217597948615056
1593 0.8372329349928769
1594 0.8372329349928769
1595 0.8372329349928769
1596 0.6771534011662013
1597 0.6771534011662013
1598 0.6771534011662013
1599 0.6042370204313967
1600 0.6042370204313967
1601 0.6042370204313967
1602 0.7480828071212094
1603 0.7480828071212094
1604 0.7480828071212094
1605 0.7428099869433394
1606 0.7428099869433394
1607 0.7428099869433394
1608 0.448513525892828
1609 0.448513525892828
1610 0.448513525892828
1611 0.6032770426235379
1612 0.6032770426235379
1613 0.6032770426235379
1614 0.2838609452511411
1615 0.2838609452511411
1616 0.2838609452511411
1617 0.28702285346766804
1618 0.28702285346766804
1619 0.28702285346766804
1620 0.28852919694718904
1621 0.28852919694718904
1622 0.28852919694718904
1623 0.6034496773609085
1624 0.6034496773609085
1625 0.6034496773609085
1626 0.8063334483109632
1627 0.8063334483109632
1628 0.8063334483109632
1629 0.7569284793373023
1630 0.7569284793373023
1631 0.7569284793373023
1632 0.9167951943996415
1633 0.9167951943996415
1634 0.9167951943996415
1635 0.6934560330263273
1636 0.6934560330263273
1637 0.6934560330263273
1638 0.7304817864099262
1639 0.7304817864099262
1640 0.7304817864099262
1641 0.5602504409805704
1642 0.5602504409805704
1643 0.5602504409805704
1644 1.0134294490220255
1645 1.0134294490220255
1646 1.0134294490220255
1647 0.4288091585004208
1648 0.4288091585004208
1649 0.4288091585004208
1650 0.44058073003124987
1651 0.44058073003124987
1652 0.44058073003124987
1653 0.8066250913596006
1654 0.8066250913596006
1655 0.8066250913596006
1656 0.7276665748036379
1657 0.7276665748036379
1658 0.7276665748036379
1659 0.5263588233739787
1660 0.5263588233739787
1661 0.5263588233739787
1662 0.6058072940242355
1663 0.6058072940242355
1664 0.6058072940242355
1665 0.5665705785412726
1666 0.5665705785412726
1667 0.5665705785412726
1668 0.8158540946278579
1669 0.8158540946278579
1670 0.8158540946278579
1671 0.6294757362173775
1672 0.6294757362173775
1673 0.6294757362173775
1674 0.5744132162716784
1675 0.5744132162716784
1676 0.5744132162716784
1677 0.6806914784496078
1678 0.6806914784496078
1679 0.6806914784496078
1680 0.33831095396561817
1681 0.33831095396561817
1682 0.33831095396561817
1683 0.5245357038289589
1684 0.5245357038289589
1685 0.5245357038289589
1686 0.7662957188441784
1687 0.7662957188441784
1688 0.7662957188441784
1689 0.7382504649573276
1690 0.7382504649573276
1691 0.7382504649573276
1692 0.8136911674713188
1693 0.8136911674713188
1694 0.8136911674713188
1695 0.6595917890812981
1696 0.6595917890812981
1697 0.6595917890812981
1698 0.5560890701193043
1699 0.5560890701193043
1700 0.5560890701193043
1701 0.7286262943584052
1702 0.7286262943584052
1703 0.7286262943584052
1704 0.9647614096514611
1705 0.9647614096514611
1706 0.9647614096514611
1707 0.8891981888318834
1708 0.8891981888318834
1709 0.8891981888318834
1710 0.5493804725094704
1711 0.5493804725094704
1712 0.5493804725094704
1713 0.5803432927995001
1714 0.5803432927995001
1715 0.5803432927995001
1716 0.5776295962541182
1717 0.5776295962541182
1718 0.5776295962541182
1719 0.6549356984988607
1720 0.6549356984988607
1721 0.6549356984988607
1722 0.9132096403361158
1723 0.9132096403361158
1724 0.9132096403361158
1725 0.6238305594965439
1726 0.6238305594965439
1727 0.6238305594965439
1728 0.7168228948076327
1729 0.7168228948076327
1730 0.7168228948076327
1731 0.5114243159678719
1732 0.5114243159678719
1733 0.5114243159678719
1734 0.9834078011109697
1735 0.9834078011109697
1736 0.9834078011109697
1737 0.7035360977315828
1738 0.7035360977315828
1739 0.7035360977315828
1740 0.2694167434883397
1741 0.2694167434883397
1742 0.2694167434883397
1743 0.7558888666698927
1744 0.7558888666698927
1745 0.7558888666698927
1746 0.733487768546734
1747 0.733487768546734
1748 0.733487768546734
1749 0.6814919580220693
1750 0.6814919580220693
1751 0.6814919580220693
1752 0.8427948884117722
1753 0.8427948884117722
1754 0.8427948884117722
1755 0.422655890803783
1756 0.422655890803783
1757 0.422655890803783
1758 0.6748695977752405
1759 0.6748695977752405
1760 0.6748695977752405
1761 0.8335003785241043
1762 0.8335003785241043
1763 0.8335003785241043
1764 0.96282623265739
1765 0.96282623265739
1766 0.96282623265739
1767 0.7659801466674168
1768 0.7659801466674168
1769 0.7659801466674168
1770 0.8193496545469316
1771 0.8193496545469316
1772 0.8193496545469316
1773 0.603484183611114
1774 0.603484183611114
1775 0.603484183611114
1776 0.5557219611032187
1777 0.5557219611032187
1778 0.5557219611032187
1779 0.5398317132823008
1780 0.5398317132823008
1781 0.5398317132823008
1782 0.46351538176785456
1783 0.46351538176785456
1784 0.46351538176785456
1785 0.5760669447547229
1786 0.5760669447547229
1787 0.5760669447547229
1788 0.6056760740820977
1789 0.6056760740820977
1790 0.6056760740820977
1791 0.9336597777656885
1792 0.9336597777656885
1793 0.9336597777656885
1794 0.7031150639496224
1795 0.7031150639496224
1796 0.7031150639496224
1797 0.7072031969608465
1798 1.9203003297042107
1799 1.9203003297042107
1800 1.9203003297042107
1801 1.997140319932784
1802 1.997140319932784
1803 1.997140319932784
1804 3.49455786172717
1805 3.49455786172717
1806 3.49455786172717
1807 2.857124577611943
1808 2.857124577611943
1809 2.857124577611943
1810 3.5133559146145243
1811 3.5133559146145243
1812 3.5133559146145243
1813 2.5911792717069444
1814 2.5911792717069444
1815 2.5911792717069444
1816 2.2929173208085585
1817 2.2929173208085585
1818 2.2929173208085585
1819 3.7900814005033974
1820 3.7900814005033974
1821 3.7900814005033974
1822 1.8830400830846388
1823 1.8830400830846388
1824 1.8830400830846388
1825 3.611583461112523
1826 3.611583461112523
1827 3.611583461112523
1828 3.4722893228618132
1829 3.4722893228618132
1830 3.4722893228618132
1831 2.1189459146611975
1832 2.1189459146611975
1833 2.1189459146611975
1834 3.225524077956911
1835 3.225524077956911
1836 3.225524077956911
1837 4.313818402170789
1838 4.313818402170789
1839 4.313818402170789
1840 2.6530880294697416
1841 2.6530880294697416
1842 2.6530880294697416
1843 2.3498425721457523
1844 2.3498425721457523
1845 2.3498425721457523
1846 3.6488147837827847
1847 3.6488147837827847
1848 3.6488147837827847
1849 4.044528390826478
1850 4.044528390826478
1851 4.044528390826478
1852 4.14645109030706
1853 4.14645109030706
1854 4.14645109030706
1855 1.4679045507275306
1856 1.4679045507275306
1857 1.4679045507275306
1858 4.500968186695102
1859 4.500968186695102
1860 4.500968186695102
1861 2.4554416647058677
1862 2.4554416647058677
1863 4.234897587761493
1864 4.234897587761493
1865 4.234897587761493
1866 5.308400767538913
1867 5.308400767538913
1868 5.308400767538913
1869 2.7583193242593396
1870 2.7583193242593396
1871 2.7583193242593396
1872 1.3767621274469803
1873 1.3767621274469803
1874 1.3767621274469803
1875 2.59904633539286
1876 2.59904633539286
1877 2.59904633539286
1878 4.769065271929989
1879 4.769065271929989
1880 4.769065271929989
1881 4.816072407592518
1882 4.816072407592518
1883 4.816072407592518
1884 6.322035951233661
1885 6.322035951233661
1886 6.322035951233661
1887 5.682424869336973
1888 5.682424869336973
1889 5.682424869336973
1890 3.7724148217477835
1891 3.7724148217477835
1892 3.7724148217477835
1893 2.180219236430198
1894 2.180219236430198
1895 2.180219236430198
1896 4.24748314304409
1897 4.24748314304409
1898 4.24748314304409
1899 4.850332450190157
1900 4.850332450190157
1901 4.850332450190157
1902 2.044360687321478
1903 2.044360687321478
1904 2.044360687321478
1905 2.8858602006427416
1906 2.8858602006427416
1907 2.8858602006427416
1908 4.071385088287887
1909 4.071385088287887
1910 4.071385088287887
1911 5.347712980649241
1912 5.347712980649241
1913 5.347712980649241
1914 3.2959408652016093
1915 3.2959408652016093
1916 3.2959408652016093
1917 4.621146009530482
1918 4.621146009530482
1919 4.621146009530482
1920 4.661901578087116
1921 4.661901578087116
1922 4.661901578087116
1923 3.9899630718494534
1924 3.9899630718494534
1925 3.9899630718494534
1926 4.025540136426069
1927 4.025540136426069
1928 4.025540136426069
1929 3.308035418073649
1930 3.308035418073649
1931 3.308035418073649
1932 4.31311349601107
1933 4.31311349601107
1934 4.31311349601107
1935 5.004548844692242
1936 5.004548844692242
1937 5.004548844692242
1938 2.763650627651513
1939 2.763650627651513
1940 2.763650627651513
1941 4.3187215472199245
1942 4.3187215472199245
1943 4.3187215472199245
1944 2.7001988474515324
1945 2.7001988474515324
1946 2.7001988474515324
1947 4.281836843706375
1948 4.281836843706375
1949 4.281836843706375
1950 4.147754480925769
1951 4.147754480925769
1952 4.147754480925769
1953 5.5279244817353295
1954 5.5279244817353295
1955 5.5279244817353295
1956 4.44991994075831
1957 4.44991994075831
1958 4.44991994075831
1959 4.360700633212891
1960 4.360700633212891
1961 4.360700633212891
1962 4.074510930498411
1963 4.074510930498411
1964 4.074510930498411
1965 2.760980827707265
1966 2.760980827707265
1967 2.760980827707265
1968 5.133607052005925
1969 5.133607052005925
1970 5.133607052005925
1971 3.6286207005589457
1972 3.6286207005589457
1973 3.6286207005589457
1974 4.364519652924736
1975 4.364519652924736
1976 4.364519652924736
1977 4.230479587071718
1978 4.230479587071718
1979 4.230479587071718
1980 2.5170054490745164
1981 2.5170054490745164
1982 2.5170054490745164
1983 4.774971950932877
1984 4.774971950932877
1985 4.774971950932877
1986 4.083744357511492
1987 4.083744357511492
1988 4.083744357511492
1989 4.703290423838826
1990 4.703290423838826
1991 4.703290423838826
1992 3.8411887528835384
1993 3.8411887528835384
1994 3.8411887528835384
1995 3.227248730473711
1996 3.227248730473711
1997 3.227248730473711
1998 4.2196819214595855
1999 4.2196819214595855
