0 3.9770876996585875
1 3.9770876996585875
2 3.9770876996585875
3 5.147800966070676
4 5.147800966070676
5 5.147800966070676
6 2.255437140616931
7 2.255437140616931
8 2.255437140616931
9 4.801821772927279
10 4.801821772927279
11 4.801821772927279
12 3.0307220259524668
13 3.0307220259524668
14 3.0307220259524668
15 2.92159026330649
16 2.92159026330649
17 2.92159026330649
18 4.286059183238112
19 4.286059183238112
20 4.286059183238112
21 5.167652418395872
22 5.167652418395872
23 5.167652418395872
24 5.273088134950802
25 5.273088134950802
26 5.273088134950802
27 3.984582383120243
28 3.984582383120243
29 3.984582383120243
30 4.410063175239332
31 4.410063175239332
32 4.410063175239332
33 4.791517819463698
34 4.791517819463698
35 4.791517819463698
36 3.351691640175386
37 3.351691640175386
38 3.351691640175386
39 5.965224218568014
40 5.965224218568014
41 5.965224218568014
42 3.5815145532415507
43 3.5815145532415507
44 3.5815145532415507
45 4.621224516006002
46 4.621224516006002
47 4.621224516006002
48 4.422390284886796
49 4.422390284886796
50 4.422390284886796
51 4.036942837240338
52 4.036942837240338
53 4.036942837240338
54 3.7798761844949067
55 3.7798761844949067
56 3.7798761844949067
57 2.895039347479392
58 2.895039347479392
59 2.895039347479392
60 2.1678787761968623
61 2.1678787761968623
62 2.1678787761968623
63 4.802158888439834
64 4.802158888439834
65 4.802158888439834
66 4.768936831107189
67 4.768936831107189
68 4.768936831107189
69 3.6168919478660824
70 3.6168919478660824
71 3.6168919478660824
72 5.7127967257872125
73 5.7127967257872125
74 5.7127967257872125
75 4.478097870149199
76 4.478097870149199
77 4.478097870149199
78 4.133543937768351
79 4.133543937768351
80 4.133543937768351
81 2.638492586018189
82 2.638492586018189
83 2.638492586018189
84 4.3856224462064155
85 4.3856224462064155
86 4.3856224462064155
87 4.100748796407516
88 4.100748796407516
89 4.100748796407516
90 3.2371366358172358
91 3.2371366358172358
92 3.2371366358172358
93 3.581853786484348
94 3.581853786484348
95 3.581853786484348
96 2.2777707421509072
97 2.2777707421509072
98 2.2777707421509072
99 2.2496160367633338
100 2.2496160367633338
101 2.2496160367633338
102 3.2532764841468897
103 3.2532764841468897
104 3.2532764841468897
105 2.734024918495819
106 2.734024918495819
107 2.734024918495819
108 3.840267941969421
109 3.840267941969421
110 3.840267941969421
111 3.4316733639696126
112 3.4316733639696126
113 3.4316733639696126
114 3.7945437019026733
115 3.7945437019026733
116 3.7945437019026733
117 3.222749673761865
118 3.222749673761865
119 3.222749673761865
120 4.666397393170447
121 4.666397393170447
122 4.666397393170447
123 4.19029009760242
124 4.19029009760242
125 4.19029009760242
126 3.1997637071526426
127 3.1997637071526426
128 3.1997637071526426
129 1.9435269868351612
130 1.9435269868351612
131 1.9435269868351612
132 2.1224201393898663
133 2.1224201393898663
134 2.1224201393898663
135 2.4810057518527686
136 2.4810057518527686
137 2.4810057518527686
138 3.9639759244010957
139 3.9639759244010957
140 3.9639759244010957
141 4.032804565048288
142 4.032804565048288
143 4.032804565048288
144 3.7377950523827934
145 3.7377950523827934
146 3.7377950523827934
147 3.156546487070718
148 3.156546487070718
149 3.156546487070718
150 2.6515842998117076
151 2.6515842998117076
152 2.6515842998117076
153 5.534181913696741
154 5.534181913696741
155 5.534181913696741
156 2.6644703918589983
157 2.6644703918589983
158 2.6644703918589983
159 3.2817421774723514
160 3.2817421774723514
161 3.2817421774723514
162 3.157256608480895
163 3.157256608480895
164 3.157256608480895
165 3.9772862512297396
166 3.9772862512297396
167 3.9772862512297396
168 3.489617885094769
169 3.489617885094769
170 3.489617885094769
171 3.5752772067687904
172 3.5752772067687904
173 3.5752772067687904
174 3.275454626765765
175 3.275454626765765
176 3.275454626765765
177 3.5575985524967755
178 3.5575985524967755
179 3.5575985524967755
180 3.481090801787383
181 3.481090801787383
182 3.481090801787383
183 3.0442335292606373
184 3.0442335292606373
185 3.0442335292606373
186 3.6802181738440156
187 3.6802181738440156
188 3.6802181738440156
189 3.100359905400903
190 3.100359905400903
191 3.100359905400903
192 3.699730299318914
193 3.699730299318914
194 3.699730299318914
195 3.0719870797237436
196 3.0719870797237436
197 3.0719870797237436
198 2.8983347356360385
199 2.8983347356360385
200 2.8983347356360385
201 2.098703473122999
202 2.098703473122999
203 2.098703473122999
204 3.3791150686338
205 3.3791150686338
206 3.3791150686338
207 1.9323152601079583
208 1.9323152601079583
209 1.9323152601079583
210 3.420311695572763
211 3.420311695572763
212 3.420311695572763
213 2.9452993997386914
214 2.9452993997386914
215 2.9452993997386914
216 3.3999513622195043
217 3.3999513622195043
218 3.3999513622195043
219 3.6990651590505776
220 3.6990651590505776
221 3.6990651590505776
222 3.9746977015577682
223 3.9746977015577682
224 3.9746977015577682
225 3.759891233593756
226 3.759891233593756
227 3.759891233593756
228 4.0797204448895785
229 4.0797204448895785
230 4.0797204448895785
231 2.942996170195988
232 2.942996170195988
233 2.942996170195988
234 2.9045659884680095
235 2.9045659884680095
236 2.9045659884680095
237 3.2489997580394934
238 3.2489997580394934
239 3.2489997580394934
240 2.236818422240911
241 2.236818422240911
242 2.236818422240911
243 2.8746297026059526
244 2.8746297026059526
245 2.8746297026059526
246 2.682807729266342
247 2.682807729266342
248 2.682807729266342
249 4.171516924241674
250 4.171516924241674
251 4.171516924241674
252 3.3071622229979973
253 3.3071622229979973
254 3.3071622229979973
255 3.8002118707553962
256 3.8002118707553962
257 3.8002118707553962
258 3.911011270745161
259 3.911011270745161
260 3.911011270745161
261 1.9353101103756831
262 1.9353101103756831
263 1.9353101103756831
264 3.6792866080356195
265 3.6792866080356195
266 3.6792866080356195
267 2.8145848994026883
268 2.8145848994026883
269 2.8145848994026883
270 2.3940316920235416
271 2.3940316920235416
272 2.3940316920235416
273 3.5222779537702276
274 3.5222779537702276
275 3.5222779537702276
276 3.6256234988447287
277 3.6256234988447287
278 3.6256234988447287
279 2.6643414799679332
280 2.6643414799679332
281 2.6643414799679332
282 2.1472821346641737
283 2.1472821346641737
284 2.1472821346641737
285 3.30100722747352
286 3.30100722747352
287 3.30100722747352
288 3.7076013701541095
289 3.7076013701541095
290 3.7076013701541095
291 2.530460485931056
292 2.530460485931056
293 2.530460485931056
294 2.6922909559605253
295 2.6922909559605253
296 2.6922909559605253
297 4.652319854086641
298 4.652319854086641
299 4.652319854086641
300 4.623589306291393
301 4.623589306291393
302 4.623589306291393
303 3.4690206428625805
304 3.4690206428625805
305 3.4690206428625805
306 3.4991928816815436
307 3.4991928816815436
308 3.4991928816815436
309 3.8646261309874648
310 3.8646261309874648
311 3.8646261309874648
312 2.8960366589845448
313 2.8960366589845448
314 2.8960366589845448
315 3.5978722099081044
316 3.5978722099081044
317 3.5978722099081044
318 2.6716909335998063
319 2.6716909335998063
320 2.6716909335998063
321 4.416186614627906
322 4.416186614627906
323 4.416186614627906
324 2.551049545351125
325 2.551049545351125
326 2.551049545351125
327 4.343836020942765
328 4.343836020942765
329 4.343836020942765
330 3.991587411363523
331 3.991587411363523
332 3.991587411363523
333 3.7347512489935903
334 3.7347512489935903
335 3.7347512489935903
336 3.5142186689474477
337 3.5142186689474477
338 3.5142186689474477
339 3.545353269835257
340 3.545353269835257
341 3.545353269835257
342 3.6818659446751743
343 3.6818659446751743
344 3.6818659446751743
345 2.975282201464079
346 2.975282201464079
347 2.975282201464079
348 3.181671556433344
349 3.181671556433344
350 3.181671556433344
351 4.745148956103145
352 4.745148956103145
353 4.745148956103145
354 3.661705040742293
355 3.661705040742293
356 3.661705040742293
357 2.1226869569682307
358 2.1226869569682307
359 2.1226869569682307
360 3.949056141163178
361 3.949056141163178
362 3.949056141163178
363 3.7980293198870356
364 3.7980293198870356
365 3.7980293198870356
366 3.0581801819960077
367 3.0581801819960077
368 3.0581801819960077
369 3.7064779125587237
370 3.7064779125587237
371 3.7064779125587237
372 4.694599502307475
373 4.694599502307475
374 4.694599502307475
375 3.5843787748853764
376 3.5843787748853764
377 3.5843787748853764
378 3.4445397744273927
379 3.4445397744273927
380 3.4445397744273927
381 3.605442114977422
382 3.605442114977422
383 3.605442114977422
384 4.238310074130056
385 4.238310074130056
386 4.238310074130056
387 2.088670842596546
388 2.088670842596546
389 2.088670842596546
390 3.312755988821168
391 3.312755988821168
392 3.312755988821168
393 3.3878579809315665
394 3.3878579809315665
395 3.3878579809315665
396 3.999429609589326
397 3.999429609589326
398 3.999429609589326
399 2.1523673180594747
400 2.1523673180594747
401 2.1523673180594747
402 3.867966542586544
403 3.867966542586544
404 3.867966542586544
405 3.1916062131285146
406 3.1916062131285146
407 3.1916062131285146
408 4.6404831259128105
409 4.6404831259128105
410 4.6404831259128105
411 2.922357999647641
412 2.922357999647641
413 2.922357999647641
414 2.758738008827111
415 2.758738008827111
416 2.758738008827111
417 4.001623210256511
418 4.001623210256511
419 4.001623210256511
420 2.972311481772761
421 2.972311481772761
422 2.972311481772761
423 4.230272398918763
424 4.230272398918763
425 4.230272398918763
426 4.235202940122584
427 4.235202940122584
428 4.235202940122584
429 4.107959682639394
430 4.107959682639394
431 4.107959682639394
432 2.675354614744869
433 2.675354614744869
434 2.675354614744869
435 3.1100280628968373
436 3.1100280628968373
437 3.1100280628968373
438 2.7994411146588316
439 2.7994411146588316
440 2.7994411146588316
441 5.272215857144268
442 5.272215857144268
443 5.272215857144268
444 3.374202475829602
445 3.374202475829602
446 3.374202475829602
447 3.1359439316682662
448 3.1359439316682662
449 3.3112341517479944
450 3.3112341517479944
451 3.3112341517479944
452 3.157041338960955
453 3.157041338960955
454 3.157041338960955
455 2.47709207333334
456 2.47709207333334
457 2.47709207333334
458 3.5391949454266243
459 3.5391949454266243
460 3.5391949454266243
461 2.5658125546750243
462 2.5658125546750243
463 2.5658125546750243
464 2.22985511340184
465 2.22985511340184
466 2.22985511340184
467 3.1302776990294503
468 3.1302776990294503
469 3.1302776990294503
470 2.3558185641402662
471 2.3558185641402662
472 2.3558185641402662
473 2.565522169189105
474 2.565522169189105
475 2.565522169189105
476 4.11430964429511
477 1.2890251237673505
478 1.2890251237673505
479 1.2890251237673505
480 1.9160415312491001
481 1.9160415312491001
482 1.9160415312491001
483 1.3397246442997068
484 1.3397246442997068
485 1.3397246442997068
486 1.459440098351381
487 1.459440098351381
488 1.459440098351381
489 1.9439544904027124
490 1.9439544904027124
491 1.9439544904027124
492 1.6433342501648056
493 1.6433342501648056
494 1.6433342501648056
495 1.198580498446466
496 1.198580498446466
497 1.198580498446466
498 2.1605493635104187
499 2.1605493635104187
500 2.1605493635104187
501 1.2501983634873715
502 1.2501983634873715
503 1.2501983634873715
504 1.718060086536477
505 1.718060086536477
506 1.718060086536477
507 1.638667459232314
508 1.638667459232314
509 1.638667459232314
510 1.390939769511059
511 1.390939769511059
512 1.390939769511059
513 2.5245264159224767
514 2.5245264159224767
515 2.5245264159224767
516 0.9573654314423847
517 0.9573654314423847
518 0.9573654314423847
519 1.3264781275537088
520 1.3264781275537088
521 1.3264781275537088
522 2.1235613070671846
523 2.1235613070671846
524 2.1235613070671846
525 1.3904042954858924
526 1.3904042954858924
527 1.3904042954858924
528 1.6812145437921184
529 1.6812145437921184
530 1.6812145437921184
531 1.4570247169969066
532 1.4570247169969066
533 1.4570247169969066
534 2.1018040493492833
535 2.1018040493492833
536 2.1018040493492833
537 1.3072746317160964
538 1.3072746317160964
539 1.3072746317160964
540 1.571224402196846
541 1.571224402196846
542 1.571224402196846
543 1.4768750145203144
544 1.4768750145203144
545 1.4768750145203144
546 1.086031976320395
547 1.086031976320395
548 1.086031976320395
549 1.1225839517193266
550 1.1225839517193266
551 1.1225839517193266
552 1.5255432494608852
553 1.5255432494608852
554 1.5255432494608852
555 1.4741198524292067
556 1.4741198524292067
557 1.4741198524292067
558 1.6861105483830445
559 1.6861105483830445
560 1.6861105483830445
561 1.9152992663607447
562 1.9152992663607447
563 1.9152992663607447
564 1.6437637825621154
565 1.6437637825621154
566 1.6437637825621154
567 2.16112301216101
568 2.16112301216101
569 2.16112301216101
570 1.6189981248930192
571 1.6189981248930192
572 1.6189981248930192
573 1.5349751724482308
574 1.5349751724482308
575 1.5349751724482308
576 2.3002913159128715
577 2.3002913159128715
578 2.3002913159128715
579 1.9955680444635142
580 1.9955680444635142
581 1.9955680444635142
582 1.1769203580044874
583 1.1769203580044874
584 1.1769203580044874
585 1.4070997995660148
586 1.4070997995660148
587 1.4070997995660148
588 1.5305231301299658
589 1.5305231301299658
590 1.5305231301299658
591 1.5745046429830925
592 1.5745046429830925
593 1.5745046429830925
594 1.1168103757138792
595 1.1168103757138792
596 1.1168103757138792
597 0.7532172139552604
598 0.7532172139552604
599 0.7532172139552604
600 1.5518714889461647
601 1.5518714889461647
602 1.5518714889461647
603 1.4900401036321962
604 1.4900401036321962
605 1.4900401036321962
606 1.3383646262272324
607 1.3383646262272324
608 1.3383646262272324
609 1.8162741548476036
610 1.8162741548476036
611 1.8162741548476036
612 1.1510491074174911
613 1.1510491074174911
614 1.1510491074174911
615 1.5945249349386867
616 1.5945249349386867
617 1.5945249349386867
618 1.8452069223352314
619 1.8452069223352314
620 1.8452069223352314
621 1.6181537149339726
622 1.6181537149339726
623 1.6181537149339726
624 1.689290106692923
625 1.689290106692923
626 1.689290106692923
627 2.6718953733731605
628 2.6718953733731605
629 2.6718953733731605
630 2.5076374837145923
631 2.5076374837145923
632 2.5076374837145923
633 2.9641260107746206
634 2.9641260107746206
635 2.9641260107746206
636 2.752536290055408
637 2.752536290055408
638 2.752536290055408
639 2.8978694679257795
640 2.8978694679257795
641 2.8978694679257795
642 2.9069891897093965
643 2.9069891897093965
644 2.9069891897093965
645 1.558904786076619
646 1.558904786076619
647 1.558904786076619
648 2.171412053424995
649 2.171412053424995
650 2.171412053424995
651 1.3759208495008577
652 1.3759208495008577
653 1.3759208495008577
654 2.437950875000484
655 2.437950875000484
656 2.437950875000484
657 3.482541877076631
658 3.482541877076631
659 3.482541877076631
660 1.948330461551358
661 1.948330461551358
662 1.948330461551358
663 2.7050318015806223
664 2.7050318015806223
665 2.7050318015806223
666 3.1246640699348984
667 3.1246640699348984
668 3.1246640699348984
669 2.8765360654536356
670 2.8765360654536356
671 2.8765360654536356
672 2.578318743318496
673 2.578318743318496
674 2.578318743318496
675 2.3846281840746326
676 2.3846281840746326
677 2.3846281840746326
678 2.6368373483191494
679 2.6368373483191494
680 2.6368373483191494
681 2.348602525444404
682 2.348602525444404
683 2.348602525444404
684 1.7929325452621905
685 1.7929325452621905
686 1.7929325452621905
687 2.226734408333056
688 2.226734408333056
689 2.226734408333056
690 2.365635550114937
691 2.365635550114937
692 2.365635550114937
693 2.2177688255174037
694 2.2177688255174037
695 2.2177688255174037
696 3.117710946885296
697 3.117710946885296
698 3.117710946885296
699 2.7102415086569094
700 2.7102415086569094
701 2.7102415086569094
702 2.278912309799758
703 2.278912309799758
704 2.278912309799758
705 2.9948020328841256
706 2.9948020328841256
707 2.9948020328841256
708 2.6100190517666144
709 2.6100190517666144
710 2.6100190517666144
711 1.7068141196252746
712 1.7068141196252746
713 1.5464900269819473
714 1.5464900269819473
715 1.5464900269819473
716 1.3551307104944268
717 1.3551307104944268
718 1.3551307104944268
719 2.101657945277329
720 2.101657945277329
721 2.101657945277329
722 2.527017410187373
723 2.527017410187373
724 2.527017410187373
725 1.5324903177640339
726 1.5324903177640339
727 1.5324903177640339
728 1.2556054864077648
729 1.2556054864077648
730 1.2556054864077648
731 2.362500148143082
732 2.362500148143082
733 2.362500148143082
734 1.0600403147215318
735 1.0600403147215318
736 1.0600403147215318
737 1.535563131878029
738 1.535563131878029
739 1.535563131878029
740 2.0019359621422055
741 2.0019359621422055
742 2.0019359621422055
743 2.1864916390918565
744 2.1864916390918565
745 2.1864916390918565
746 1.5483228900793873
747 1.5483228900793873
748 1.5483228900793873
749 2.83713375854946
750 2.83713375854946
751 2.83713375854946
752 1.871759243026879
753 1.871759243026879
754 1.871759243026879
755 1.9114609361882287
756 1.9114609361882287
757 1.9114609361882287
758 2.2216548446050792
759 2.2216548446050792
760 2.2216548446050792
761 1.3604241918583653
762 1.3604241918583653
763 1.3604241918583653
764 2.0637495010965696
765 2.0637495010965696
766 2.0637495010965696
767 1.6851068388680792
768 1.6851068388680792
769 1.6851068388680792
770 2.7430435327543137
771 2.7430435327543137
772 2.7430435327543137
773 2.024901984930468
774 2.024901984930468
775 2.024901984930468
776 1.5970630223214042
777 1.5970630223214042
778 1.5970630223214042
779 1.895127859022057
780 1.895127859022057
781 1.895127859022057
782 1.640526660000606
783 1.640526660000606
784 1.640526660000606
785 1.959275675989007
786 1.959275675989007
787 1.959275675989007
788 2.448990293592166
789 2.448990293592166
790 2.448990293592166
791 1.8415504171159633
792 1.8415504171159633
793 1.8415504171159633
794 2.2601409081963877
795 2.2601409081963877
796 2.2601409081963877
797 2.305724872765025
798 2.305724872765025
799 2.305724872765025
800 1.8451085789422603
801 1.8451085789422603
802 1.8451085789422603
803 1.8707402732657958
804 1.8707402732657958
805 1.8707402732657958
806 1.7209067640379865
807 1.7209067640379865
808 1.7209067640379865
809 2.4022183614926456
810 2.4022183614926456
811 2.4022183614926456
812 2.842211348612452
813 2.842211348612452
814 2.842211348612452
815 2.039292882608787
816 2.039292882608787
817 2.039292882608787
818 1.5464895001157974
819 1.5464895001157974
820 1.5464895001157974
821 1.270287507209584
822 2.2141444382714375
823 2.2141444382714375
824 2.2141444382714375
825 2.133331460810346
826 2.133331460810346
827 2.133331460810346
828 1.627269087805372
829 1.627269087805372
830 1.627269087805372
831 1.4881111313270567
832 1.4881111313270567
833 1.4881111313270567
834 1.645805598182399
835 1.645805598182399
836 1.645805598182399
837 1.1029158368985525
838 1.1029158368985525
839 1.1029158368985525
840 1.5395655996216153
841 1.5395655996216153
842 1.5395655996216153
843 1.534728869741919
844 1.534728869741919
845 1.534728869741919
846 1.9019513757694584
847 1.9019513757694584
848 1.9019513757694584
849 1.6283825877972542
850 1.6283825877972542
851 1.6283825877972542
852 1.9824338063054587
853 1.9824338063054587
854 1.9824338063054587
855 1.8227832631238488
856 1.8227832631238488
857 1.8227832631238488
858 1.4366240744286143
859 1.4366240744286143
860 1.4366240744286143
861 0.9004175022502652
862 0.9004175022502652
863 0.9004175022502652
864 1.8847210209994436
865 1.8847210209994436
866 1.8847210209994436
867 1.8460422538233072
868 1.8460422538233072
869 1.8460422538233072
870 1.92825308445664
871 1.92825308445664
872 1.92825308445664
873 1.7989137969091809
874 1.7989137969091809
875 1.7989137969091809
876 1.5716517542311554
877 1.5716517542311554
878 1.5716517542311554
879 1.662096179627977
880 1.662096179627977
881 1.662096179627977
882 1.4769703241431262
883 1.4769703241431262
884 1.4769703241431262
885 1.6533429923771472
886 1.6533429923771472
887 1.6533429923771472
888 1.3946258692145244
889 1.3946258692145244
890 1.3946258692145244
891 1.8484227525844725
892 1.8484227525844725
893 1.8484227525844725
894 1.3038238060221126
895 1.3038238060221126
896 1.3038238060221126
897 1.869400379563559
898 1.869400379563559
899 1.869400379563559
900 0.5889674521304048
901 0.5889674521304048
902 0.5889674521304048
903 0.8006025406049045
904 0.8006025406049045
905 0.8006025406049045
906 1.3000600567053615
907 1.3000600567053615
908 1.3000600567053615
909 1.6345013387071377
910 1.6345013387071377
911 1.6345013387071377
912 1.2701130829518674
913 1.2701130829518674
914 1.2701130829518674
915 1.852762053599393
916 1.852762053599393
917 1.852762053599393
918 1.0560412393131882
919 1.0560412393131882
920 1.0560412393131882
921 1.257961731616924
922 1.257961731616924
923 1.257961731616924
924 1.2494303076983402
925 1.2494303076983402
926 1.2494303076983402
927 1.285257117197348
928 1.9709134232788939
929 1.9709134232788939
930 1.9709134232788939
931 1.8365724240310486
932 1.8365724240310486
933 1.8365724240310486
934 1.2865230880200973
935 1.2865230880200973
936 1.3197470218359364
937 1.3197470218359364
938 1.3197470218359364
939 1.0712590412661875
940 1.0712590412661875
941 1.0712590412661875
942 1.303396879288015
943 1.303396879288015
944 1.303396879288015
945 1.0190943012125857
946 1.0190943012125857
947 1.0190943012125857
948 0.6306499471339044
949 0.6306499471339044
950 0.6306499471339044
951 1.3510282815160637
952 1.3510282815160637
953 1.3510282815160637
954 1.345465038576557
955 1.345465038576557
956 1.345465038576557
957 0.8626442616000953
958 0.8626442616000953
959 0.8626442616000953
960 1.1000694871938845
961 1.1000694871938845
962 1.1000694871938845
963 1.0618197462161492
964 1.0618197462161492
965 1.0618197462161492
966 0.9248370373897571
967 0.9248370373897571
968 0.9248370373897571
969 1.0694742700701523
970 1.0694742700701523
971 1.0694742700701523
972 0.957799853654045
973 0.957799853654045
974 0.957799853654045
975 0.8560875836937982
976 0.8560875836937982
977 0.8560875836937982
978 0.9655954938049744
979 0.9655954938049744
980 0.9655954938049744
981 1.34162791654289
982 1.34162791654289
983 1.34162791654289
984 0.963881555661236
985 0.963881555661236
986 0.963881555661236
987 0.9564158715667128
988 0.9564158715667128
989 0.9564158715667128
990 1.6128345340681238
991 1.6128345340681238
992 1.6128345340681238
993 1.18486835870918
994 1.18486835870918
995 1.18486835870918
996 0.8042417913427305
997 0.8042417913427305
998 0.8042417913427305
999 1.3913924677468121
1000 1.3913924677468121
1001 1.3913924677468121
1002 1.0335576390905248
1003 1.0335576390905248
1004 1.0335576390905248
1005 1.196806262449477
1006 1.196806262449477
1007 1.196806262449477
1008 1.3043444157919697
1009 1.3043444157919697
1010 1.3043444157919697
1011 0.7936311601039963
1012 0.7936311601039963
1013 0.7936311601039963
1014 1.4113993614256435
1015 1.4113993614256435
1016 1.4113993614256435
1017 0.732921085820703
1018 0.732921085820703
1019 0.732921085820703
1020 0.6729038185063307
1021 0.6729038185063307
1022 0.6729038185063307
1023 1.1363234746693822
1024 1.1363234746693822
1025 1.1363234746693822
1026 1.1774407068309967
1027 1.1774407068309967
1028 1.1774407068309967
1029 1.4140530990934845
1030 1.4140530990934845
1031 1.4140530990934845
1032 1.0398160348068803
1033 1.0398160348068803
1034 1.0398160348068803
1035 0.9633263362301188
1036 0.9633263362301188
1037 0.9633263362301188
1038 1.1163541304819693
1039 1.1163541304819693
1040 1.1163541304819693
1041 0.8778029688990905
1042 0.8778029688990905
1043 0.8778029688990905
1044 0.6595487799888423
1045 0.6595487799888423
1046 0.6595487799888423
1047 1.0663978459259413
1048 1.0663978459259413
1049 1.0663978459259413
1050 1.0433449706199416
1051 1.0433449706199416
1052 1.0433449706199416
1053 1.0558759478637008
1054 1.0558759478637008
1055 1.0558759478637008
1056 1.223737864461646
1057 1.223737864461646
1058 1.223737864461646
1059 0.862208623552107
1060 0.862208623552107
1061 0.862208623552107
1062 1.379919094682459
1063 1.379919094682459
1064 1.379919094682459
1065 0.9995894871379764
1066 0.9995894871379764
1067 0.9995894871379764
1068 0.9606218244160996
1069 0.9606218244160996
1070 0.9606218244160996
1071 1.38520439177486
1072 1.38520439177486
1073 1.38520439177486
1074 1.384434735689318
1075 1.384434735689318
1076 1.384434735689318
1077 0.9343765289752304
1078 0.9343765289752304
1079 0.9343765289752304
1080 1.1585142418457148
1081 1.1585142418457148
1082 1.1585142418457148
1083 1.3647184446947627
1084 1.3647184446947627
1085 1.3647184446947627
1086 1.0076888827908077
1087 1.0076888827908077
1088 1.0076888827908077
1089 0.8715947840787139
1090 0.8715947840787139
1091 0.8715947840787139
1092 1.1174279124299618
1093 1.1174279124299618
1094 1.1174279124299618
1095 0.868965325429733
1096 0.868965325429733
1097 0.868965325429733
1098 0.9827141512466855
1099 0.9827141512466855
1100 0.9827141512466855
1101 0.6246790680647326
1102 0.6246790680647326
1103 0.6246790680647326
1104 0.7220875515593621
1105 0.7220875515593621
1106 0.7220875515593621
1107 0.6487457529925753
1108 0.6487457529925753
1109 0.6487457529925753
1110 1.2498848415440982
1111 1.2498848415440982
1112 1.2498848415440982
1113 1.2730198898952225
1114 1.2730198898952225
1115 1.2730198898952225
1116 1.0463305492537454
1117 1.0463305492537454
1118 1.0463305492537454
1119 1.3688351156018383
1120 1.3688351156018383
1121 1.3688351156018383
1122 0.8302105113435911
1123 0.8302105113435911
1124 0.8302105113435911
1125 1.1842981878816023
1126 1.1842981878816023
1127 1.1842981878816023
1128 1.2874656187076958
1129 1.2874656187076958
1130 1.2874656187076958
1131 1.356144254564706
1132 1.356144254564706
1133 1.356144254564706
1134 1.2329186063059239
1135 1.2329186063059239
1136 1.2329186063059239
1137 1.359272002360543
1138 1.359272002360543
1139 1.359272002360543
1140 1.060131436417071
1141 1.060131436417071
1142 1.060131436417071
1143 1.194133968204629
1144 1.194133968204629
1145 1.194133968204629
1146 1.579498081468179
1147 1.579498081468179
1148 1.579498081468179
1149 0.9661381680310521
1150 0.9661381680310521
1151 0.9661381680310521
1152 1.0985581214483768
1153 1.0985581214483768
1154 1.0985581214483768
1155 0.8138944348418153
1156 0.8138944348418153
1157 0.8138944348418153
1158 1.0659896787188454
1159 1.0659896787188454
1160 1.0659896787188454
1161 1.26785646550467
1162 1.26785646550467
1163 1.26785646550467
1164 1.0059770573832674
1165 1.0059770573832674
1166 1.0059770573832674
1167 1.0730749250004652
1168 1.0730749250004652
1169 1.0730749250004652
1170 1.1679586018049715
1171 1.1679586018049715
1172 1.1679586018049715
1173 0.8905674699007655
1174 0.8905674699007655
1175 0.8905674699007655
1176 1.5189694722893783
1177 1.5189694722893783
1178 1.5189694722893783
1179 1.18174625608483
1180 1.18174625608483
1181 1.18174625608483
1182 1.1493129826874071
1183 1.1493129826874071
1184 1.1493129826874071
1185 0.9708688599435629
1186 0.9708688599435629
1187 0.9708688599435629
1188 1.3117162067653956
1189 1.3117162067653956
1190 1.3117162067653956
1191 0.7291627123743626
1192 0.7291627123743626
1193 0.7291627123743626
1194 1.03962775135155
1195 1.03962775135155
1196 1.03962775135155
1197 0.7603377584786664
1198 0.7603377584786664
1199 0.7603377584786664
1200 1.3439306102556878
1201 1.3439306102556878
1202 1.3439306102556878
1203 0.9046485346138747
1204 0.9046485346138747
1205 0.9046485346138747
1206 1.1509288651811425
1207 1.1509288651811425
1208 1.1509288651811425
1209 0.9846389889525288
1210 0.9846389889525288
1211 0.9846389889525288
1212 0.928380487590263
1213 0.928380487590263
1214 0.928380487590263
1215 0.9109110834887669
1216 0.9109110834887669
1217 0.9109110834887669
1218 1.2799964776083264
1219 1.2799964776083264
1220 1.2799964776083264
1221 0.7727413496290975
1222 0.7727413496290975
1223 0.7727413496290975
1224 1.1936637148220925
1225 1.1936637148220925
1226 1.1936637148220925
1227 1.0096775502013862
1228 1.0096775502013862
1229 1.0096775502013862
1230 1.0113904560781377
1231 1.0113904560781377
1232 1.0113904560781377
1233 0.7400476787738302
1234 0.7400476787738302
1235 0.7400476787738302
1236 0.9982406760355842
1237 0.9982406760355842
1238 0.9982406760355842
1239 1.2652014671510516
1240 1.2652014671510516
1241 1.2652014671510516
1242 1.1685114082301737
1243 1.1685114082301737
1244 1.1685114082301737
1245 1.0968659365213167
1246 1.0968659365213167
1247 1.0968659365213167
1248 1.1365827445254888
1249 1.1365827445254888
1250 1.1365827445254888
1251 0.7760888775694015
1252 0.7760888775694015
1253 0.7760888775694015
1254 1.0758440149572719
1255 1.0758440149572719
1256 1.0758440149572719
1257 1.4576900168917342
1258 1.4576900168917342
1259 1.4576900168917342
1260 1.0178774548883325
1261 1.0178774548883325
1262 1.0178774548883325
1263 1.5011465152136043
1264 1.5011465152136043
1265 1.5011465152136043
1266 1.1259999765708115
1267 1.1259999765708115
1268 1.1259999765708115
1269 1.1782033586244056
1270 1.1782033586244056
1271 1.1782033586244056
1272 1.2216384838707564
1273 1.2216384838707564
1274 1.2216384838707564
1275 0.9534824943140997
1276 0.9534824943140997
1277 0.9534824943140997
1278 0.8508060518114454
1279 0.8508060518114454
1280 0.8508060518114454
1281 1.2317323198027534
1282 1.2317323198027534
1283 1.2317323198027534
1284 0.49435692748574056
1285 0.49435692748574056
1286 0.49435692748574056
1287 1.0768317456900967
1288 1.0768317456900967
1289 1.0768317456900967
1290 1.1818853224246588
1291 1.1818853224246588
1292 1.1818853224246588
1293 1.1967682484078974
1294 1.1967682484078974
1295 1.1967682484078974
1296 1.4188787984339202
1297 1.4188787984339202
1298 1.4188787984339202
1299 0.6824874618359722
1300 0.6824874618359722
1301 0.6824874618359722
1302 0.9817449584530946
1303 0.9817449584530946
1304 0.9817449584530946
1305 1.1091729345411572
1306 1.1091729345411572
1307 1.1091729345411572
1308 0.9053832526058733
1309 0.9053832526058733
1310 0.9053832526058733
1311 1.1920226722125908
1312 1.1920226722125908
1313 1.1920226722125908
1314 1.0014917796979397
1315 1.0014917796979397
1316 1.0014917796979397
1317 1.1200842654479282
1318 1.1200842654479282
1319 1.1200842654479282
1320 0.7713263285413967
1321 0.7713263285413967
1322 0.7713263285413967
1323 0.9458043456108212
1324 0.9458043456108212
1325 0.9458043456108212
1326 1.0629462856174106
1327 1.0629462856174106
1328 1.0629462856174106
1329 1.1944754148416918
1330 1.1944754148416918
1331 1.1944754148416918
1332 1.0975572178995727
1333 1.0975572178995727
1334 1.0975572178995727
1335 1.3082026051769677
1336 1.3082026051769677
1337 1.3082026051769677
1338 0.9446074143940792
1339 0.9446074143940792
1340 0.9446074143940792
1341 1.2977842886859416
1342 1.2977842886859416
1343 1.2977842886859416
1344 1.1093187703507725
1345 1.1093187703507725
1346 1.1093187703507725
1347 0.851132674070949
1348 0.851132674070949
1349 0.851132674070949
1350 1.5215548415280804
1351 1.5215548415280804
1352 1.5215548415280804
1353 0.9985766441809534
1354 0.9985766441809534
1355 0.9985766441809534
1356 1.5513959479756276
1357 1.5513959479756276
1358 1.5513959479756276
1359 1.3752180663511298
1360 1.3752180663511298
1361 1.3752180663511298
1362 1.3717415060364109
1363 1.3717415060364109
1364 1.3717415060364109
1365 1.171124052331593
1366 1.171124052331593
1367 1.171124052331593
1368 1.133555599435931
1369 1.133555599435931
1370 1.133555599435931
1371 1.2092049995107508
1372 1.2092049995107508
1373 1.2092049995107508
1374 1.3647433452863758
1375 1.3647433452863758
1376 1.3647433452863758
1377 1.0750515662869058
1378 1.0750515662869058
1379 1.0750515662869058
1380 0.8050585572938235
1381 0.8050585572938235
1382 0.8050585572938235
1383 0.40600774359938674
1384 0.40600774359938674
1385 0.40600774359938674
1386 1.0403655919902082
1387 1.0403655919902082
1388 1.0403655919902082
1389 0.9016341233036642
1390 0.9016341233036642
1391 0.9016341233036642
1392 1.2461072224498424
1393 1.2461072224498424
1394 1.2461072224498424
1395 0.9884627145199014
1396 0.9884627145199014
1397 0.9884627145199014
1398 1.4362350735117584
1399 1.4362350735117584
1400 1.4362350735117584
1401 1.5693167291155246
1402 1.5693167291155246
1403 1.5693167291155246
1404 1.0585378840824367
1405 1.0585378840824367
1406 1.0585378840824367
1407 1.2300016884271177
1408 1.2300016884271177
1409 1.2300016884271177
1410 1.0696512685231854
1411 1.0696512685231854
1412 1.0696512685231854
1413 1.165207549541314
1414 1.165207549541314
1415 1.165207549541314
1416 1.1754682936801037
1417 1.1754682936801037
1418 1.1754682936801037
1419 0.9365555421605984
1420 0.9365555421605984
1421 0.9365555421605984
1422 1.233611733024089
1423 1.233611733024089
1424 1.233611733024089
1425 1.2508284709187445
1426 1.2508284709187445
1427 1.2508284709187445
1428 2.4590207535760364
1429 2.4590207535760364
1430 2.4590207535760364
1431 1.5988474491066151
1432 1.5988474491066151
1433 1.5988474491066151
1434 2.8619704912842274
1435 2.8619704912842274
1436 2.8619704912842274
1437 3.5617155672638177
1438 3.5617155672638177
1439 3.5617155672638177
1440 1.7613738502059508
1441 1.7613738502059508
1442 1.7613738502059508
1443 2.640047309597467
1444 2.640047309597467
1445 2.640047309597467
1446 2.8455353479102383
1447 2.8455353479102383
1448 2.8455353479102383
1449 2.212263822965061
1450 2.212263822965061
1451 2.212263822965061
1452 3.3307751671015486
1453 3.3307751671015486
1454 3.3307751671015486
1455 2.04503410261939
1456 2.04503410261939
1457 2.04503410261939
1458 2.712373155345424
1459 2.712373155345424
1460 2.712373155345424
1461 3.015135760848235
1462 3.015135760848235
1463 3.015135760848235
1464 2.5165740708698707
1465 2.5165740708698707
1466 2.5165740708698707
1467 2.642581539862277
1468 2.642581539862277
1469 2.642581539862277
1470 2.8168311121758225
1471 2.8168311121758225
1472 2.8168311121758225
1473 2.583735704782557
1474 2.583735704782557
1475 2.583735704782557
1476 2.0087691885108607
1477 2.0087691885108607
1478 2.0087691885108607
1479 3.3761503819042797
1480 3.3761503819042797
1481 3.3761503819042797
1482 2.5651377647009714
1483 2.5651377647009714
1484 2.5651377647009714
1485 1.8195415331958684
1486 1.8195415331958684
1487 1.8195415331958684
1488 2.055156732693309
1489 2.055156732693309
1490 2.055156732693309
1491 2.9688180883899147
1492 2.9688180883899147
1493 2.9688180883899147
1494 2.9246859880317504
1495 2.9246859880317504
1496 2.9246859880317504
1497 1.1258554904406728
1498 1.1258554904406728
1499 1.1258554904406728
1500 2.9764455384870776
1501 2.9764455384870776
1502 2.9764455384870776
1503 3.0972375739480587
1504 3.0972375739480587
1505 3.0972375739480587
1506 1.6288990248973128
1507 1.6288990248973128
1508 1.6288990248973128
1509 4.132326889584637
1510 4.132326889584637
1511 4.132326889584637
1512 2.5053554951690735
1513 2.5053554951690735
1514 2.5053554951690735
1515 2.773646985704488
1516 2.773646985704488
1517 2.773646985704488
1518 2.2130183471047182
1519 2.2130183471047182
1520 2.2130183471047182
1521 3.204306544547267
1522 3.204306544547267
1523 3.204306544547267
1524 1.589719409785015
1525 1.589719409785015
1526 1.589719409785015
1527 2.769982615264226
1528 2.769982615264226
1529 2.769982615264226
1530 1.493153236660791
1531 1.493153236660791
1532 1.493153236660791
1533 1.9561174122819822
1534 1.9561174122819822
1535 1.9561174122819822
1536 3.0000100193454187
1537 3.0000100193454187
1538 3.0000100193454187
1539 2.827091167145023
1540 2.827091167145023
1541 2.827091167145023
1542 2.0804588615468447
1543 2.0804588615468447
1544 2.0804588615468447
1545 1.8593907928663311
1546 1.8593907928663311
1547 1.8593907928663311
1548 2.3747586983480584
1549 2.3747586983480584
1550 2.3747586983480584
1551 1.8593850866814603
1552 1.8593850866814603
1553 1.8593850866814603
1554 2.9514137827066005
1555 2.9514137827066005
1556 2.9514137827066005
1557 2.6811256241534176
1558 2.6811256241534176
1559 2.6811256241534176
1560 3.1221015633920315
1561 3.1221015633920315
1562 3.1221015633920315
1563 1.997637119320761
1564 1.997637119320761
1565 1.997637119320761
1566 2.404449164564162
1567 2.404449164564162
1568 2.404449164564162
1569 1.8618325864036172
1570 1.8618325864036172
1571 1.8618325864036172
1572 1.9559228972770253
1573 1.9559228972770253
1574 1.9559228972770253
1575 2.2112809862359146
1576 2.2112809862359146
1577 2.2112809862359146
1578 1.853328845098558
1579 1.853328845098558
1580 1.853328845098558
1581 3.3673027900246675
1582 3.3673027900246675
1583 3.3673027900246675
1584 1.6848092349352717
1585 1.6848092349352717
1586 1.6848092349352717
1587 1.6659326868417965
1588 1.6659326868417965
1589 1.6659326868417965
1590 1.2045518745895156
1591 1.2045518745895156
1592 1.2045518745895156
1593 2.590204076147223
1594 2.590204076147223
1595 2.590204076147223
1596 2.2507089795586137
1597 2.2507089795586137
1598 2.2507089795586137
1599 3.763913656989141
1600 3.763913656989141
1601 3.763913656989141
1602 2.9687614831211344
1603 2.9687614831211344
1604 2.9687614831211344
1605 2.1417859989333246
1606 2.1417859989333246
1607 2.1417859989333246
1608 2.6041603917887537
1609 2.6041603917887537
1610 2.6041603917887537
1611 2.382535939977515
1612 2.382535939977515
1613 2.382535939977515
1614 1.6983234394134021
1615 1.6983234394134021
1616 1.6983234394134021
1617 2.808593322407285
1618 2.808593322407285
1619 2.808593322407285
1620 2.4663509084545288
1621 2.4663509084545288
1622 2.4663509084545288
1623 2.4287472461341766
1624 2.4287472461341766
1625 2.4287472461341766
1626 2.359238899228412
1627 2.359238899228412
1628 2.359238899228412
1629 3.127498003415395
1630 3.127498003415395
1631 3.127498003415395
1632 2.447055558001641
1633 2.447055558001641
1634 2.447055558001641
1635 1.4757458458978585
1636 1.4757458458978585
1637 1.4757458458978585
1638 2.07514449316514
1639 2.07514449316514
1640 2.07514449316514
1641 2.012892327960185
1642 2.012892327960185
1643 2.012892327960185
1644 3.276862254105282
1645 3.276862254105282
1646 3.276862254105282
1647 3.192588577323707
1648 3.192588577323707
1649 3.192588577323707
1650 0.9345857724488136
1651 0.9345857724488136
1652 0.9345857724488136
1653 3.3359602940068296
1654 3.3359602940068296
1655 3.3359602940068296
1656 1.6197977794598135
1657 1.6197977794598135
1658 1.6197977794598135
1659 1.9310960167608944
1660 1.9310960167608944
1661 1.9310960167608944
1662 1.8087236122598527
1663 1.8087236122598527
1664 1.8087236122598527
1665 1.9586497232043505
1666 1.9586497232043505
1667 1.9586497232043505
1668 2.2498899549148823
1669 2.2498899549148823
1670 2.2498899549148823
1671 2.687294863637369
1672 2.687294863637369
1673 2.687294863637369
1674 2.8480107927372558
1675 2.8480107927372558
1676 2.8480107927372558
1677 2.5152275175906316
1678 2.5152275175906316
1679 2.5152275175906316
1680 2.308315554590695
1681 2.308315554590695
1682 2.308315554590695
1683 1.3504022574458
1684 1.3504022574458
1685 1.3504022574458
1686 1.9624223984785871
1687 1.9624223984785871
1688 1.9624223984785871
1689 2.970618230140195
1690 2.970618230140195
1691 2.970618230140195
1692 1.605763375676128
1693 1.605763375676128
1694 1.605763375676128
1695 1.9509674156439436
1696 1.9509674156439436
1697 1.9509674156439436
1698 2.8526736102218395
1699 2.8526736102218395
1700 2.8526736102218395
1701 2.0976537144499936
1702 2.0976537144499936
1703 2.0976537144499936
1704 2.187896457794507
1705 2.187896457794507
1706 2.187896457794507
1707 3.158231610600779
1708 3.158231610600779
1709 3.158231610600779
1710 1.3674679618618484
1711 1.3674679618618484
1712 1.3674679618618484
1713 2.71785746291568
1714 2.71785746291568
1715 2.71785746291568
1716 2.4070949952822462
1717 2.4070949952822462
1718 2.4070949952822462
1719 2.669257766546988
1720 2.669257766546988
1721 2.669257766546988
1722 2.322344654200498
1723 2.322344654200498
1724 2.322344654200498
1725 3.290738795779314
1726 3.290738795779314
1727 3.290738795779314
1728 1.48287242343555
1729 1.48287242343555
1730 1.48287242343555
1731 1.7344802600237292
1732 1.7344802600237292
1733 1.7344802600237292
1734 2.2829312099481234
1735 2.2829312099481234
1736 2.2829312099481234
1737 2.0000346131859414
1738 2.0000346131859414
1739 2.0000346131859414
1740 2.6339321436577228
1741 2.6339321436577228
1742 2.6339321436577228
1743 2.4688096008434655
1744 2.4688096008434655
1745 2.4688096008434655
1746 3.4260159902781204
1747 3.4260159902781204
1748 3.4260159902781204
1749 3.0742398112705795
1750 3.0742398112705795
1751 3.0742398112705795
1752 2.3139825429879637
1753 2.3139825429879637
1754 2.3139825429879637
1755 3.1824567916454947
1756 3.1824567916454947
1757 3.1824567916454947
1758 2.13363326840115
1759 2.13363326840115
1760 2.13363326840115
1761 2.1289836046533654
1762 2.1289836046533654
1763 2.1289836046533654
1764 3.0021629448721474
1765 3.0021629448721474
1766 3.0021629448721474
1767 3.7414822527227405
1768 3.7414822527227405
1769 3.7414822527227405
1770 1.728164172860184
1771 1.728164172860184
1772 1.728164172860184
1773 2.8104718232674517
1774 2.8104718232674517
1775 2.8104718232674517
1776 2.3011912095147227
1777 2.3011912095147227
1778 2.3011912095147227
1779 1.9187367145646195
1780 1.9187367145646195
1781 1.9187367145646195
1782 1.5823216823091177
1783 1.5823216823091177
1784 1.5823216823091177
1785 3.291216448305213
1786 3.291216448305213
1787 3.291216448305213
1788 0.37272808143243585
1789 0.37272808143243585
1790 0.37272808143243585
1791 2.0817391109247083
1792 2.0817391109247083
1793 2.0817391109247083
1794 1.3569728587371952
1795 1.3569728587371952
1796 1.3569728587371952
1797 3.4142167221860595
1798 3.4142167221860595
1799 3.4142167221860595
1800 2.1421319420159923
1801 2.1421319420159923
1802 2.1421319420159923
1803 2.466987498751688
1804 2.466987498751688
1805 2.466987498751688
1806 2.4694844020604023
1807 2.4694844020604023
1808 2.4694844020604023
1809 2.7215493133175794
1810 2.7215493133175794
1811 2.7215493133175794
1812 2.931039512273939
1813 2.931039512273939
1814 2.931039512273939
1815 1.8201549254774911
1816 1.8201549254774911
1817 1.8201549254774911
1818 3.1595141740111115
1819 3.1595141740111115
1820 3.1595141740111115
1821 2.7635364556853625
1822 2.7635364556853625
1823 2.7635364556853625
1824 2.3770688211605404
1825 2.3770688211605404
1826 2.3770688211605404
1827 1.648770152296148
1828 1.648770152296148
1829 1.648770152296148
1830 2.463286243096091
1831 2.463286243096091
1832 2.463286243096091
1833 2.270186412696044
1834 2.270186412696044
1835 2.270186412696044
1836 2.5233545675021185
1837 2.5233545675021185
1838 2.5233545675021185
1839 1.8035228423882166
1840 1.8035228423882166
1841 1.8035228423882166
1842 2.6057379711750146
1843 2.6057379711750146
1844 2.6057379711750146
1845 2.3355709652707484
1846 2.3355709652707484
1847 2.3355709652707484
1848 2.6789921374289336
1849 2.6789921374289336
1850 2.6789921374289336
1851 2.686482569950416
1852 2.686482569950416
1853 2.686482569950416
1854 2.5054845366833165
1855 2.5054845366833165
1856 2.5054845366833165
1857 3.321859343605587
1858 3.321859343605587
1859 3.321859343605587
1860 2.276946910163231
1861 2.276946910163231
1862 2.276946910163231
1863 2.2077534472969873
1864 2.2077534472969873
1865 2.2077534472969873
1866 1.9249749207983404
1867 1.9249749207983404
1868 1.9249749207983404
1869 2.8062600201087884
1870 2.8062600201087884
1871 2.8062600201087884
1872 2.676805564229211
1873 2.676805564229211
1874 2.676805564229211
1875 3.060120947191206
1876 3.060120947191206
1877 3.060120947191206
1878 2.912482689998154
1879 2.912482689998154
1880 2.912482689998154
1881 2.5207882219098265
1882 2.5207882219098265
1883 2.5207882219098265
1884 2.49888398280416
1885 2.49888398280416
1886 2.49888398280416
1887 2.4740920388039758
1888 2.4740920388039758
1889 2.4740920388039758
1890 2.498986131653633
1891 2.498986131653633
1892 2.498986131653633
1893 2.5210275660842085
1894 2.5210275660842085
1895 2.5210275660842085
1896 2.072853572581352
1897 2.072853572581352
1898 2.072853572581352
1899 1.8990772783131438
1900 1.8990772783131438
1901 1.8990772783131438
1902 3.067293177991527
1903 3.067293177991527
1904 3.067293177991527
1905 2.817324783083225
1906 2.817324783083225
1907 2.817324783083225
1908 3.1582860064145013
1909 3.1582860064145013
1910 3.1582860064145013
1911 2.0611057028707984
1912 2.0611057028707984
1913 2.0611057028707984
1914 3.175213648813013
1915 3.175213648813013
1916 3.175213648813013
1917 3.0908107337194046
1918 3.0908107337194046
1919 3.0908107337194046
1920 1.353952858327581
1921 1.353952858327581
1922 1.353952858327581
1923 0.895091122623832
1924 0.895091122623832
1925 0.895091122623832
1926 1.1361745902018314
1927 1.1361745902018314
1928 1.1361745902018314
1929 1.5187106787434035
1930 1.5187106787434035
1931 1.5187106787434035
1932 1.4763533348273157
1933 1.4763533348273157
1934 1.4763533348273157
1935 1.336919046405137
1936 1.336919046405137
1937 1.336919046405137
1938 0.9819271627907189
1939 0.9819271627907189
1940 0.9819271627907189
1941 0.6024687791237057
1942 0.6024687791237057
1943 0.6024687791237057
1944 1.289032818484399
1945 1.289032818484399
1946 1.289032818484399
1947 1.071195169033759
1948 1.071195169033759
1949 1.071195169033759
1950 1.3189112013056499
1951 1.3189112013056499
1952 1.3189112013056499
1953 1.101095090194454
1954 1.101095090194454
1955 1.101095090194454
1956 1.1099894744655434
1957 1.1099894744655434
1958 1.1099894744655434
1959 1.1955984187850652
1960 1.1955984187850652
1961 1.1955984187850652
1962 1.1874257399429702
1963 1.1874257399429702
1964 1.1874257399429702
1965 1.0203054926524675
1966 1.0203054926524675
1967 1.0203054926524675
1968 1.8484206175893303
1969 1.8484206175893303
1970 1.8484206175893303
1971 0.9301534492729039
1972 0.9301534492729039
1973 0.9301534492729039
1974 0.9395754492008661
1975 0.9395754492008661
1976 0.9395754492008661
1977 1.0917351985837538
1978 1.0917351985837538
1979 1.0917351985837538
1980 1.1955260355858057
1981 1.1955260355858057
1982 1.1955260355858057
1983 1.0050480532649664
1984 2.3217256424366752
1985 2.3217256424366752
1986 2.3217256424366752
1987 2.7730473585650555
1988 2.7730473585650555
1989 2.7730473585650555
1990 2.482516571295721
1991 2.482516571295721
1992 2.482516571295721
1993 1.3779838255409649
1994 1.3779838255409649
1995 1.3779838255409649
1996 2.6987249280413756
1997 2.6987249280413756
1998 2.6987249280413756
1999 2.5444209335187695
