0 1.2638477527423162
1 1.2638477527423162
2 1.2638477527423162
3 1.2638477527423162
4 1.2638477527423162
5 1.6152619753761774
6 1.6152619753761774
7 1.6152619753761774
8 1.6152619753761774
9 3.044230354017682
10 3.044230354017682
11 3.044230354017682
12 3.044230354017682
13 3.044230354017682
14 4.376784379001588
15 4.376784379001588
16 4.376784379001588
17 4.376784379001588
18 2.200006514901078
19 2.200006514901078
20 2.200006514901078
21 2.200006514901078
22 2.200006514901078
23 1.7192865222721365
24 1.7192865222721365
25 1.7192865222721365
26 1.7192865222721365
27 4.802010218297942
28 4.802010218297942
29 4.802010218297942
30 4.802010218297942
31 4.802010218297942
32 3.9953344258661327
33 1.176606913751629
34 4.554860894109352
35 4.554860894109352
36 4.554860894109352
37 4.554860894109352
38 4.554860894109352
39 3.184682844602387
40 3.184682844602387
41 2.04557038654869
42 2.04557038654869
43 2.04557038654869
44 2.04557038654869
45 2.04557038654869
46 2.325418112812798
47 2.325418112812798
48 2.325418112812798
49 2.325418112812798
50 2.325418112812798
51 2.223974393475353
52 2.223974393475353
53 2.223974393475353
54 2.223974393475353
55 2.223974393475353
56 2.804432574363636
57 2.804432574363636
58 2.804432574363636
59 2.804432574363636
60 2.804432574363636
61 2.998084478903755
62 2.998084478903755
63 2.998084478903755
64 2.998084478903755
65 2.998084478903755
66 2.237127164570551
67 2.237127164570551
68 2.237127164570551
69 2.237127164570551
70 2.237127164570551
71 2.410528942953736
72 2.410528942953736
73 2.410528942953736
74 2.410528942953736
75 2.410528942953736
76 2.1520479490088977
77 2.1520479490088977
78 2.1520479490088977
79 3.3622046785467994
80 3.3622046785467994
81 3.3622046785467994
82 3.3622046785467994
83 3.3622046785467994
84 3.552265723663014
85 3.552265723663014
86 3.552265723663014
87 3.552265723663014
88 3.552265723663014
89 5.433732305371545
90 5.433732305371545
91 5.433732305371545
92 5.433732305371545
93 5.433732305371545
94 4.330781865369479
95 4.330781865369479
96 4.330781865369479
97 4.330781865369479
98 4.330781865369479
99 1.6620589622082786
100 1.6620589622082786
101 1.6620589622082786
102 1.6620589622082786
103 1.6620589622082786
104 1.8808486752732119
105 1.8808486752732119
106 1.8808486752732119
107 1.8808486752732119
108 2.4568203951782834
109 2.4568203951782834
110 2.4568203951782834
111 2.4568203951782834
112 2.4568203951782834
113 2.2621030080461884
114 2.2621030080461884
115 2.2621030080461884
116 2.2621030080461884
117 2.2621030080461884
118 3.0165831554267157
119 3.0165831554267157
120 3.0165831554267157
121 3.0165831554267157
122 3.0165831554267157
123 1.6529930977768887
124 1.6529930977768887
125 1.6529930977768887
126 1.6529930977768887
127 1.6529930977768887
128 1.8801597544572983
129 1.8801597544572983
130 1.8801597544572983
131 1.8801597544572983
132 1.8801597544572983
133 2.1809612438520163
134 2.1809612438520163
135 2.1809612438520163
136 2.1809612438520163
137 2.1809612438520163
138 2.158960929744498
139 2.158960929744498
140 2.158960929744498
141 2.158960929744498
142 2.158960929744498
143 2.1434316276342695
144 2.1434316276342695
145 2.1434316276342695
146 2.1434316276342695
147 2.1434316276342695
148 2.5560162488088665
149 2.5560162488088665
150 2.5560162488088665
151 2.5560162488088665
152 2.5560162488088665
153 2.8714849772262467
154 2.8714849772262467
155 2.8714849772262467
156 2.8714849772262467
157 2.8714849772262467
158 1.9859336454557168
159 1.9859336454557168
160 1.9859336454557168
161 1.9859336454557168
162 1.9859336454557168
163 2.504773360376668
164 2.504773360376668
165 2.504773360376668
166 2.504773360376668
167 2.504773360376668
168 2.244092963302572
169 2.244092963302572
170 2.244092963302572
171 2.244092963302572
172 2.244092963302572
173 2.5387004132438995
174 2.5387004132438995
175 2.5387004132438995
176 2.5387004132438995
177 2.5387004132438995
178 3.1701795507128407
179 3.1701795507128407
180 3.1701795507128407
181 3.1701795507128407
182 3.1701795507128407
183 3.5121058750933285
184 3.5121058750933285
185 3.5121058750933285
186 3.5121058750933285
187 3.5121058750933285
188 2.580629480697321
189 2.580629480697321
190 2.580629480697321
191 2.580629480697321
192 2.580629480697321
193 2.676309840801727
194 2.676309840801727
195 2.676309840801727
196 2.676309840801727
197 2.676309840801727
198 2.5099234001306656
199 2.5099234001306656
200 2.5099234001306656
201 2.5099234001306656
202 2.5099234001306656
203 2.5592519546779555
204 2.5592519546779555
205 2.5592519546779555
206 2.5592519546779555
207 2.5592519546779555
208 2.7600679396488794
209 2.7600679396488794
210 2.7600679396488794
211 2.7600679396488794
212 2.7600679396488794
213 2.372978697807259
214 2.372978697807259
215 2.372978697807259
216 2.372978697807259
217 2.372978697807259
218 2.7176313037242465
219 2.7176313037242465
220 2.7176313037242465
221 2.7176313037242465
222 1.3009971595706382
223 1.3009971595706382
224 1.3009971595706382
225 1.3009971595706382
226 1.3009971595706382
227 1.3952280196015767
228 1.3952280196015767
229 1.3952280196015767
230 1.3952280196015767
231 1.3952280196015767
232 0.7987029677266154
233 0.7987029677266154
234 0.7987029677266154
235 0.7987029677266154
236 0.7987029677266154
237 1.268790459046561
238 1.268790459046561
239 1.268790459046561
240 1.268790459046561
241 1.268790459046561
242 1.6237582284710743
243 1.6237582284710743
244 1.6237582284710743
245 1.6237582284710743
246 1.6237582284710743
247 1.299900473795144
248 1.299900473795144
249 1.299900473795144
250 1.299900473795144
251 1.299900473795144
252 0.9251781631017086
253 0.9251781631017086
254 0.9251781631017086
255 0.9251781631017086
256 0.9251781631017086
257 1.1485358912097055
258 1.1485358912097055
259 1.1485358912097055
260 1.1485358912097055
261 1.1485358912097055
262 1.2772059696697777
263 1.2772059696697777
264 1.2772059696697777
265 1.2772059696697777
266 1.2772059696697777
267 1.464243830644459
268 1.464243830644459
269 1.464243830644459
270 1.464243830644459
271 1.464243830644459
272 1.301972614315954
273 1.301972614315954
274 1.301972614315954
275 1.301972614315954
276 1.301972614315954
277 0.8730034759749872
278 0.8730034759749872
279 0.8730034759749872
280 0.8730034759749872
281 0.8730034759749872
282 0.9504119570837145
283 0.9504119570837145
284 0.9504119570837145
285 0.9504119570837145
286 0.9504119570837145
287 1.1093218472935185
288 1.1093218472935185
289 1.1093218472935185
290 1.1093218472935185
291 1.1093218472935185
292 1.2727725385215654
293 1.2727725385215654
294 2.7663335353063663
295 2.7663335353063663
296 2.7663335353063663
297 2.7663335353063663
298 2.7663335353063663
299 2.917655176732861
300 2.917655176732861
301 2.917655176732861
302 2.917655176732861
303 2.917655176732861
304 2.4170322353672296
305 2.4170322353672296
306 2.4170322353672296
307 2.4170322353672296
308 2.4170322353672296
309 2.8154501038521524
310 2.8154501038521524
311 2.8154501038521524
312 2.8154501038521524
313 2.8154501038521524
314 3.1343019620635673
315 3.1343019620635673
316 3.1343019620635673
317 3.1343019620635673
318 3.1343019620635673
319 2.187364832067292
320 2.187364832067292
321 2.187364832067292
322 2.187364832067292
323 2.187364832067292
324 2.9322736267721283
325 2.9322736267721283
326 2.9322736267721283
327 2.9322736267721283
328 2.9322736267721283
329 2.774740974683153
330 2.774740974683153
331 2.774740974683153
332 2.774740974683153
333 2.774740974683153
334 2.3590961385347065
335 2.3590961385347065
336 2.3590961385347065
337 2.3590961385347065
338 2.3590961385347065
339 3.2542692292192883
340 3.2542692292192883
341 3.2542692292192883
342 3.2542692292192883
343 3.2542692292192883
344 3.302178036539434
345 3.302178036539434
346 3.302178036539434
347 3.302178036539434
348 3.302178036539434
349 2.7290513241911083
350 2.7290513241911083
351 2.7290513241911083
352 2.7290513241911083
353 2.7290513241911083
354 2.6367398087409595
355 2.6367398087409595
356 2.6367398087409595
357 2.6367398087409595
358 2.6367398087409595
359 2.2445067068729325
360 2.2445067068729325
361 2.2445067068729325
362 2.2445067068729325
363 2.2445067068729325
364 2.6444827383700757
365 0.7887181065661509
366 0.7887181065661509
367 0.7887181065661509
368 0.7887181065661509
369 0.7887181065661509
370 0.5884371037823256
371 0.5884371037823256
372 0.5884371037823256
373 0.5884371037823256
374 0.5884371037823256
375 0.647311854315781
376 0.647311854315781
377 0.647311854315781
378 0.647311854315781
379 0.647311854315781
380 0.7565401615456957
381 0.7565401615456957
382 0.7565401615456957
383 0.7565401615456957
384 0.7565401615456957
385 0.6891163429067328
386 0.6891163429067328
387 0.6891163429067328
388 0.6891163429067328
389 0.6891163429067328
390 0.820228453323613
391 0.820228453323613
392 0.820228453323613
393 0.820228453323613
394 0.820228453323613
395 0.5764042814721191
396 0.5764042814721191
397 0.5764042814721191
398 0.5764042814721191
399 0.5764042814721191
400 0.6607617713432706
401 0.6607617713432706
402 0.6607617713432706
403 0.6607617713432706
404 0.6607617713432706
405 0.5817234041504882
406 0.5817234041504882
407 0.5817234041504882
408 0.5817234041504882
409 0.5817234041504882
410 0.5808110538808777
411 0.5808110538808777
412 0.5808110538808777
413 0.5808110538808777
414 1.9348669279123225
415 1.9348669279123225
416 1.9348669279123225
417 1.9348669279123225
418 1.9348669279123225
419 1.7037147397822165
420 1.7037147397822165
421 1.7037147397822165
422 1.7037147397822165
423 1.7037147397822165
424 1.4459803430702958
425 1.4459803430702958
426 1.4459803430702958
427 4.47144119900392
428 4.47144119900392
429 4.47144119900392
430 4.47144119900392
431 4.47144119900392
432 3.656395187397749
433 3.656395187397749
434 3.656395187397749
435 3.656395187397749
436 3.656395187397749
437 3.502579489087628
438 3.502579489087628
439 3.502579489087628
440 3.502579489087628
441 3.502579489087628
442 4.039160480064188
443 4.039160480064188
444 4.039160480064188
445 4.039160480064188
446 4.039160480064188
447 4.125517642990916
448 4.125517642990916
449 4.125517642990916
450 4.125517642990916
451 4.125517642990916
452 3.488218023091031
453 3.488218023091031
454 3.488218023091031
455 3.488218023091031
456 3.488218023091031
457 3.51258270748785
458 3.0131595815829075
459 3.0131595815829075
460 3.0131595815829075
461 3.0131595815829075
462 3.0131595815829075
463 2.517685023324639
464 2.517685023324639
465 2.517685023324639
466 2.517685023324639
467 2.517685023324639
468 2.4366160698581125
469 2.4366160698581125
470 2.4366160698581125
471 2.4366160698581125
472 2.4366160698581125
473 2.2406232440125424
474 2.2406232440125424
475 2.2406232440125424
476 2.2406232440125424
477 2.2406232440125424
478 2.131529043398881
479 2.131529043398881
480 2.131529043398881
481 2.131529043398881
482 2.131529043398881
483 2.548525780411089
484 2.548525780411089
485 2.548525780411089
486 2.548525780411089
487 2.548525780411089
488 2.6146957086521114
489 2.6146957086521114
490 2.6146957086521114
491 2.6146957086521114
492 2.6146957086521114
493 3.0505357000471136
494 3.0505357000471136
495 3.0505357000471136
496 3.0505357000471136
497 3.0505357000471136
498 2.9184455381413494
499 2.9184455381413494
500 2.9184455381413494
501 2.9184455381413494
502 2.9184455381413494
503 1.999502320555709
504 1.999502320555709
505 1.999502320555709
506 1.999502320555709
507 1.999502320555709
508 3.122983848602285
509 3.122983848602285
510 3.122983848602285
511 3.122983848602285
512 3.122983848602285
513 2.345058009210587
514 2.345058009210587
515 2.345058009210587
516 2.345058009210587
517 2.345058009210587
518 2.1881670949534198
519 2.1881670949534198
520 3.3853603414052413
521 3.3853603414052413
522 2.3057746128644148
523 2.3057746128644148
524 2.3057746128644148
525 2.3057746128644148
526 2.3057746128644148
527 2.202686607831114
528 2.202686607831114
529 2.202686607831114
530 2.202686607831114
531 2.202686607831114
532 1.9508583769553998
533 1.9508583769553998
534 1.9508583769553998
535 1.9508583769553998
536 1.9508583769553998
537 2.366668978964918
538 2.366668978964918
539 2.366668978964918
540 2.366668978964918
541 2.366668978964918
542 1.9154624085352325
543 1.9154624085352325
544 1.9154624085352325
545 1.9154624085352325
546 1.9154624085352325
547 2.281377849434156
548 2.281377849434156
549 2.281377849434156
550 2.281377849434156
551 1.1270136333832774
552 1.1270136333832774
553 1.1270136333832774
554 1.1270136333832774
555 1.1270136333832774
556 1.0407112308657505
557 1.0407112308657505
558 1.0407112308657505
559 1.0407112308657505
560 1.0407112308657505
561 0.9304765331784767
562 0.9304765331784767
563 0.9304765331784767
564 0.9304765331784767
565 0.9304765331784767
566 1.2144833670623663
567 1.2144833670623663
568 1.2144833670623663
569 1.2144833670623663
570 1.2144833670623663
571 1.4617683367639338
572 1.4617683367639338
573 1.4617683367639338
574 1.4617683367639338
575 1.4617683367639338
576 0.6278805226207209
577 0.6278805226207209
578 0.6278805226207209
579 2.645651804120254
580 2.645651804120254
581 2.645651804120254
582 2.645651804120254
583 2.645651804120254
584 3.4805532184064942
585 3.4805532184064942
586 3.4805532184064942
587 3.4805532184064942
588 3.4805532184064942
589 3.899867041528365
590 3.899867041528365
591 3.899867041528365
592 3.899867041528365
593 3.899867041528365
594 3.8650652940230166
595 3.8650652940230166
596 3.8650652940230166
597 3.8650652940230166
598 3.8650652940230166
599 3.2987058262904587
600 3.2987058262904587
601 3.2987058262904587
602 3.2987058262904587
603 3.2987058262904587
604 3.78289727485729
605 3.78289727485729
606 3.78289727485729
607 3.78289727485729
608 3.78289727485729
609 3.134549813502131
610 3.134549813502131
611 3.134549813502131
612 3.134549813502131
613 3.134549813502131
614 3.2749495487613016
615 3.2749495487613016
616 3.2749495487613016
617 3.2749495487613016
618 0.5970062337070379
619 0.5970062337070379
620 0.5970062337070379
621 0.5970062337070379
622 0.5970062337070379
623 0.6978172398201175
624 0.6978172398201175
625 0.6978172398201175
626 0.6978172398201175
627 0.6978172398201175
628 0.7623891791560207
629 0.7623891791560207
630 0.7623891791560207
631 0.7623891791560207
632 0.7623891791560207
633 0.6846507318528664
634 0.6846507318528664
635 0.6846507318528664
636 0.6846507318528664
637 0.6846507318528664
638 0.5485812108009532
639 0.5485812108009532
640 0.5485812108009532
641 0.5485812108009532
642 0.5485812108009532
643 0.974978601683134
644 0.974978601683134
645 0.974978601683134
646 0.974978601683134
647 0.974978601683134
648 0.6153410541903772
649 0.6153410541903772
650 0.6153410541903772
651 0.6153410541903772
652 0.6153410541903772
653 0.5926806400079605
654 0.5926806400079605
655 0.5926806400079605
656 0.5926806400079605
657 0.5926806400079605
658 0.735660617602091
659 0.735660617602091
660 0.735660617602091
661 0.735660617602091
662 0.735660617602091
663 0.7939755426736445
664 0.7939755426736445
665 0.7939755426736445
666 0.7939755426736445
667 0.7939755426736445
668 0.6063137216087424
669 0.6063137216087424
670 0.6063137216087424
671 0.6063137216087424
672 0.6063137216087424
673 0.7494939623765586
674 2.0711266987076686
675 2.0711266987076686
676 2.0711266987076686
677 2.0711266987076686
678 2.0711266987076686
679 2.681193720719257
680 5.0806249623363895
681 5.0806249623363895
682 5.0806249623363895
683 5.0806249623363895
684 5.0806249623363895
685 5.353559542356626
686 5.353559542356626
687 5.353559542356626
688 5.353559542356626
689 5.353559542356626
690 4.300861383997893
691 4.300861383997893
692 4.300861383997893
693 4.300861383997893
694 4.300861383997893
695 5.49362456921226
696 5.49362456921226
697 5.49362456921226
698 5.49362456921226
699 5.49362456921226
700 3.078396902749982
701 3.078396902749982
702 3.078396902749982
703 3.078396902749982
704 3.078396902749982
705 5.939286588817072
706 5.939286588817072
707 5.939286588817072
708 5.939286588817072
709 5.939286588817072
710 4.143332257368681
711 4.143332257368681
712 4.143332257368681
713 4.143332257368681
714 4.143332257368681
715 5.778330840148144
716 5.778330840148144
717 5.778330840148144
718 5.778330840148144
719 5.778330840148144
720 4.859478096132378
721 4.859478096132378
722 4.859478096132378
723 4.859478096132378
724 4.859478096132378
725 4.670236587873415
726 4.670236587873415
727 4.670236587873415
728 4.670236587873415
729 4.670236587873415
730 3.9433754693369902
731 3.9433754693369902
732 3.9433754693369902
733 3.9433754693369902
734 3.9433754693369902
735 4.42728750687674
736 4.42728750687674
737 4.42728750687674
738 4.42728750687674
739 4.42728750687674
740 3.920468435802596
741 3.920468435802596
742 3.920468435802596
743 3.920468435802596
744 3.920468435802596
745 5.792040272980416
746 5.792040272980416
747 5.792040272980416
748 5.792040272980416
749 2.7399236549027988
750 2.7399236549027988
751 2.7399236549027988
752 2.7399236549027988
753 2.7399236549027988
754 2.850509685357359
755 2.850509685357359
756 2.850509685357359
757 2.850509685357359
758 2.850509685357359
759 2.5290579236938027
760 2.5290579236938027
761 2.5290579236938027
762 2.5290579236938027
763 2.5290579236938027
764 1.9719171132945854
765 1.9719171132945854
766 1.9719171132945854
767 1.9719171132945854
768 1.9719171132945854
769 1.939119556241337
770 1.939119556241337
771 1.939119556241337
772 3.4020322900187363
773 3.4020322900187363
774 3.4020322900187363
775 3.4020322900187363
776 3.4020322900187363
777 3.1714948739115503
778 3.1714948739115503
779 3.1714948739115503
780 3.1714948739115503
781 3.1714948739115503
782 3.2080096446970585
783 3.2080096446970585
784 3.2080096446970585
785 3.2080096446970585
786 3.2080096446970585
787 2.9586233207961685
788 2.9586233207961685
789 2.9586233207961685
790 2.9586233207961685
791 2.9586233207961685
792 3.2765785483410403
793 3.2765785483410403
794 3.2765785483410403
795 3.2765785483410403
796 3.2765785483410403
797 3.0132583548889373
798 3.0132583548889373
799 3.0132583548889373
800 3.0132583548889373
801 3.0132583548889373
802 3.0884251825491296
803 3.0884251825491296
804 3.0884251825491296
805 3.0884251825491296
806 3.0884251825491296
807 3.3626212627498395
808 3.3626212627498395
809 3.3626212627498395
810 3.3626212627498395
811 3.3626212627498395
812 2.8809312696517875
813 2.8809312696517875
814 2.8809312696517875
815 2.8809312696517875
816 2.8809312696517875
817 2.6469397359984828
818 2.6469397359984828
819 2.6469397359984828
820 2.6469397359984828
821 2.6469397359984828
822 2.9697575611395997
823 2.9697575611395997
824 2.9697575611395997
825 2.9697575611395997
826 2.9697575611395997
827 3.7453329621679767
828 3.7453329621679767
829 3.7453329621679767
830 3.7453329621679767
831 3.7453329621679767
832 3.0773434557198835
833 3.0773434557198835
834 3.0773434557198835
835 3.0773434557198835
836 3.0773434557198835
837 2.821200184591012
838 2.821200184591012
839 2.821200184591012
840 2.821200184591012
841 2.821200184591012
842 3.399385203344127
843 3.399385203344127
844 3.399385203344127
845 3.399385203344127
846 3.399385203344127
847 2.3918869920115906
848 2.3918869920115906
849 2.3918869920115906
850 2.3918869920115906
851 2.3918869920115906
852 2.2121438104074174
853 2.2121438104074174
854 2.2121438104074174
855 2.2121438104074174
856 2.2121438104074174
857 3.510008741817887
858 3.510008741817887
859 3.510008741817887
860 3.510008741817887
861 3.510008741817887
862 2.7992575283389862
863 2.7992575283389862
864 2.7992575283389862
865 2.7992575283389862
866 2.7992575283389862
867 4.029664485384136
868 4.029664485384136
869 4.029664485384136
870 4.029664485384136
871 4.029664485384136
872 2.5087796135882936
873 2.5087796135882936
874 2.5087796135882936
875 2.5087796135882936
876 2.5087796135882936
877 3.6448648178450656
878 3.6448648178450656
879 3.6448648178450656
880 3.6448648178450656
881 3.6448648178450656
882 3.140505662012097
883 3.140505662012097
884 3.140505662012097
885 3.140505662012097
886 3.140505662012097
887 2.6751161204211873
888 2.6751161204211873
889 2.6751161204211873
890 2.6751161204211873
891 2.6751161204211873
892 3.0898661398201472
893 3.0898661398201472
894 3.0898661398201472
895 3.0898661398201472
896 3.0898661398201472
897 3.3645913282931224
898 3.3645913282931224
899 3.3645913282931224
900 3.3645913282931224
901 3.3645913282931224
902 0.723353742517977
903 0.723353742517977
904 0.723353742517977
905 0.723353742517977
906 0.723353742517977
907 0.7213577018790429
908 0.7213577018790429
909 0.7213577018790429
910 0.7213577018790429
911 0.7213577018790429
912 0.8772777732784924
913 0.8772777732784924
914 0.8772777732784924
915 0.8772777732784924
916 0.8772777732784924
917 0.573787166304274
918 0.573787166304274
919 0.573787166304274
920 0.573787166304274
921 0.573787166304274
922 0.7750746107927792
923 0.7750746107927792
924 0.7750746107927792
925 0.7750746107927792
926 0.7750746107927792
927 0.7517163220325954
928 0.7517163220325954
929 0.7517163220325954
930 0.7517163220325954
931 0.7517163220325954
932 0.9180232575752167
933 0.9180232575752167
934 0.9180232575752167
935 0.9180232575752167
936 0.9180232575752167
937 0.665107352474452
938 0.665107352474452
939 2.3449214553333624
940 2.3449214553333624
941 2.3449214553333624
942 2.3449214553333624
943 2.3449214553333624
944 2.685925426614498
945 2.685925426614498
946 2.685925426614498
947 2.685925426614498
948 2.685925426614498
949 3.0526231917345137
950 3.0526231917345137
951 3.0526231917345137
952 3.0526231917345137
953 3.0526231917345137
954 3.590840973077703
955 3.590840973077703
956 3.590840973077703
957 3.590840973077703
958 3.590840973077703
959 2.6278942090055324
960 2.6278942090055324
961 2.6278942090055324
962 2.6278942090055324
963 2.6278942090055324
964 2.823482133799927
965 2.823482133799927
966 2.823482133799927
967 2.823482133799927
968 2.823482133799927
969 2.929953640891222
970 2.929953640891222
971 2.929953640891222
972 2.929953640891222
973 2.929953640891222
974 2.7650578733055062
975 2.7650578733055062
976 2.7650578733055062
977 2.7650578733055062
978 2.7650578733055062
979 3.1752741650959266
980 3.1752741650959266
981 3.1752741650959266
982 3.1752741650959266
983 3.1752741650959266
984 2.6040230411902634
985 2.6040230411902634
986 2.6040230411902634
987 2.6040230411902634
988 2.6040230411902634
989 3.0873626009124764
990 3.0873626009124764
991 3.0873626009124764
992 3.0873626009124764
993 3.0873626009124764
994 2.9784026886619226
995 2.9784026886619226
996 2.9784026886619226
997 2.9784026886619226
998 2.9784026886619226
999 3.07123419176048
1000 3.07123419176048
1001 3.07123419176048
1002 3.07123419176048
1003 3.07123419176048
1004 3.063398143863214
1005 3.063398143863214
1006 3.063398143863214
1007 3.063398143863214
1008 3.063398143863214
1009 3.0148031301954563
1010 3.0148031301954563
1011 3.0148031301954563
1012 3.0148031301954563
1013 3.0148031301954563
1014 2.5913923199438056
1015 2.5913923199438056
1016 2.5913923199438056
1017 2.5913923199438056
1018 2.5913923199438056
1019 2.5159048707557954
1020 2.5159048707557954
1021 2.5159048707557954
1022 2.5159048707557954
1023 2.5159048707557954
1024 2.3862045824158216
1025 2.3862045824158216
1026 2.3862045824158216
1027 2.2679294099412814
1028 2.2679294099412814
1029 2.2679294099412814
1030 2.2679294099412814
1031 2.2679294099412814
1032 2.6788557233563157
1033 2.6788557233563157
1034 2.6788557233563157
1035 2.6788557233563157
1036 2.6788557233563157
1037 2.431202376821386
1038 2.431202376821386
1039 2.431202376821386
1040 2.431202376821386
1041 2.431202376821386
1042 2.5186095038057
1043 2.5186095038057
1044 2.5186095038057
1045 2.5186095038057
1046 2.5186095038057
1047 3.1937314210143826
1048 3.1937314210143826
1049 3.1937314210143826
1050 3.1937314210143826
1051 3.1937314210143826
1052 3.1457832340341465
1053 3.1457832340341465
1054 3.1457832340341465
1055 3.1457832340341465
1056 3.1457832340341465
1057 3.3235896316599978
1058 3.3235896316599978
1059 3.3235896316599978
1060 3.3235896316599978
1061 3.3235896316599978
1062 2.708576573472248
1063 2.708576573472248
1064 1.2313030770393154
1065 1.2313030770393154
1066 1.2313030770393154
1067 1.2313030770393154
1068 1.2313030770393154
1069 1.0810871971102887
1070 1.0810871971102887
1071 1.0810871971102887
1072 1.0810871971102887
1073 1.0810871971102887
1074 1.2243879606363002
1075 1.2243879606363002
1076 1.2243879606363002
1077 1.2243879606363002
1078 1.2243879606363002
1079 1.088436831456515
1080 1.088436831456515
1081 1.088436831456515
1082 1.088436831456515
1083 1.088436831456515
1084 1.122913505459281
1085 1.122913505459281
1086 1.122913505459281
1087 2.9388225420914775
1088 2.9388225420914775
1089 2.9388225420914775
1090 2.9388225420914775
1091 2.9388225420914775
1092 2.108371720404314
1093 2.108371720404314
1094 2.108371720404314
1095 2.108371720404314
1096 2.108371720404314
1097 1.8140344101094676
1098 1.8140344101094676
1099 1.8140344101094676
1100 1.8140344101094676
1101 1.8140344101094676
1102 2.0732402250602653
1103 2.0732402250602653
1104 2.0732402250602653
1105 2.0732402250602653
1106 2.0732402250602653
1107 2.677158402028629
1108 2.677158402028629
1109 2.677158402028629
1110 2.677158402028629
1111 2.677158402028629
1112 2.7450947981390126
1113 2.7450947981390126
1114 2.7450947981390126
1115 2.7450947981390126
1116 2.7450947981390126
1117 2.4045273646114973
1118 2.4045273646114973
1119 2.4045273646114973
1120 2.4045273646114973
1121 3.689505565338035
1122 3.689505565338035
1123 3.689505565338035
1124 3.689505565338035
1125 3.689505565338035
1126 3.5174664399314572
1127 3.5174664399314572
1128 3.5174664399314572
1129 3.5174664399314572
1130 3.5174664399314572
1131 3.2837350481357723
1132 3.2837350481357723
1133 3.2837350481357723
1134 3.2837350481357723
1135 3.2837350481357723
1136 3.9391601670875502
1137 3.9391601670875502
1138 3.9391601670875502
1139 3.9391601670875502
1140 3.9391601670875502
1141 3.674746147688076
1142 3.674746147688076
1143 3.674746147688076
1144 3.674746147688076
1145 3.674746147688076
1146 3.224408220304591
1147 3.224408220304591
1148 3.224408220304591
1149 3.224408220304591
1150 3.224408220304591
1151 4.1976476452621325
1152 4.1976476452621325
1153 0.7226689925932016
1154 0.7226689925932016
1155 0.7226689925932016
1156 0.7226689925932016
1157 0.7226689925932016
1158 0.7816660980782292
1159 0.7816660980782292
1160 0.7816660980782292
1161 0.7816660980782292
1162 0.7816660980782292
1163 0.7183834576408549
1164 0.7183834576408549
1165 0.7183834576408549
1166 0.7183834576408549
1167 0.7183834576408549
1168 0.5311483677014723
1169 0.5311483677014723
1170 0.5311483677014723
1171 0.5311483677014723
1172 0.5311483677014723
1173 0.48968202829059393
1174 0.48968202829059393
1175 2.7903679984793763
1176 2.7903679984793763
1177 2.7903679984793763
1178 2.7903679984793763
1179 2.7903679984793763
1180 3.001849831931151
1181 3.001849831931151
1182 3.001849831931151
1183 3.001849831931151
1184 3.001849831931151
1185 2.5930655687110757
1186 2.5930655687110757
1187 2.5930655687110757
1188 2.5930655687110757
1189 1.1003760670470064
1190 1.1003760670470064
1191 1.1003760670470064
1192 1.1003760670470064
1193 1.1003760670470064
1194 1.1320349430303414
1195 1.1320349430303414
1196 1.1320349430303414
1197 1.1320349430303414
1198 1.1320349430303414
1199 1.2673650849077938
1200 1.2673650849077938
1201 1.2673650849077938
1202 1.2673650849077938
1203 1.2673650849077938
1204 1.2814753623483077
1205 1.2814753623483077
1206 1.2814753623483077
1207 1.2814753623483077
1208 1.2814753623483077
1209 1.0046252212616391
1210 1.0046252212616391
1211 1.0046252212616391
1212 1.0046252212616391
1213 1.0046252212616391
1214 1.271597559405543
1215 1.271597559405543
1216 1.271597559405543
1217 1.271597559405543
1218 1.271597559405543
1219 1.0112826763285698
1220 1.0112826763285698
1221 1.0112826763285698
1222 1.0112826763285698
1223 1.0112826763285698
1224 1.2528422002994755
1225 2.715830734481204
1226 2.715830734481204
1227 2.715830734481204
1228 2.715830734481204
1229 2.715830734481204
1230 2.0069391178256204
1231 2.0069391178256204
1232 2.0069391178256204
1233 2.0069391178256204
1234 2.0069391178256204
1235 3.187677892034033
1236 3.187677892034033
1237 3.187677892034033
1238 3.187677892034033
1239 3.187677892034033
1240 3.8163996439851635
1241 3.8163996439851635
1242 3.8163996439851635
1243 3.8163996439851635
1244 3.8163996439851635
1245 4.396941065540808
1246 4.396941065540808
1247 4.396941065540808
1248 4.396941065540808
1249 4.396941065540808
1250 2.737897020991584
1251 2.737897020991584
1252 2.737897020991584
1253 2.737897020991584
1254 2.737897020991584
1255 4.2018810603644425
1256 4.2018810603644425
1257 4.2018810603644425
1258 4.2018810603644425
1259 4.2018810603644425
1260 2.8590501006370284
1261 2.8590501006370284
1262 2.8590501006370284
1263 2.8590501006370284
1264 2.8590501006370284
1265 3.2015935945085685
1266 3.2015935945085685
1267 3.2015935945085685
1268 3.2015935945085685
1269 3.2015935945085685
1270 2.6865024820099572
1271 2.6865024820099572
1272 2.6865024820099572
1273 2.6865024820099572
1274 1.3523415477250267
1275 1.3523415477250267
1276 1.3523415477250267
1277 1.3523415477250267
1278 1.3523415477250267
1279 0.893171285736807
1280 0.893171285736807
1281 0.893171285736807
1282 0.893171285736807
1283 0.893171285736807
1284 1.130012555694398
1285 1.130012555694398
1286 1.130012555694398
1287 1.130012555694398
1288 1.130012555694398
1289 0.9675336751657467
1290 0.9675336751657467
1291 0.9675336751657467
1292 0.9675336751657467
1293 0.9675336751657467
1294 1.1051389407008896
1295 1.1051389407008896
1296 1.1051389407008896
1297 1.1051389407008896
1298 1.1051389407008896
1299 1.169293767157356
1300 1.169293767157356
1301 1.169293767157356
1302 1.169293767157356
1303 1.169293767157356
1304 0.8672954297145886
1305 0.8672954297145886
1306 0.8672954297145886
1307 0.8672954297145886
1308 0.8672954297145886
1309 0.963140888508542
1310 0.963140888508542
1311 0.963140888508542
1312 0.963140888508542
1313 0.963140888508542
1314 5.601081138738257
1315 5.601081138738257
1316 5.601081138738257
1317 5.601081138738257
1318 5.601081138738257
1319 4.0088614843363235
1320 4.0088614843363235
1321 4.0088614843363235
1322 4.0088614843363235
1323 4.0088614843363235
1324 3.3979353127960676
1325 3.3979353127960676
1326 3.3979353127960676
1327 3.3979353127960676
1328 3.3979353127960676
1329 4.131381448316631
1330 4.131381448316631
1331 4.131381448316631
1332 4.131381448316631
1333 4.131381448316631
1334 5.068877587220557
1335 5.068877587220557
1336 5.068877587220557
1337 5.068877587220557
1338 5.068877587220557
1339 3.0345047836183614
1340 3.0345047836183614
1341 3.0345047836183614
1342 3.0345047836183614
1343 3.0345047836183614
1344 4.001991650142156
1345 4.001991650142156
1346 4.001991650142156
1347 4.001991650142156
1348 4.001991650142156
1349 3.269104429451365
1350 3.269104429451365
1351 2.960250364041405
1352 2.960250364041405
1353 2.960250364041405
1354 2.960250364041405
1355 2.960250364041405
1356 3.1281172788365135
1357 3.1281172788365135
1358 3.1281172788365135
1359 3.1281172788365135
1360 3.1281172788365135
1361 3.5171280086889896
1362 3.5171280086889896
1363 3.5171280086889896
1364 3.5171280086889896
1365 3.5171280086889896
1366 1.659062310369985
1367 1.659062310369985
1368 1.659062310369985
1369 1.659062310369985
1370 1.659062310369985
1371 2.125326816286641
1372 2.125326816286641
1373 2.125326816286641
1374 2.125326816286641
1375 2.125326816286641
1376 3.039677405611166
1377 3.039677405611166
1378 3.039677405611166
1379 3.039677405611166
1380 3.039677405611166
1381 1.8679172170547589
1382 1.8679172170547589
1383 1.8679172170547589
1384 1.6064414382628622
1385 1.6064414382628622
1386 1.6064414382628622
1387 1.6064414382628622
1388 1.6064414382628622
1389 1.5051454223242482
1390 1.5051454223242482
1391 1.5051454223242482
1392 1.5051454223242482
1393 2.8336126766359024
1394 2.8336126766359024
1395 2.8336126766359024
1396 2.8336126766359024
1397 2.8336126766359024
1398 2.9633621548601146
1399 2.9633621548601146
1400 2.9633621548601146
1401 2.9633621548601146
1402 2.9633621548601146
1403 3.4703590077804667
1404 3.4703590077804667
1405 3.4703590077804667
1406 3.4703590077804667
1407 3.4703590077804667
1408 3.497403544035113
1409 3.497403544035113
1410 3.497403544035113
1411 3.497403544035113
1412 3.497403544035113
1413 3.6954212185532547
1414 3.6954212185532547
1415 3.6954212185532547
1416 3.6954212185532547
1417 3.6954212185532547
1418 4.430939628676117
1419 4.430939628676117
1420 4.430939628676117
1421 2.1736222389971798
1422 2.1736222389971798
1423 2.1736222389971798
1424 2.1736222389971798
1425 2.1736222389971798
1426 1.5334290695325608
1427 1.5334290695325608
1428 1.5334290695325608
1429 1.5334290695325608
1430 1.5334290695325608
1431 1.4602172821064687
1432 1.4602172821064687
1433 1.4602172821064687
1434 1.4602172821064687
1435 1.4602172821064687
1436 1.353558271238262
1437 1.353558271238262
1438 1.353558271238262
1439 1.353558271238262
1440 4.186051990433802
1441 4.186051990433802
1442 4.186051990433802
1443 4.186051990433802
1444 4.186051990433802
1445 4.005888488755236
1446 4.005888488755236
1447 4.005888488755236
1448 4.005888488755236
1449 4.005888488755236
1450 2.930162009548757
1451 2.930162009548757
1452 2.930162009548757
1453 2.930162009548757
1454 2.930162009548757
1455 3.808090160486757
1456 3.808090160486757
1457 3.808090160486757
1458 3.808090160486757
1459 3.808090160486757
1460 4.022347409729975
1461 4.022347409729975
1462 4.022347409729975
1463 4.022347409729975
1464 4.022347409729975
1465 4.371245535015738
1466 4.371245535015738
1467 4.371245535015738
1468 4.371245535015738
1469 4.371245535015738
1470 4.768220192464323
1471 4.768220192464323
1472 4.768220192464323
1473 4.768220192464323
1474 4.768220192464323
1475 4.593866160794667
1476 4.593866160794667
1477 4.593866160794667
1478 4.593866160794667
1479 4.593866160794667
1480 3.5832220727245794
1481 3.5832220727245794
1482 3.5832220727245794
1483 3.5832220727245794
1484 3.5832220727245794
1485 3.92305951527654
1486 3.92305951527654
1487 3.92305951527654
1488 3.92305951527654
1489 3.92305951527654
1490 3.594125922911438
1491 3.594125922911438
1492 3.594125922911438
1493 3.594125922911438
1494 3.594125922911438
1495 2.983310259568518
1496 2.983310259568518
1497 2.983310259568518
1498 2.983310259568518
1499 2.983310259568518
1500 3.5637610000219824
1501 3.5637610000219824
1502 3.5637610000219824
1503 3.5637610000219824
1504 3.5637610000219824
1505 4.283668831372577
1506 4.283668831372577
1507 4.283668831372577
1508 4.283668831372577
1509 4.283668831372577
1510 3.4147044464799605
1511 3.4147044464799605
1512 3.4147044464799605
1513 3.4147044464799605
1514 3.4147044464799605
1515 3.951666511592983
1516 3.951666511592983
1517 3.951666511592983
1518 3.951666511592983
1519 3.951666511592983
1520 3.4926210774208037
1521 2.117196324852961
1522 2.117196324852961
1523 2.117196324852961
1524 2.117196324852961
1525 2.117196324852961
1526 2.3439507511432707
1527 2.3439507511432707
1528 2.3439507511432707
1529 2.3439507511432707
1530 2.3439507511432707
1531 2.1842478990912126
1532 2.1842478990912126
1533 2.1842478990912126
1534 2.1842478990912126
1535 2.1842478990912126
1536 1.7398871850797444
1537 1.7398871850797444
1538 1.0419550509078495
1539 1.0419550509078495
1540 1.0419550509078495
1541 1.0419550509078495
1542 1.0419550509078495
1543 0.7812266724771318
1544 0.7812266724771318
1545 0.7812266724771318
1546 0.7812266724771318
1547 0.7812266724771318
1548 1.25410463607731
1549 1.25410463607731
1550 1.25410463607731
1551 1.25410463607731
1552 1.25410463607731
1553 1.5143812743502543
1554 1.5143812743502543
1555 1.5143812743502543
1556 1.5143812743502543
1557 1.5143812743502543
1558 0.8823502293435674
1559 0.8823502293435674
1560 0.8823502293435674
1561 0.8823502293435674
1562 0.8823502293435674
1563 0.8943296450821767
1564 0.8943296450821767
1565 0.8943296450821767
1566 0.8943296450821767
1567 0.8943296450821767
1568 1.0976001728981584
1569 1.0976001728981584
1570 1.0976001728981584
1571 1.0976001728981584
1572 1.0976001728981584
1573 0.7556645575290525
1574 0.7556645575290525
1575 0.7556645575290525
1576 0.7556645575290525
1577 0.7556645575290525
1578 0.9436195694769742
1579 0.9436195694769742
1580 0.9436195694769742
1581 0.9436195694769742
1582 0.9436195694769742
1583 1.0854889275998245
1584 1.0854889275998245
1585 1.0854889275998245
1586 1.0854889275998245
1587 1.0854889275998245
1588 1.2198420891310326
1589 1.2198420891310326
1590 1.2198420891310326
1591 1.2198420891310326
1592 1.2198420891310326
1593 1.197914181623623
1594 1.197914181623623
1595 1.197914181623623
1596 1.197914181623623
1597 1.197914181623623
1598 1.0689876116822756
1599 1.0689876116822756
1600 1.0689876116822756
1601 1.0689876116822756
1602 2.5672990261023894
1603 2.5672990261023894
1604 2.5672990261023894
1605 2.5672990261023894
1606 2.5672990261023894
1607 2.3502719422185936
1608 2.3502719422185936
1609 2.3502719422185936
1610 2.3502719422185936
1611 2.3502719422185936
1612 2.781892352040428
1613 2.781892352040428
1614 2.781892352040428
1615 2.781892352040428
1616 2.781892352040428
1617 2.41462375507538
1618 2.41462375507538
1619 2.41462375507538
1620 2.41462375507538
1621 2.41462375507538
1622 1.8610829248935334
1623 1.8610829248935334
1624 1.8610829248935334
1625 1.8610829248935334
1626 1.8610829248935334
1627 1.8006365378633389
1628 1.8006365378633389
1629 1.8006365378633389
1630 1.8006365378633389
1631 1.8006365378633389
1632 2.647834595910202
1633 2.647834595910202
1634 2.647834595910202
1635 2.647834595910202
1636 2.647834595910202
1637 1.8487880540183523
1638 1.8487880540183523
1639 1.8487880540183523
1640 1.8487880540183523
1641 1.370588900756961
1642 1.370588900756961
1643 1.370588900756961
1644 1.370588900756961
1645 1.370588900756961
1646 0.7977568249108711
1647 0.7977568249108711
1648 0.7977568249108711
1649 0.7977568249108711
1650 0.7977568249108711
1651 0.9933959887038981
1652 0.9933959887038981
1653 0.9933959887038981
1654 0.9933959887038981
1655 0.9933959887038981
1656 1.1390761681258894
1657 1.1390761681258894
1658 1.1390761681258894
1659 1.1390761681258894
1660 1.1390761681258894
1661 1.0286007603753076
1662 1.0286007603753076
1663 1.0286007603753076
1664 1.0286007603753076
1665 1.0286007603753076
1666 1.22094294451188
1667 1.22094294451188
1668 1.22094294451188
1669 1.22094294451188
1670 1.22094294451188
1671 1.2040743291737768
1672 1.2040743291737768
1673 1.2040743291737768
1674 1.2040743291737768
1675 1.2040743291737768
1676 1.470500033729663
1677 1.470500033729663
1678 1.470500033729663
1679 1.470500033729663
1680 1.470500033729663
1681 1.1312853705072956
1682 1.1312853705072956
1683 1.1312853705072956
1684 1.1312853705072956
1685 1.1312853705072956
1686 1.06587615614298
1687 1.06587615614298
1688 1.06587615614298
1689 1.06587615614298
1690 1.06587615614298
1691 1.0574737724541554
1692 1.0574737724541554
1693 1.0574737724541554
1694 1.0574737724541554
1695 1.0574737724541554
1696 1.2385854378524408
1697 1.2385854378524408
1698 1.2385854378524408
1699 1.2385854378524408
1700 1.2385854378524408
1701 0.9961323046160454
1702 0.9961323046160454
1703 0.9961323046160454
1704 0.9961323046160454
1705 0.9961323046160454
1706 1.3417042854937367
1707 1.3417042854937367
1708 1.3417042854937367
1709 1.3417042854937367
1710 1.3417042854937367
1711 1.2073679576518968
1712 1.2073679576518968
1713 1.2073679576518968
1714 1.2073679576518968
1715 1.2073679576518968
1716 1.214889243917302
1717 1.214889243917302
1718 1.214889243917302
1719 1.214889243917302
1720 1.214889243917302
1721 1.0998009979540204
1722 1.0998009979540204
1723 1.0998009979540204
1724 1.0998009979540204
1725 1.0998009979540204
1726 0.832601021668186
1727 0.832601021668186
1728 0.832601021668186
1729 0.832601021668186
1730 0.832601021668186
1731 1.133730425157378
1732 1.133730425157378
1733 1.133730425157378
1734 1.133730425157378
1735 1.133730425157378
1736 1.058251708285484
1737 1.058251708285484
1738 1.058251708285484
1739 1.058251708285484
1740 1.058251708285484
1741 1.1331067477439294
1742 1.1331067477439294
1743 1.1331067477439294
1744 1.1331067477439294
1745 1.1331067477439294
1746 1.4278808368766733
1747 1.4278808368766733
1748 1.4278808368766733
1749 1.4278808368766733
1750 1.4278808368766733
1751 1.131222506625319
1752 1.131222506625319
1753 1.131222506625319
1754 1.131222506625319
1755 1.131222506625319
1756 0.8228557531867636
1757 0.8228557531867636
1758 0.8228557531867636
1759 0.8228557531867636
1760 0.8228557531867636
1761 0.8223767622302036
1762 0.8223767622302036
1763 0.8223767622302036
1764 0.8223767622302036
1765 0.8223767622302036
1766 0.6930385618462387
1767 0.6930385618462387
1768 0.6930385618462387
1769 0.6930385618462387
1770 0.6930385618462387
1771 0.6793681755693796
1772 0.6793681755693796
1773 0.6793681755693796
1774 0.6793681755693796
1775 0.6793681755693796
1776 0.5742712477525945
1777 0.5742712477525945
1778 0.5742712477525945
1779 0.5742712477525945
1780 0.5742712477525945
1781 0.6873722781131474
1782 0.6873722781131474
1783 0.6873722781131474
1784 0.6873722781131474
1785 0.6873722781131474
1786 2.2970888898116635
1787 2.2970888898116635
1788 2.2970888898116635
1789 2.2970888898116635
1790 2.2970888898116635
1791 2.2932833326438176
1792 2.2932833326438176
1793 2.2932833326438176
1794 2.2932833326438176
1795 2.2932833326438176
1796 2.494995429075458
1797 2.494995429075458
1798 2.494995429075458
1799 2.494995429075458
1800 3.255668038720237
1801 3.255668038720237
1802 3.255668038720237
1803 3.255668038720237
1804 3.255668038720237
1805 3.6691529422271625
1806 3.6691529422271625
1807 1.332005941051443
1808 1.332005941051443
1809 1.332005941051443
1810 1.332005941051443
1811 1.332005941051443
1812 1.0604299837601332
1813 1.0604299837601332
1814 1.0604299837601332
1815 1.0604299837601332
1816 0.8030692289527503
1817 0.8030692289527503
1818 0.8030692289527503
1819 0.8030692289527503
1820 0.8030692289527503
1821 0.6179371347575122
1822 0.6179371347575122
1823 0.6179371347575122
1824 0.6179371347575122
1825 0.6179371347575122
1826 0.7712885763542764
1827 0.7712885763542764
1828 0.7712885763542764
1829 0.7712885763542764
1830 0.7712885763542764
1831 0.5131943471510052
1832 0.5131943471510052
1833 0.5131943471510052
1834 0.5131943471510052
1835 0.5131943471510052
1836 3.4102740733037753
1837 3.4102740733037753
1838 3.4102740733037753
1839 3.4102740733037753
1840 3.4102740733037753
1841 4.054504966582225
1842 4.054504966582225
1843 4.054504966582225
1844 4.054504966582225
1845 1.6941968956086448
1846 1.6941968956086448
1847 1.6941968956086448
1848 1.6941968956086448
1849 1.6941968956086448
1850 1.5861719793310667
1851 1.5861719793310667
1852 1.5861719793310667
1853 1.5861719793310667
1854 1.5861719793310667
1855 1.4470223651896206
1856 1.4470223651896206
1857 1.4470223651896206
1858 1.4470223651896206
1859 1.4470223651896206
1860 2.415769254699535
1861 2.415769254699535
1862 2.415769254699535
1863 2.415769254699535
1864 2.415769254699535
1865 2.223163034750813
1866 2.223163034750813
1867 2.223163034750813
1868 2.223163034750813
1869 2.223163034750813
1870 2.6996612040609573
1871 2.6996612040609573
1872 2.6996612040609573
1873 2.6996612040609573
1874 2.6996612040609573
1875 2.151960186005216
1876 2.151960186005216
1877 2.151960186005216
1878 2.151960186005216
1879 2.151960186005216
1880 2.4554900142072933
1881 2.4554900142072933
1882 2.4554900142072933
1883 2.4554900142072933
1884 1.256901357200481
1885 1.256901357200481
1886 1.256901357200481
1887 1.256901357200481
1888 1.256901357200481
1889 0.8671966305463725
1890 0.8671966305463725
1891 0.8671966305463725
1892 0.8671966305463725
1893 0.8671966305463725
1894 0.9981827820353415
1895 0.9981827820353415
1896 0.9981827820353415
1897 0.9981827820353415
1898 0.9981827820353415
1899 0.8851266449002412
1900 0.8851266449002412
1901 0.8851266449002412
1902 0.8851266449002412
1903 0.8851266449002412
1904 1.3840905096109661
1905 1.3840905096109661
1906 1.3840905096109661
1907 1.3840905096109661
1908 1.3840905096109661
1909 1.0708002140315602
1910 1.0708002140315602
1911 1.0708002140315602
1912 1.0708002140315602
1913 1.0708002140315602
1914 1.1946300352465113
1915 3.034069117686903
1916 3.034069117686903
1917 3.034069117686903
1918 3.034069117686903
1919 3.034069117686903
1920 3.661263432423102
1921 3.661263432423102
1922 3.661263432423102
1923 3.661263432423102
1924 3.661263432423102
1925 2.3517243115963025
1926 2.3517243115963025
1927 2.3517243115963025
1928 2.3517243115963025
1929 2.3517243115963025
1930 3.1233463756504043
1931 3.1233463756504043
1932 3.1233463756504043
1933 3.1233463756504043
1934 3.1233463756504043
1935 4.080767683863309
1936 4.080767683863309
1937 4.080767683863309
1938 4.080767683863309
1939 4.080767683863309
1940 2.577792659192643
1941 2.577792659192643
1942 2.577792659192643
1943 2.577792659192643
1944 2.577792659192643
1945 2.729190917945811
1946 2.729190917945811
1947 2.729190917945811
1948 2.729190917945811
1949 2.729190917945811
1950 3.061357551467788
1951 3.061357551467788
1952 3.061357551467788
1953 3.061357551467788
1954 3.061357551467788
1955 3.331347601480071
1956 3.331347601480071
1957 3.331347601480071
1958 3.331347601480071
1959 3.331347601480071
1960 3.389741025989367
1961 3.389741025989367
1962 3.389741025989367
1963 3.389741025989367
1964 1.3915273417572802
1965 1.3915273417572802
1966 1.3915273417572802
1967 1.3915273417572802
1968 1.3915273417572802
1969 1.0849312421373332
1970 1.0849312421373332
1971 1.0849312421373332
1972 1.0849312421373332
1973 1.0849312421373332
1974 1.3543621956927563
1975 1.3543621956927563
1976 1.3543621956927563
1977 1.3543621956927563
1978 1.3543621956927563
1979 1.050683604882836
1980 1.050683604882836
1981 1.050683604882836
1982 1.050683604882836
1983 2.4329588886827
1984 2.4329588886827
1985 2.4329588886827
1986 2.4329588886827
1987 2.4329588886827
1988 2.09120859184864
1989 2.09120859184864
1990 2.09120859184864
1991 2.09120859184864
1992 2.09120859184864
1993 1.167269611282133
1994 1.167269611282133
1995 1.167269611282133
1996 1.167269611282133
1997 1.167269611282133
1998 0.9205639904479008
1999 0.9205639904479008
