0 4.537821308711243
1 4.537821308711243
2 4.537821308711243
3 3.9214537452352864
4 3.9214537452352864
5 3.9214537452352864
6 4.7356102140510625
7 4.7356102140510625
8 4.7356102140510625
9 3.3962518110827773
10 1.7224688049838783
11 1.7224688049838783
12 1.7224688049838783
13 1.520869251396541
14 1.520869251396541
15 1.520869251396541
16 1.478619164702573
17 1.478619164702573
18 1.478619164702573
19 1.1683631599276072
20 1.1683631599276072
21 1.1683631599276072
22 1.3651575749119444
23 1.3651575749119444
24 1.3651575749119444
25 1.8181714232098471
26 1.8181714232098471
27 1.8181714232098471
28 2.030045379382689
29 2.030045379382689
30 2.030045379382689
31 1.841044224051409
32 1.841044224051409
33 1.841044224051409
34 1.5037254707434586
35 1.5037254707434586
36 1.5037254707434586
37 1.640316081435778
38 1.640316081435778
39 1.640316081435778
40 1.4015215814363615
41 1.4015215814363615
42 1.4015215814363615
43 1.4660321211014793
44 1.4660321211014793
45 1.4660321211014793
46 1.4762784087618754
47 1.4762784087618754
48 1.4762784087618754
49 1.5496712416746508
50 1.5496712416746508
51 1.5496712416746508
52 1.3533605827738353
53 1.3533605827738353
54 1.3533605827738353
55 1.3621791654280384
56 1.3621791654280384
57 1.3621791654280384
58 1.574774263348324
59 1.574774263348324
60 1.574774263348324
61 1.5168439969101895
62 1.5168439969101895
63 1.5168439969101895
64 1.4854611469481669
65 1.4854611469481669
66 1.4854611469481669
67 1.7880324546046265
68 1.7880324546046265
69 1.7880324546046265
70 1.914748733780854
71 1.914748733780854
72 1.914748733780854
73 1.610840246945008
74 1.610840246945008
75 1.610840246945008
76 1.5819514128138963
77 1.5819514128138963
78 1.5819514128138963
79 1.5776410386302273
80 1.5776410386302273
81 1.5776410386302273
82 1.8717521231949343
83 1.8717521231949343
84 1.8717521231949343
85 1.3832843704016975
86 1.3832843704016975
87 1.3832843704016975
88 1.8666315308118677
89 1.8666315308118677
90 1.8666315308118677
91 2.923422798527584
92 2.923422798527584
93 2.923422798527584
94 2.7240716302017627
95 2.7240716302017627
96 2.7240716302017627
97 3.069393634471623
98 3.069393634471623
99 3.069393634471623
100 3.0213932983007474
101 3.0213932983007474
102 0.5615360425348136
103 0.5615360425348136
104 3.439213602351675
105 3.439213602351675
106 3.439213602351675
107 2.5096772016681763
108 2.5096772016681763
109 2.5096772016681763
110 2.9738312758130228
111 2.9738312758130228
112 2.9738312758130228
113 2.1417999177517792
114 2.1417999177517792
115 2.79405024922132
116 2.79405024922132
117 2.79405024922132
118 2.508748412472266
119 2.508748412472266
120 2.508748412472266
121 2.8519498503950507
122 2.8519498503950507
123 2.8519498503950507
124 2.787241401263669
125 2.787241401263669
126 2.787241401263669
127 3.3194036395291087
128 3.885572700900361
129 3.885572700900361
130 3.885572700900361
131 3.062704922746077
132 3.062704922746077
133 3.062704922746077
134 4.6263524144391965
135 4.6263524144391965
136 4.6263524144391965
137 5.194625903451318
138 5.194625903451318
139 5.194625903451318
140 4.658741515642606
141 4.658741515642606
142 4.658741515642606
143 4.535644290417897
144 4.535644290417897
145 4.535644290417897
146 3.702101964809175
147 3.702101964809175
148 3.702101964809175
149 4.290650399425658
150 4.290650399425658
151 4.290650399425658
152 4.0497360693354665
153 4.0497360693354665
154 4.0497360693354665
155 4.164495439222606
156 4.164495439222606
157 1.3448124618631292
158 1.3448124618631292
159 1.3448124618631292
160 1.4750876679478262
161 0.17011422306715512
162 3.712792987684083
163 3.712792987684083
164 3.712792987684083
165 2.9862263181089865
166 2.9862263181089865
167 2.9862263181089865
168 3.6860166305094446
169 3.6860166305094446
170 3.6860166305094446
171 3.3220506042050304
172 3.3220506042050304
173 3.3220506042050304
174 3.626145686363064
175 3.626145686363064
176 3.626145686363064
177 1.8592293675047167
178 1.8592293675047167
179 1.8592293675047167
180 2.4872786451142836
181 2.4872786451142836
182 2.4872786451142836
183 3.1001198343160783
184 3.1001198343160783
185 3.1001198343160783
186 3.2947823151383044
187 3.2947823151383044
188 3.2947823151383044
189 3.5609019969223397
190 3.5609019969223397
191 3.5609019969223397
192 3.287175259095548
193 3.287175259095548
194 3.287175259095548
195 3.2357154026565054
196 3.2357154026565054
197 3.2357154026565054
198 3.45071779407655
199 3.45071779407655
200 3.45071779407655
201 4.239460089825654
202 4.239460089825654
203 4.239460089825654
204 4.595337116725197
205 1.67153853843982
206 1.67153853843982
207 1.67153853843982
208 1.6362854755021194
209 1.6362854755021194
210 1.6362854755021194
211 1.546334982511405
212 1.546334982511405
213 1.546334982511405
214 1.3430172965481888
215 1.3430172965481888
216 1.3430172965481888
217 1.6430776112850642
218 1.6430776112850642
219 1.6430776112850642
220 1.6617761865006968
221 1.6617761865006968
222 1.6617761865006968
223 1.2233596724295577
224 1.2233596724295577
225 1.2233596724295577
226 1.3182842893451812
227 1.3182842893451812
228 1.3182842893451812
229 1.7441603836256907
230 1.7441603836256907
231 1.7441603836256907
232 1.5938159884849372
233 1.5938159884849372
234 1.5938159884849372
235 1.6126744300205735
236 1.6126744300205735
237 1.6126744300205735
238 1.5800645544166378
239 1.5800645544166378
240 1.5800645544166378
241 1.5233223840470331
242 1.5233223840470331
243 1.5233223840470331
244 1.7179996300138924
245 1.7179996300138924
246 1.7179996300138924
247 1.6012925731487673
248 1.6012925731487673
249 1.6012925731487673
250 1.3513677927640746
251 1.3513677927640746
252 1.3513677927640746
253 1.5020237644102712
254 1.5020237644102712
255 1.5020237644102712
256 1.493687024544127
257 1.493687024544127
258 1.493687024544127
259 1.819434811565155
260 1.819434811565155
261 3.3643743013850913
262 3.3643743013850913
263 3.3643743013850913
264 3.507300890912267
265 3.507300890912267
266 3.507300890912267
267 3.010512690513238
268 3.010512690513238
269 3.010512690513238
270 2.842698369849779
271 2.842698369849779
272 2.842698369849779
273 3.3951237294424685
274 3.3951237294424685
275 3.3951237294424685
276 4.106512901313421
277 4.106512901313421
278 4.106512901313421
279 3.095537979971695
280 3.095537979971695
281 3.095537979971695
282 3.543807835459895
283 3.543807835459895
284 3.543807835459895
285 3.3196037129153
286 3.3196037129153
287 3.3196037129153
288 3.497068238753937
289 3.497068238753937
290 3.497068238753937
291 3.3593814826343578
292 3.3593814826343578
293 3.3593814826343578
294 4.232682673509933
295 4.232682673509933
296 4.232682673509933
297 3.328654173632207
298 3.328654173632207
299 3.328654173632207
300 2.8425193784839187
301 2.8425193784839187
302 0.7313160242465456
303 0.7313160242465456
304 0.7313160242465456
305 0.6827694341411309
306 0.6827694341411309
307 0.6827694341411309
308 0.6286289370039062
309 0.6286289370039062
310 0.6286289370039062
311 0.6690308672313152
312 0.6690308672313152
313 0.6690308672313152
314 0.6046969538641715
315 0.6046969538641715
316 0.6046969538641715
317 0.7268491622971368
318 0.7268491622971368
319 0.7268491622971368
320 0.684044810652407
321 0.684044810652407
322 0.684044810652407
323 0.609683604727857
324 0.609683604727857
325 0.609683604727857
326 0.5995590700506451
327 0.5995590700506451
328 0.5995590700506451
329 0.6143502428019028
330 0.6143502428019028
331 0.6143502428019028
332 0.634812057411125
333 0.634812057411125
334 0.634812057411125
335 0.5427990668249297
336 0.5427990668249297
337 0.5427990668249297
338 0.5204251238041547
339 0.5204251238041547
340 0.5204251238041547
341 0.5771809836767788
342 0.5771809836767788
343 0.5771809836767788
344 0.601550734712779
345 0.601550734712779
346 0.601550734712779
347 0.7253406440196964
348 0.7253406440196964
349 0.7253406440196964
350 0.7835919111378226
351 0.7835919111378226
352 0.7835919111378226
353 0.7374990980544919
354 0.7374990980544919
355 0.7374990980544919
356 0.8009600161402581
357 0.8009600161402581
358 0.8009600161402581
359 0.6991488466048454
360 0.6991488466048454
361 0.6991488466048454
362 0.6199512484539176
363 0.6199512484539176
364 0.6199512484539176
365 0.6301827987470043
366 0.6301827987470043
367 0.6301827987470043
368 0.5186741294436317
369 0.5186741294436317
370 0.5186741294436317
371 0.694672688376453
372 0.694672688376453
373 0.694672688376453
374 0.5667548749884895
375 0.5667548749884895
376 0.5667548749884895
377 0.5668875709904981
378 0.5668875709904981
379 0.5668875709904981
380 0.5916403535842589
381 0.5916403535842589
382 0.5916403535842589
383 2.807370774003695
384 2.807370774003695
385 2.807370774003695
386 3.5395011045992337
387 3.5395011045992337
388 3.5395011045992337
389 3.5951294002900096
390 3.5951294002900096
391 3.5951294002900096
392 3.0870895070476605
393 3.0870895070476605
394 3.0870895070476605
395 3.141386512871971
396 3.141386512871971
397 3.141386512871971
398 2.8207629436003634
399 2.8207629436003634
400 2.8207629436003634
401 3.4532195294627623
402 3.4532195294627623
403 3.4532195294627623
404 3.211664396378516
405 1.4275777984454578
406 1.4275777984454578
407 1.4275777984454578
408 1.1636432397162855
409 1.1636432397162855
410 1.1636432397162855
411 1.0513458784000036
412 1.0513458784000036
413 1.0513458784000036
414 1.3243844943638594
415 1.3243844943638594
416 1.3243844943638594
417 1.2586041518994762
418 1.2586041518994762
419 1.2586041518994762
420 0.8840673583562767
421 0.8840673583562767
422 0.8840673583562767
423 1.1281949450352533
424 1.1281949450352533
425 1.1281949450352533
426 1.2249436566624
427 1.2249436566624
428 1.2249436566624
429 0.9559494725346236
430 0.9559494725346236
431 0.9559494725346236
432 1.0324447452773962
433 1.0324447452773962
434 1.0324447452773962
435 1.0783982312342446
436 1.0783982312342446
437 1.0783982312342446
438 1.046687618950352
439 1.046687618950352
440 1.046687618950352
441 1.0650988665059051
442 1.0650988665059051
443 1.0650988665059051
444 1.3397421282492665
445 1.3397421282492665
446 1.3397421282492665
447 1.1326877938220148
448 1.1326877938220148
449 1.1326877938220148
450 1.179333203818842
451 1.179333203818842
452 1.179333203818842
453 0.8454954855655171
454 0.8454954855655171
455 0.8454954855655171
456 0.9807231017215747
457 0.9807231017215747
458 0.9807231017215747
459 1.2248014650730605
460 1.2248014650730605
461 1.2248014650730605
462 0.9074313932606497
463 0.9074313932606497
464 0.9074313932606497
465 1.275714427409851
466 1.275714427409851
467 1.275714427409851
468 0.9374363275345208
469 0.9374363275345208
470 0.9374363275345208
471 1.1892573346818212
472 1.1892573346818212
473 1.1892573346818212
474 1.287908231585955
475 1.287908231585955
476 1.287908231585955
477 1.1008313930484621
478 1.1008313930484621
479 1.1008313930484621
480 1.0566925182401603
481 1.0566925182401603
482 1.0566925182401603
483 1.3265293007614796
484 1.3265293007614796
485 1.3265293007614796
486 1.015983394999211
487 1.015983394999211
488 1.015983394999211
489 1.0599964813057623
490 1.0599964813057623
491 1.0599964813057623
492 1.0783403854202158
493 1.0783403854202158
494 1.0783403854202158
495 1.021540875229963
496 1.021540875229963
497 1.021540875229963
498 0.9581251797997528
499 0.9581251797997528
500 0.9581251797997528
501 1.236435334413359
502 1.236435334413359
503 1.236435334413359
504 1.1467373852918268
505 1.1467373852918268
506 1.1467373852918268
507 1.0154528164212455
508 3.2704282577932684
509 3.2704282577932684
510 3.2704282577932684
511 3.0936712989322293
512 3.0936712989322293
513 3.0936712989322293
514 2.5549453719905015
515 2.5549453719905015
516 2.5549453719905015
517 2.312585917528447
518 2.312585917528447
519 2.312585917528447
520 2.871973567039003
521 2.871973567039003
522 2.871973567039003
523 3.200296155848183
524 3.200296155848183
525 3.200296155848183
526 2.7232775761292585
527 2.7232775761292585
528 2.7232775761292585
529 1.0189475870901337
530 1.0189475870901337
531 1.0189475870901337
532 1.1147943035620314
533 1.1147943035620314
534 1.1147943035620314
535 1.2143247832285582
536 1.2143247832285582
537 1.2143247832285582
538 1.1877058889072478
539 1.1877058889072478
540 1.1877058889072478
541 1.0670332654047863
542 1.0670332654047863
543 1.0670332654047863
544 1.1353122306332342
545 1.1353122306332342
546 1.1353122306332342
547 0.9881424996732164
548 0.9881424996732164
549 0.9881424996732164
550 1.0856003497326159
551 1.0856003497326159
552 1.0856003497326159
553 1.1774998860304275
554 1.1774998860304275
555 1.1774998860304275
556 1.3106926137465684
557 3.751087724275274
558 3.751087724275274
559 3.751087724275274
560 3.876547048682283
561 3.876547048682283
562 3.876547048682283
563 3.9627603217183838
564 3.9627603217183838
565 3.9627603217183838
566 3.951475664093962
567 3.951475664093962
568 3.951475664093962
569 4.238567660619766
570 4.238567660619766
571 4.238567660619766
572 1.7579501402069337
573 1.7579501402069337
574 1.7579501402069337
575 1.7975724710013796
576 1.7975724710013796
577 1.7975724710013796
578 1.7873949149696173
579 1.7873949149696173
580 1.7873949149696173
581 2.252941769032777
582 2.252941769032777
583 2.252941769032777
584 1.4116785266870595
585 1.4116785266870595
586 1.4116785266870595
587 2.1139862353560703
588 2.1139862353560703
589 2.1139862353560703
590 1.8489836042647543
591 1.8489836042647543
592 1.8489836042647543
593 2.5735969775130867
594 3.522205951298196
595 3.522205951298196
596 3.522205951298196
597 3.314259233508995
598 3.314259233508995
599 3.314259233508995
600 3.8726465532144387
601 3.8726465532144387
602 3.8726465532144387
603 2.802210418937607
604 2.802210418937607
605 2.802210418937607
606 2.8194232232735175
607 2.8194232232735175
608 2.8194232232735175
609 3.336628394013981
610 3.336628394013981
611 3.336628394013981
612 3.49992251590433
613 3.49992251590433
614 3.49992251590433
615 3.4590497793997046
616 3.4590497793997046
617 3.4590497793997046
618 2.98707334636628
619 2.98707334636628
620 2.98707334636628
621 3.295621910588653
622 3.295621910588653
623 3.295621910588653
624 4.248155191454551
625 4.248155191454551
626 4.248155191454551
627 3.248849943935902
628 3.248849943935902
629 3.248849943935902
630 3.117327888356691
631 3.117327888356691
632 3.117327888356691
633 3.528884468888763
634 3.528884468888763
635 3.528884468888763
636 2.825441211611775
637 2.825441211611775
638 2.825441211611775
639 3.2079872903610247
640 3.2079872903610247
641 3.2079872903610247
642 3.6928470248092164
643 3.6928470248092164
644 3.6928470248092164
645 3.386350310581885
646 3.386350310581885
647 3.386350310581885
648 2.827276608843441
649 2.827276608843441
650 2.1088124745074994
651 2.1088124745074994
652 2.1088124745074994
653 2.6444469035416756
654 2.6444469035416756
655 2.6444469035416756
656 1.9285501868997037
657 1.9285501868997037
658 1.9285501868997037
659 1.8952051930830867
660 1.8952051930830867
661 1.8952051930830867
662 1.771187580962388
663 1.771187580962388
664 1.771187580962388
665 1.8546955258685387
666 1.8546955258685387
667 1.8546955258685387
668 2.0322378745108516
669 2.0322378745108516
670 2.0322378745108516
671 2.2091223079861098
672 2.2091223079861098
673 2.2091223079861098
674 1.5791089519499888
675 1.5791089519499888
676 1.5791089519499888
677 2.2550616489969846
678 2.2550616489969846
679 2.2550616489969846
680 1.6966210489565852
681 1.6966210489565852
682 1.6966210489565852
683 1.4931620812757715
684 1.4931620812757715
685 1.4931620812757715
686 1.8521066172433367
687 1.8521066172433367
688 1.8521066172433367
689 2.1224708635952267
690 2.1224708635952267
691 2.1224708635952267
692 2.3214247618199484
693 2.3214247618199484
694 2.3214247618199484
695 1.6957845325382075
696 1.6957845325382075
697 1.6957845325382075
698 1.9530045308266057
699 1.9530045308266057
700 1.9530045308266057
701 1.8359416899862868
702 1.8359416899862868
703 1.8359416899862868
704 1.8148560143543957
705 1.8148560143543957
706 1.8148560143543957
707 2.108854597796389
708 2.108854597796389
709 2.108854597796389
710 2.1408954088561627
711 2.1408954088561627
712 2.1408954088561627
713 1.6832905890049878
714 1.6832905890049878
715 1.6832905890049878
716 1.719544505944516
717 1.719544505944516
718 1.719544505944516
719 2.158075510870255
720 2.158075510870255
721 2.158075510870255
722 1.523400910820823
723 1.523400910820823
724 1.523400910820823
725 1.5553885089953488
726 1.5553885089953488
727 1.5553885089953488
728 2.2986012602626618
729 2.2986012602626618
730 2.2986012602626618
731 2.2132645203907386
732 2.2132645203907386
733 2.2132645203907386
734 1.7730771616450167
735 1.7730771616450167
736 1.7730771616450167
737 2.063930196222633
738 2.063930196222633
739 2.063930196222633
740 2.2338712716718714
741 2.2338712716718714
742 2.2338712716718714
743 1.8609735205280395
744 1.8609735205280395
745 1.8609735205280395
746 1.671817995434948
747 1.671817995434948
748 1.671817995434948
749 1.9058475608661987
750 1.9058475608661987
751 1.9058475608661987
752 2.3849193097021253
753 2.3849193097021253
754 2.3849193097021253
755 1.746669666487397
756 1.746669666487397
757 3.004243677483104
758 3.004243677483104
759 3.004243677483104
760 3.0857852497900025
761 3.0857852497900025
762 3.0857852497900025
763 3.0705346044326913
764 3.0705346044326913
765 3.0705346044326913
766 3.704859678060515
767 3.704859678060515
768 3.704859678060515
769 2.381883120975781
770 1.2558491351067849
771 1.2558491351067849
772 1.2558491351067849
773 1.1542134672034963
774 1.1542134672034963
775 1.1542134672034963
776 0.8369366427705675
777 0.8369366427705675
778 0.8369366427705675
779 1.080586521696982
780 1.080586521696982
781 1.080586521696982
782 0.995607900913823
783 0.995607900913823
784 0.995607900913823
785 1.2310921917604358
786 1.2310921917604358
787 1.2310921917604358
788 1.1940814670730662
789 1.1940814670730662
790 1.1940814670730662
791 0.9850616661360374
792 0.9850616661360374
793 0.9850616661360374
794 0.8687935865763644
795 0.8687935865763644
796 0.8687935865763644
797 0.8974006144258748
798 0.8974006144258748
799 0.8974006144258748
800 1.0739355873775829
801 1.0739355873775829
802 1.0739355873775829
803 1.0600312712718964
804 1.0600312712718964
805 1.0600312712718964
806 1.1391158466926383
807 1.1391158466926383
808 1.1391158466926383
809 1.1135865178430087
810 1.1135865178430087
811 1.1135865178430087
812 1.0583175457319451
813 1.0583175457319451
814 1.0583175457319451
815 2.6717868897505705
816 2.6717868897505705
817 2.6717868897505705
818 2.374015690920748
819 2.374015690920748
820 2.374015690920748
821 2.63446724695537
822 2.63446724695537
823 2.63446724695537
824 2.0766013745417884
825 2.0766013745417884
826 2.0766013745417884
827 2.4128020805594868
828 2.4128020805594868
829 2.4128020805594868
830 1.7354042331350763
831 1.7354042331350763
832 1.7354042331350763
833 2.472163099166126
834 2.472163099166126
835 2.472163099166126
836 1.719324110561353
837 1.719324110561353
838 1.719324110561353
839 2.2411126458231885
840 2.2411126458231885
841 2.2411126458231885
842 2.116504617330794
843 2.116504617330794
844 2.116504617330794
845 2.2090122520914166
846 2.2090122520914166
847 2.2090122520914166
848 2.419214816704243
849 2.419214816704243
850 2.419214816704243
851 2.7230553113375797
852 2.7230553113375797
853 2.7230553113375797
854 2.3952227595630413
855 2.3952227595630413
856 2.3952227595630413
857 2.2942700138794008
858 2.2942700138794008
859 2.2942700138794008
860 1.9520537750381997
861 1.9520537750381997
862 1.9520537750381997
863 1.8168042768868775
864 1.8168042768868775
865 1.8168042768868775
866 1.8206115118623354
867 1.8206115118623354
868 1.8206115118623354
869 1.9157057243801676
870 1.9157057243801676
871 1.9157057243801676
872 1.9420288559180618
873 1.9420288559180618
874 1.9420288559180618
875 3.113523689100476
876 3.113523689100476
877 3.113523689100476
878 2.7211310124560897
879 2.7211310124560897
880 2.7211310124560897
881 1.5291984114399864
882 1.5291984114399864
883 1.5291984114399864
884 1.7469103452833228
885 2.826509127851854
886 2.826509127851854
887 2.826509127851854
888 2.906808113196213
889 2.906808113196213
890 2.906808113196213
891 2.3868131782544912
892 2.3868131782544912
893 2.3868131782544912
894 2.5554562606303923
895 2.5554562606303923
896 2.5554562606303923
897 2.404498778556848
898 2.404498778556848
899 2.404498778556848
900 3.3244665108063693
901 3.3244665108063693
902 3.3244665108063693
903 2.772515201716202
904 2.772515201716202
905 2.772515201716202
906 3.2238849084291403
907 3.2238849084291403
908 3.2238849084291403
909 2.2000500008510375
910 1.1806909973897373
911 1.1806909973897373
912 1.1806909973897373
913 1.3268655378255887
914 1.3268655378255887
915 1.3268655378255887
916 0.7959260643822996
917 0.7959260643822996
918 0.7959260643822996
919 0.7181263167285461
920 0.7181263167285461
921 0.7181263167285461
922 0.7932813531512887
923 0.7932813531512887
924 0.7932813531512887
925 0.735031096864122
926 0.735031096864122
927 0.735031096864122
928 0.6316820504579046
929 0.6316820504579046
930 1.8075718292158034
931 1.8075718292158034
932 1.8075718292158034
933 2.447903611781546
934 2.447903611781546
935 2.447903611781546
936 1.8618612922057773
937 1.8618612922057773
938 1.8618612922057773
939 2.0866933533244825
940 2.0866933533244825
941 2.0866933533244825
942 2.0087896429286634
943 2.0087896429286634
944 2.0087896429286634
945 2.065237828856145
946 2.065237828856145
947 2.065237828856145
948 2.101598402215839
949 2.101598402215839
950 2.101598402215839
951 1.9737685378375875
952 1.9737685378375875
953 1.9737685378375875
954 2.27897182796345
955 2.8357937143777088
956 2.8357937143777088
957 2.8357937143777088
958 3.175076176521549
959 3.175076176521549
960 3.175076176521549
961 3.3297640354507703
962 3.3297640354507703
963 3.3297640354507703
964 2.9647213281377085
965 2.9647213281377085
966 2.9647213281377085
967 3.1980361451480768
968 3.1980361451480768
969 3.1980361451480768
970 3.4328499079923205
971 3.4328499079923205
972 3.4328499079923205
973 3.140467862236851
974 3.140467862236851
975 3.140467862236851
976 2.6210510083001584
977 2.6210510083001584
978 2.6210510083001584
979 2.7950003767566813
980 2.7950003767566813
981 2.7950003767566813
982 2.731469505954379
983 2.731469505954379
984 2.731469505954379
985 3.543022892686591
986 3.543022892686591
987 3.543022892686591
988 3.105789861819453
989 3.105789861819453
990 3.105789861819453
991 2.5384460650257052
992 2.5384460650257052
993 2.5384460650257052
994 2.8841557124737642
995 2.8841557124737642
996 2.8841557124737642
997 3.068731903472182
998 3.068731903472182
999 3.068731903472182
1000 3.0234873119129775
1001 3.0234873119129775
1002 3.0234873119129775
1003 3.634213250924381
1004 3.634213250924381
1005 3.634213250924381
1006 2.8146780759376147
1007 2.8146780759376147
1008 2.8146780759376147
1009 2.1133860481280675
1010 2.1133860481280675
1011 2.1133860481280675
1012 3.0767588902554732
1013 3.0767588902554732
1014 3.0767588902554732
1015 3.1518693047241397
1016 3.1518693047241397
1017 3.1518693047241397
1018 2.487827136167673
1019 2.487827136167673
1020 3.4282105261690288
1021 3.4282105261690288
1022 3.4282105261690288
1023 4.793553032713614
1024 4.793553032713614
1025 1.30636943950417
1026 1.30636943950417
1027 1.30636943950417
1028 1.1157300274163358
1029 1.1157300274163358
1030 1.1157300274163358
1031 1.028776668818588
1032 1.028776668818588
1033 1.028776668818588
1034 1.2095423445930098
1035 1.2095423445930098
1036 1.2095423445930098
1037 1.1556713758070165
1038 1.1556713758070165
1039 1.1556713758070165
1040 1.2264853926000798
1041 1.2264853926000798
1042 1.2264853926000798
1043 1.3304539936911515
1044 1.3304539936911515
1045 1.3304539936911515
1046 1.2041706319484264
1047 1.2041706319484264
1048 1.2041706319484264
1049 1.146040150461239
1050 1.146040150461239
1051 2.826602359173836
1052 2.826602359173836
1053 2.826602359173836
1054 2.559352723076944
1055 2.559352723076944
1056 2.559352723076944
1057 3.311728488352868
1058 3.311728488352868
1059 3.311728488352868
1060 2.801209117139476
1061 2.801209117139476
1062 2.801209117139476
1063 3.542922809359415
1064 3.542922809359415
1065 3.542922809359415
1066 3.3016099808724393
1067 3.3016099808724393
1068 3.3016099808724393
1069 3.0127811692709465
1070 3.0127811692709465
1071 3.0127811692709465
1072 2.645076252029205
1073 2.645076252029205
1074 2.645076252029205
1075 2.6186881953615404
1076 2.6186881953615404
1077 2.6186881953615404
1078 3.8643029548634047
1079 3.8643029548634047
1080 3.8643029548634047
1081 3.1610071514237332
1082 3.1610071514237332
1083 3.1610071514237332
1084 2.8994545040227426
1085 2.8994545040227426
1086 2.8994545040227426
1087 3.1636439533866465
1088 3.1636439533866465
1089 3.1636439533866465
1090 3.0289514455403
1091 3.0289514455403
1092 3.0289514455403
1093 3.3126002775320287
1094 3.3126002775320287
1095 3.3126002775320287
1096 3.176762577113807
1097 3.176762577113807
1098 3.176762577113807
1099 3.1714934870544256
1100 3.1714934870544256
1101 3.1714934870544256
1102 2.6448988294520963
1103 2.6448988294520963
1104 2.6448988294520963
1105 2.613165420759595
1106 2.613165420759595
1107 2.613165420759595
1108 2.276719727325511
1109 2.276719727325511
1110 2.276719727325511
1111 3.2614013722312225
1112 3.2614013722312225
1113 3.2614013722312225
1114 2.7484744871244393
1115 2.7484744871244393
1116 2.7484744871244393
1117 2.699029464047286
1118 2.699029464047286
1119 2.699029464047286
1120 2.6006430366649966
1121 2.6006430366649966
1122 2.6006430366649966
1123 2.554808245285236
1124 2.554808245285236
1125 2.554808245285236
1126 3.546559409188084
1127 3.546559409188084
1128 1.8776018608439693
1129 1.8776018608439693
1130 1.8776018608439693
1131 1.936206816956439
1132 1.936206816956439
1133 1.936206816956439
1134 2.4199797733597506
1135 2.4199797733597506
1136 2.4199797733597506
1137 2.2928694979423065
1138 2.2928694979423065
1139 2.2928694979423065
1140 2.342210065748635
1141 2.342210065748635
1142 2.342210065748635
1143 2.3405312403556855
1144 2.3405312403556855
1145 2.3405312403556855
1146 1.8407686042594131
1147 1.8407686042594131
1148 1.8407686042594131
1149 1.9847581888751928
1150 1.9847581888751928
1151 1.9847581888751928
1152 2.051496255901934
1153 2.051496255901934
1154 2.051496255901934
1155 2.2835422951758533
1156 2.2835422951758533
1157 2.2835422951758533
1158 1.7178084319976115
1159 1.7178084319976115
1160 1.7178084319976115
1161 2.0559717846812178
1162 2.0559717846812178
1163 2.0559717846812178
1164 2.4449812086265688
1165 2.4449812086265688
1166 2.4449812086265688
1167 2.105291299744353
1168 2.105291299744353
1169 2.105291299744353
1170 1.9634113045307138
1171 0.8983133013759459
1172 0.8983133013759459
1173 0.8983133013759459
1174 1.096301192542102
1175 1.096301192542102
1176 1.096301192542102
1177 1.0244356087528754
1178 1.0244356087528754
1179 1.0244356087528754
1180 1.1186571345481582
1181 1.1186571345481582
1182 1.1186571345481582
1183 1.0195981013129392
1184 1.0195981013129392
1185 1.0195981013129392
1186 1.1757812109135273
1187 1.1757812109135273
1188 1.1757812109135273
1189 1.0054725872851293
1190 1.0054725872851293
1191 1.0054725872851293
1192 1.0351706269514531
1193 1.0351706269514531
1194 1.0351706269514531
1195 1.2046963635571497
1196 1.2046963635571497
1197 1.2046963635571497
1198 1.0289340017748758
1199 1.0289340017748758
1200 1.0289340017748758
1201 1.4026928250959143
1202 1.4026928250959143
1203 1.4026928250959143
1204 1.025504255468773
1205 1.025504255468773
1206 1.025504255468773
1207 1.1782812659985769
1208 1.1782812659985769
1209 1.1782812659985769
1210 1.2829396352584728
1211 1.2829396352584728
1212 1.2829396352584728
1213 0.9839403945030953
1214 0.9839403945030953
1215 0.9839403945030953
1216 1.1778939071250585
1217 1.1778939071250585
1218 1.1778939071250585
1219 1.1642814257335898
1220 1.1642814257335898
1221 1.1642814257335898
1222 1.1724417861980498
1223 1.1724417861980498
1224 1.1724417861980498
1225 1.1064236508084793
1226 1.1064236508084793
1227 1.1064236508084793
1228 1.2745149211513913
1229 1.2745149211513913
1230 1.2745149211513913
1231 1.0438013800388348
1232 1.0438013800388348
1233 1.0438013800388348
1234 1.1086087794889492
1235 1.1086087794889492
1236 1.1086087794889492
1237 1.3756889493756783
1238 1.3756889493756783
1239 1.3756889493756783
1240 0.9949315992499075
1241 0.9949315992499075
1242 0.9949315992499075
1243 1.1262131856255744
1244 1.1262131856255744
1245 1.1262131856255744
1246 1.1522197859593468
1247 1.1522197859593468
1248 1.1522197859593468
1249 1.0184328900719737
1250 1.0184328900719737
1251 1.0184328900719737
1252 0.8296178649223137
1253 0.8296178649223137
1254 0.8296178649223137
1255 1.210374170024776
1256 1.210374170024776
1257 1.210374170024776
1258 1.1737109395208432
1259 1.1737109395208432
1260 1.1737109395208432
1261 1.0527101373849335
1262 1.0527101373849335
1263 1.0527101373849335
1264 1.0569216745249896
1265 1.0569216745249896
1266 1.0569216745249896
1267 1.9062125866370305
1268 1.9062125866370305
1269 1.9062125866370305
1270 3.0747005276817747
1271 3.0747005276817747
1272 3.0747005276817747
1273 3.0096340835447584
1274 3.0096340835447584
1275 3.0096340835447584
1276 2.030166564727589
1277 2.030166564727589
1278 2.030166564727589
1279 2.5940574611843368
1280 2.5940574611843368
1281 2.5940574611843368
1282 2.1493162314064413
1283 2.1493162314064413
1284 2.1493162314064413
1285 2.526372199739348
1286 2.526372199739348
1287 2.526372199739348
1288 2.4337611918394684
1289 2.4337611918394684
1290 2.4337611918394684
1291 2.6237389748601045
1292 2.6237389748601045
1293 2.6237389748601045
1294 2.74095801826517
1295 2.74095801826517
1296 2.74095801826517
1297 2.3244242592677002
1298 2.3244242592677002
1299 2.3244242592677002
1300 1.775325065475123
1301 1.775325065475123
1302 1.775325065475123
1303 2.7755266465060138
1304 2.7755266465060138
1305 2.7755266465060138
1306 3.1103994423908814
1307 3.1103994423908814
1308 3.1103994423908814
1309 2.789165624782541
1310 2.789165624782541
1311 2.789165624782541
1312 2.2120231916189144
1313 2.2120231916189144
1314 2.2120231916189144
1315 2.8301743739584646
1316 2.8301743739584646
1317 2.8301743739584646
1318 2.2949854972518207
1319 2.2949854972518207
1320 2.2949854972518207
1321 2.183097772687129
1322 2.183097772687129
1323 2.183097772687129
1324 2.3519782775448626
1325 2.3519782775448626
1326 2.3519782775448626
1327 2.3354410092919835
1328 2.3354410092919835
1329 2.3354410092919835
1330 1.8426118032453014
1331 1.8426118032453014
1332 1.8426118032453014
1333 2.9820815789046757
1334 2.9820815789046757
1335 2.9820815789046757
1336 2.8315984814375543
1337 2.8315984814375543
1338 2.8315984814375543
1339 2.4472329633235295
1340 2.4472329633235295
1341 2.4472329633235295
1342 2.6301224251284
1343 2.6301224251284
1344 2.6301224251284
1345 2.718181563531137
1346 2.718181563531137
1347 2.718181563531137
1348 1.759091941202269
1349 1.759091941202269
1350 1.759091941202269
1351 2.3569716147466218
1352 2.3569716147466218
1353 2.3569716147466218
1354 1.8645094662414297
1355 1.8645094662414297
1356 1.8645094662414297
1357 2.155475028493007
1358 2.155475028493007
1359 2.155475028493007
1360 1.8377466762277972
1361 1.8377466762277972
1362 1.8377466762277972
1363 2.4932623217902354
1364 2.4932623217902354
1365 2.4932623217902354
1366 2.2396422602575172
1367 2.2396422602575172
1368 2.2396422602575172
1369 2.299963159885002
1370 2.299963159885002
1371 2.299963159885002
1372 2.356745691011377
1373 2.356745691011377
1374 2.356745691011377
1375 2.378901477263568
1376 2.378901477263568
1377 2.378901477263568
1378 2.630057668167256
1379 2.630057668167256
1380 1.1267575354537704
1381 1.1267575354537704
1382 1.1267575354537704
1383 0.9443067651109718
1384 0.9443067651109718
1385 0.9443067651109718
1386 1.4044221513123558
1387 1.4044221513123558
1388 1.4044221513123558
1389 1.3465948838369277
1390 1.3465948838369277
1391 1.3465948838369277
1392 0.8648092922122843
1393 0.8648092922122843
1394 0.8648092922122843
1395 1.0138925012936404
1396 1.0138925012936404
1397 1.0138925012936404
1398 0.9913551564499191
1399 0.9913551564499191
1400 0.9913551564499191
1401 1.2483639879013353
1402 1.2483639879013353
1403 1.2483639879013353
1404 1.2873722434954464
1405 1.2873722434954464
1406 1.2873722434954464
1407 0.954294826327242
1408 0.954294826327242
1409 0.954294826327242
1410 1.327401406813095
1411 1.327401406813095
1412 1.327401406813095
1413 1.2783180060293857
1414 1.2783180060293857
1415 1.2783180060293857
1416 0.9903745957909214
1417 0.9903745957909214
1418 0.9903745957909214
1419 1.1157839359171244
1420 1.1157839359171244
1421 1.1157839359171244
1422 1.1253611841067561
1423 1.1253611841067561
1424 1.1253611841067561
1425 1.2116069138939818
1426 1.2116069138939818
1427 1.2116069138939818
1428 0.9297653378113766
1429 0.9297653378113766
1430 0.9297653378113766
1431 0.9738996013135086
1432 0.9738996013135086
1433 0.9738996013135086
1434 3.8183296601191086
1435 3.8183296601191086
1436 3.8183296601191086
1437 3.874951060946557
1438 3.874951060946557
1439 3.874951060946557
1440 3.6173888461916843
1441 3.6173888461916843
1442 3.6173888461916843
1443 3.493667721854507
1444 3.493667721854507
1445 3.493667721854507
1446 3.03008718156758
1447 3.03008718156758
1448 3.03008718156758
1449 3.3150393552048785
1450 3.3150393552048785
1451 3.3150393552048785
1452 3.186784750762849
1453 3.186784750762849
1454 3.186784750762849
1455 2.6566518646292283
1456 2.6566518646292283
1457 2.6566518646292283
1458 2.6173196378409376
1459 2.6173196378409376
1460 2.6173196378409376
1461 3.0250757347223187
1462 3.0250757347223187
1463 3.9903132298889363
1464 3.9903132298889363
1465 3.9903132298889363
1466 3.781158766493121
1467 3.781158766493121
1468 3.781158766493121
1469 3.9591996053902725
1470 3.9591996053902725
1471 3.9591996053902725
1472 3.088118170108193
1473 3.088118170108193
1474 3.088118170108193
1475 3.6912632780923302
1476 3.6912632780923302
1477 3.6912632780923302
1478 4.929641812086954
1479 4.929641812086954
1480 4.929641812086954
1481 4.669232835479607
1482 4.669232835479607
1483 4.669232835479607
1484 3.8293418224737326
1485 3.8293418224737326
1486 3.8293418224737326
1487 4.533387595285142
1488 4.533387595285142
1489 4.533387595285142
1490 5.774355183694665
1491 5.774355183694665
1492 5.774355183694665
1493 3.6964625068341337
1494 3.6964625068341337
1495 3.6964625068341337
1496 3.7279433052240654
1497 3.7279433052240654
1498 3.7279433052240654
1499 4.3479741331217925
1500 4.3479741331217925
1501 4.3479741331217925
1502 4.44222027759969
1503 4.44222027759969
1504 1.1161038783832673
1505 1.1161038783832673
1506 1.1161038783832673
1507 1.1721538402783425
1508 1.1721538402783425
1509 2.5185116947587964
1510 2.5185116947587964
1511 2.5185116947587964
1512 2.8525624828660456
1513 2.8525624828660456
1514 2.8525624828660456
1515 3.5130021433431025
1516 3.5130021433431025
1517 3.5130021433431025
1518 3.384640232675147
1519 3.384640232675147
1520 3.384640232675147
1521 3.3689697753936083
1522 3.3689697753936083
1523 3.3689697753936083
1524 3.5897836463578665
1525 3.5897836463578665
1526 3.5897836463578665
1527 3.704318445797059
1528 3.704318445797059
1529 3.704318445797059
1530 4.108087467987475
1531 4.108087467987475
1532 4.108087467987475
1533 3.5650702360935895
1534 3.5650702360935895
1535 3.5650702360935895
1536 3.022764013085115
1537 3.022764013085115
1538 3.022764013085115
1539 4.874038883675018
1540 4.874038883675018
1541 4.874038883675018
1542 3.5789617945119607
1543 3.5789617945119607
1544 3.5789617945119607
1545 2.984809837417574
1546 2.984809837417574
1547 2.984809837417574
1548 3.23473466530874
1549 3.23473466530874
1550 3.23473466530874
1551 4.406619189287443
1552 4.406619189287443
1553 4.406619189287443
1554 3.259696849887218
1555 3.259696849887218
1556 3.259696849887218
1557 4.05029190441416
1558 4.05029190441416
1559 4.05029190441416
1560 3.978376777593326
1561 3.978376777593326
1562 3.978376777593326
1563 3.5422894831226346
1564 3.5422894831226346
1565 3.5422894831226346
1566 3.54637136160234
1567 3.54637136160234
1568 3.54637136160234
1569 3.0691437208556946
1570 3.0691437208556946
1571 3.0691437208556946
1572 3.37998666813378
1573 3.37998666813378
1574 3.37998666813378
1575 0.9602627308540966
1576 0.9602627308540966
1577 0.9602627308540966
1578 0.8254301948143914
1579 0.8254301948143914
1580 3.4400740467383386
1581 3.4400740467383386
1582 3.4400740467383386
1583 3.3672176160302603
1584 3.3672176160302603
1585 3.3672176160302603
1586 4.507032868325672
1587 4.507032868325672
1588 4.507032868325672
1589 3.9396624806167764
1590 3.9396624806167764
1591 3.9396624806167764
1592 3.957795389980759
1593 3.7687980624263124
1594 3.7687980624263124
1595 3.7687980624263124
1596 4.0552354956296455
1597 4.0552354956296455
1598 4.0552354956296455
1599 3.5967070955458693
1600 3.5967070955458693
1601 3.5967070955458693
1602 3.3920138315705777
1603 3.3920138315705777
1604 3.3920138315705777
1605 3.183936551696995
1606 3.183936551696995
1607 3.183936551696995
1608 4.384112695495449
1609 4.384112695495449
1610 4.384112695495449
1611 3.4967781258924613
1612 3.4967781258924613
1613 3.4967781258924613
1614 5.346020112270152
1615 5.346020112270152
1616 5.346020112270152
1617 4.089920023657402
1618 4.089920023657402
1619 4.089920023657402
1620 4.386647905856466
1621 4.386647905856466
1622 4.386647905856466
1623 3.946091758642128
1624 3.946091758642128
1625 3.946091758642128
1626 4.080123204950568
1627 4.080123204950568
1628 4.080123204950568
1629 4.923873305430171
1630 4.923873305430171
1631 4.923873305430171
1632 4.388276908754376
1633 4.388276908754376
1634 4.388276908754376
1635 5.007307229749259
1636 5.007307229749259
1637 5.007307229749259
1638 3.879918049217397
1639 3.879918049217397
1640 3.879918049217397
1641 4.733376322025239
1642 4.733376322025239
1643 4.733376322025239
1644 3.825461230903937
1645 3.825461230903937
1646 3.825461230903937
1647 4.119711807422423
1648 4.119711807422423
1649 4.119711807422423
1650 4.2354192808212305
1651 4.2354192808212305
1652 4.2354192808212305
1653 3.8345046770334013
1654 3.8345046770334013
1655 3.8345046770334013
1656 4.729880816289721
1657 4.729880816289721
1658 4.729880816289721
1659 4.59272521550117
1660 4.59272521550117
1661 4.59272521550117
1662 4.851250795494926
1663 4.851250795494926
1664 4.851250795494926
1665 3.1682876436610736
1666 3.1682876436610736
1667 3.1682876436610736
1668 3.323863591899544
1669 3.323863591899544
1670 3.323863591899544
1671 3.7117177429330384
1672 1.7621575206982334
1673 1.7621575206982334
1674 1.7621575206982334
1675 2.20496354336588
1676 2.20496354336588
1677 2.20496354336588
1678 2.0619703754093313
1679 2.0619703754093313
1680 2.0619703754093313
1681 2.097991447522565
1682 2.097991447522565
1683 2.097991447522565
1684 1.7451228775670262
1685 1.7451228775670262
1686 1.7451228775670262
1687 1.514774424109273
1688 1.514774424109273
1689 1.514774424109273
1690 2.041259617257442
1691 2.041259617257442
1692 2.041259617257442
1693 2.209866068007233
1694 2.209866068007233
1695 2.209866068007233
1696 2.136135101945716
1697 2.136135101945716
1698 2.136135101945716
1699 2.5087601675922313
1700 2.5087601675922313
1701 2.5087601675922313
1702 2.678483724400477
1703 2.678483724400477
1704 2.678483724400477
1705 2.550359792399779
1706 2.550359792399779
1707 2.550359792399779
1708 1.7323432088847661
1709 1.7323432088847661
1710 1.7323432088847661
1711 2.709325512082313
1712 2.709325512082313
1713 2.709325512082313
1714 1.6612646410685927
1715 1.6612646410685927
1716 1.6612646410685927
1717 2.4648510258819365
1718 2.4648510258819365
1719 2.4648510258819365
1720 2.308794026795535
1721 2.308794026795535
1722 2.308794026795535
1723 1.8137430962665722
1724 1.8137430962665722
1725 1.8137430962665722
1726 1.9602844019526817
1727 1.9602844019526817
1728 1.9602844019526817
1729 1.7503537033698238
1730 1.7503537033698238
1731 1.7503537033698238
1732 2.433499487250672
1733 2.433499487250672
1734 2.433499487250672
1735 2.2455808502754313
1736 2.2455808502754313
1737 2.2455808502754313
1738 1.9963609259164008
1739 1.9963609259164008
1740 1.9963609259164008
1741 2.2628907286232143
1742 2.2628907286232143
1743 2.2628907286232143
1744 1.891448222924766
1745 1.891448222924766
1746 1.891448222924766
1747 2.12643208072532
1748 2.12643208072532
1749 2.12643208072532
1750 2.294514087076606
1751 2.294514087076606
1752 2.294514087076606
1753 2.0512385450902717
1754 2.0512385450902717
1755 2.0512385450902717
1756 2.296217933107978
1757 2.296217933107978
1758 2.296217933107978
1759 1.728511929756646
1760 1.728511929756646
1761 1.728511929756646
1762 2.3698597083481436
1763 2.3698597083481436
1764 2.3698597083481436
1765 2.0348328975256407
1766 2.0348328975256407
1767 2.0348328975256407
1768 2.0046129775480552
1769 2.0046129775480552
1770 2.0046129775480552
1771 2.293268469619049
1772 2.293268469619049
1773 2.293268469619049
1774 2.0267449105113937
1775 2.0267449105113937
1776 2.0267449105113937
1777 1.643296120246593
1778 1.643296120246593
1779 1.643296120246593
1780 1.7960052587269655
1781 1.7960052587269655
1782 1.7960052587269655
1783 2.134609267297704
1784 2.134609267297704
1785 2.134609267297704
1786 2.253995460699055
1787 2.253995460699055
1788 2.253995460699055
1789 2.1575321391571487
1790 2.1575321391571487
1791 2.1575321391571487
1792 2.1458731150258377
1793 2.1458731150258377
1794 2.1458731150258377
1795 1.9318622662838358
1796 1.040250036682796
1797 1.040250036682796
1798 1.040250036682796
1799 1.1816818712100492
1800 1.1816818712100492
1801 1.1816818712100492
1802 1.1258134961478685
1803 1.1258134961478685
1804 1.1258134961478685
1805 1.2469325837925314
1806 1.2469325837925314
1807 1.2469325837925314
1808 1.1648107929399623
1809 1.1648107929399623
1810 1.1648107929399623
1811 1.2940536960481357
1812 1.2940536960481357
1813 1.2940536960481357
1814 3.065745388353103
1815 3.065745388353103
1816 3.065745388353103
1817 2.929588464697218
1818 2.929588464697218
1819 2.929588464697218
1820 3.110307341282033
1821 3.110307341282033
1822 3.110307341282033
1823 2.7970973699888737
1824 2.7970973699888737
1825 2.7970973699888737
1826 2.547255612229657
1827 2.547255612229657
1828 2.547255612229657
1829 2.5138655729808215
1830 2.5138655729808215
1831 2.5138655729808215
1832 2.3943534485842557
1833 2.3943534485842557
1834 2.3943534485842557
1835 3.1444819082545368
1836 3.1444819082545368
1837 3.1444819082545368
1838 2.9351948879751175
1839 2.9351948879751175
1840 2.9351948879751175
1841 3.1857514165871033
1842 3.1857514165871033
1843 3.1857514165871033
1844 3.4991561933381723
1845 3.4991561933381723
1846 3.4991561933381723
1847 2.7218179546480017
1848 2.7218179546480017
1849 2.7218179546480017
1850 2.653345906421806
1851 2.653345906421806
1852 2.653345906421806
1853 3.036962442332131
1854 3.036962442332131
1855 3.036962442332131
1856 3.642548029547531
1857 3.642548029547531
1858 3.642548029547531
1859 3.03512212120631
1860 3.03512212120631
1861 3.03512212120631
1862 3.1629052634708352
1863 3.1629052634708352
1864 0.6102014313296025
1865 0.6102014313296025
1866 0.6102014313296025
1867 0.6240491489969602
1868 0.6240491489969602
1869 0.6240491489969602
1870 0.5270158250754361
1871 0.5270158250754361
1872 0.5270158250754361
1873 0.7177147562916983
1874 0.7177147562916983
1875 0.7177147562916983
1876 0.5521213401477947
1877 0.5521213401477947
1878 0.5521213401477947
1879 0.7325708220983246
1880 0.7325708220983246
1881 0.7325708220983246
1882 0.6348901673557829
1883 0.6348901673557829
1884 0.6348901673557829
1885 0.6585559865266608
1886 0.6585559865266608
1887 0.6585559865266608
1888 0.750414698516248
1889 0.750414698516248
1890 0.750414698516248
1891 0.7291277567060702
1892 0.7291277567060702
1893 0.7291277567060702
1894 0.6689385315506933
1895 0.6689385315506933
1896 0.6689385315506933
1897 0.5609026752508269
1898 0.5609026752508269
1899 0.5609026752508269
1900 2.231415398315969
1901 2.231415398315969
1902 2.231415398315969
1903 1.999363523980148
1904 1.999363523980148
1905 1.999363523980148
1906 1.7872520317733738
1907 1.7872520317733738
1908 1.7872520317733738
1909 1.9700769396849758
1910 1.9700769396849758
1911 1.9700769396849758
1912 1.8722747853402715
1913 1.8722747853402715
1914 1.8722747853402715
1915 1.977176049743684
1916 1.977176049743684
1917 1.977176049743684
1918 2.17770455952933
1919 2.17770455952933
1920 2.17770455952933
1921 2.384322053182191
1922 2.384322053182191
1923 2.384322053182191
1924 2.2112138901295326
1925 2.2112138901295326
1926 2.2112138901295326
1927 1.7212056880294853
1928 1.7212056880294853
1929 1.7212056880294853
1930 1.949474728459032
1931 1.949474728459032
1932 1.949474728459032
1933 2.072460279754508
1934 2.072460279754508
1935 2.072460279754508
1936 1.6183991890630653
1937 1.6183991890630653
1938 1.6183991890630653
1939 2.291608981543258
1940 2.291608981543258
1941 2.291608981543258
1942 1.5743977774927707
1943 1.5743977774927707
1944 1.5743977774927707
1945 1.9874750434084052
1946 1.9874750434084052
1947 1.9874750434084052
1948 2.131848805016834
1949 2.131848805016834
1950 2.131848805016834
1951 2.066817044982351
1952 2.066817044982351
1953 2.066817044982351
1954 1.5139532813681118
1955 1.5139532813681118
1956 1.5139532813681118
1957 1.9371798774242523
1958 1.9371798774242523
1959 1.9371798774242523
1960 2.2240090022783843
1961 2.2240090022783843
1962 2.2240090022783843
1963 2.558743056771153
1964 2.558743056771153
1965 2.558743056771153
1966 2.1907933982509817
1967 2.1907933982509817
1968 2.1907933982509817
1969 1.873301745279003
1970 1.873301745279003
1971 0.22564378991368061
1972 0.22564378991368061
1973 0.22564378991368061
1974 0.17430662922370202
1975 0.17430662922370202
1976 0.17430662922370202
1977 0.18003386765494858
1978 0.18003386765494858
1979 0.18003386765494858
1980 0.23783482265964606
1981 0.23783482265964606
1982 0.23783482265964606
1983 0.19694778368449917
1984 0.19694778368449917
1985 0.19694778368449917
1986 0.16183023154854662
1987 0.16183023154854662
1988 0.16183023154854662
1989 0.15832768222308558
1990 0.15832768222308558
1991 0.15832768222308558
1992 0.20002741295506685
1993 0.20002741295506685
1994 0.20002741295506685
1995 0.20633454546516977
1996 0.20633454546516977
1997 0.20633454546516977
1998 0.1886903841320314
1999 0.1886903841320314
