0 3.9350528310103514
1 3.9350528310103514
2 3.9350528310103514
3 4.813284316500201
4 4.813284316500201
5 4.813284316500201
6 4.009296924553233
7 4.009296924553233
8 4.009296924553233
9 3.563900996597843
10 3.563900996597843
11 3.563900996597843
12 3.886892968658482
13 3.886892968658482
14 3.886892968658482
15 3.603355837621435
16 3.603355837621435
17 3.603355837621435
18 3.921363892549646
19 3.921363892549646
20 3.921363892549646
21 4.597643058362323
22 4.597643058362323
23 4.597643058362323
24 4.184233060302421
25 4.184233060302421
26 1.2247854231462876
27 1.2247854231462876
28 1.2247854231462876
29 1.3022580247120483
30 1.3022580247120483
31 1.3022580247120483
32 1.0728473141410073
33 1.0728473141410073
34 1.0728473141410073
35 1.2197622410411708
36 1.2197622410411708
37 1.2197622410411708
38 1.0327489591944339
39 1.0327489591944339
40 3.7352647377409864
41 3.7352647377409864
42 3.7352647377409864
43 3.651174616462847
44 3.651174616462847
45 3.651174616462847
46 3.4936889910725877
47 3.4936889910725877
48 3.4936889910725877
49 3.2549459672492698
50 3.2549459672492698
51 3.2549459672492698
52 3.2916992075321945
53 3.2916992075321945
54 3.2916992075321945
55 3.569387707227995
56 3.569387707227995
57 3.569387707227995
58 3.48439725395428
59 3.48439725395428
60 3.48439725395428
61 3.891211302598963
62 3.891211302598963
63 3.891211302598963
64 2.7811296427471883
65 2.7811296427471883
66 2.7811296427471883
67 3.9694579042938503
68 3.9694579042938503
69 3.9694579042938503
70 3.4472078239600505
71 3.4472078239600505
72 3.4472078239600505
73 3.6614756987950776
74 3.6614756987950776
75 4.238211607279294
76 4.238211607279294
77 4.238211607279294
78 3.69796603936167
79 3.69796603936167
80 3.69796603936167
81 4.157042791141925
82 4.157042791141925
83 4.157042791141925
84 4.015865707268588
85 4.015865707268588
86 4.015865707268588
87 4.0481227545190555
88 4.0481227545190555
89 4.0481227545190555
90 3.352294438299209
91 3.352294438299209
92 3.352294438299209
93 2.9574853205916387
94 2.9574853205916387
95 2.9574853205916387
96 3.297205007740025
97 3.297205007740025
98 3.297205007740025
99 2.7848549107559246
100 2.7848549107559246
101 2.7848549107559246
102 3.19534418491496
103 3.19534418491496
104 3.19534418491496
105 2.726764065937485
106 2.726764065937485
107 2.726764065937485
108 3.1899085935400997
109 3.1899085935400997
110 3.1899085935400997
111 2.877003814669493
112 2.877003814669493
113 2.877003814669493
114 2.958014504795159
115 2.958014504795159
116 2.958014504795159
117 2.5624019361816903
118 2.5624019361816903
119 2.5624019361816903
120 2.5343914640351524
121 2.5343914640351524
122 2.5343914640351524
123 2.304166977271379
124 2.304166977271379
125 2.304166977271379
126 2.7179763860477704
127 2.7179763860477704
128 2.7179763860477704
129 2.3386341331232545
130 2.3386341331232545
131 2.3386341331232545
132 2.274341528332044
133 2.274341528332044
134 2.274341528332044
135 2.5816198985085195
136 2.5816198985085195
137 2.5816198985085195
138 2.454193678062836
139 2.454193678062836
140 2.454193678062836
141 2.4560125088907387
142 2.4560125088907387
143 2.4560125088907387
144 2.502459167542538
145 2.502459167542538
146 2.502459167542538
147 2.358054624939844
148 2.358054624939844
149 2.358054624939844
150 2.3958027081823894
151 2.3958027081823894
152 2.3958027081823894
153 2.669033748820897
154 2.669033748820897
155 2.669033748820897
156 2.5868622726125188
157 2.5868622726125188
158 2.5868622726125188
159 2.415455782256927
160 2.415455782256927
161 2.415455782256927
162 2.37814326812676
163 2.37814326812676
164 2.37814326812676
165 2.272192726993675
166 2.272192726993675
167 2.272192726993675
168 2.5921148087529295
169 2.5921148087529295
170 3.8211397031418874
171 3.8211397031418874
172 3.8211397031418874
173 4.174531595456371
174 4.174531595456371
175 4.174531595456371
176 4.114460343488496
177 4.114460343488496
178 4.114460343488496
179 3.7339815435835786
180 3.7339815435835786
181 3.7339815435835786
182 3.762764386302934
183 3.762764386302934
184 3.762764386302934
185 4.349168009757616
186 4.349168009757616
187 4.349168009757616
188 4.0584039350345495
189 4.0584039350345495
190 4.0584039350345495
191 3.371878179262434
192 3.371878179262434
193 3.371878179262434
194 4.297429574216139
195 4.297429574216139
196 4.297429574216139
197 4.2048023237789645
198 4.2048023237789645
199 4.2048023237789645
200 4.211899125060601
201 4.211899125060601
202 4.211899125060601
203 3.967015544771807
204 3.967015544771807
205 3.967015544771807
206 3.378376178937585
207 3.378376178937585
208 3.378376178937585
209 4.456792899304474
210 4.456792899304474
211 4.456792899304474
212 3.039515828315723
213 3.039515828315723
214 3.039515828315723
215 3.7772241486027123
216 3.7772241486027123
217 3.7772241486027123
218 4.038723999571433
219 4.038723999571433
220 4.038723999571433
221 3.7611958570576043
222 3.7611958570576043
223 3.7611958570576043
224 4.254485174910762
225 4.254485174910762
226 4.254485174910762
227 4.294259796488294
228 4.294259796488294
229 4.294259796488294
230 4.086783473711042
231 4.086783473711042
232 4.086783473711042
233 4.333840597569823
234 4.333840597569823
235 4.333840597569823
236 4.016071937530935
237 4.016071937530935
238 4.016071937530935
239 1.6686532890282277
240 1.6686532890282277
241 1.6686532890282277
242 1.6151449177603294
243 1.6151449177603294
244 1.6151449177603294
245 1.7372923903320843
246 1.7372923903320843
247 1.7372923903320843
248 1.7645751924093536
249 1.7645751924093536
250 1.7645751924093536
251 1.7665768428086934
252 1.7665768428086934
253 1.7665768428086934
254 1.6233054694182032
255 1.6233054694182032
256 1.6233054694182032
257 1.5616479299903951
258 1.5616479299903951
259 1.5616479299903951
260 1.5815574536971146
261 1.5815574536971146
262 1.5815574536971146
263 1.4424606111951885
264 1.4424606111951885
265 1.4424606111951885
266 1.5829055656977065
267 1.5829055656977065
268 1.5829055656977065
269 1.6769513214182432
270 1.6769513214182432
271 1.6769513214182432
272 1.743915584787945
273 1.743915584787945
274 1.743915584787945
275 1.5132171102109362
276 1.5132171102109362
277 1.5132171102109362
278 1.5139448641887565
279 1.5139448641887565
280 1.5139448641887565
281 1.5479953115816174
282 1.5479953115816174
283 1.5479953115816174
284 1.7555731454043213
285 1.7555731454043213
286 1.7555731454043213
287 1.6379093603582933
288 1.6379093603582933
289 1.6379093603582933
290 1.6513586419712851
291 1.6513586419712851
292 1.6513586419712851
293 1.20059751974603
294 1.20059751974603
295 1.20059751974603
296 1.4752351383972593
297 1.4752351383972593
298 1.4752351383972593
299 3.383489585237274
300 3.383489585237274
301 3.383489585237274
302 3.9301831584700038
303 3.9301831584700038
304 3.9301831584700038
305 3.6167455770741297
306 3.6167455770741297
307 3.6167455770741297
308 3.435113156376282
309 1.2362996732439706
310 1.2362996732439706
311 1.2362996732439706
312 1.1464788593989503
313 1.1464788593989503
314 1.1464788593989503
315 1.0989308120770045
316 1.0989308120770045
317 1.0989308120770045
318 1.2528201681283646
319 1.2528201681283646
320 1.2528201681283646
321 1.2215167409267755
322 1.2215167409267755
323 1.2215167409267755
324 1.10964317216431
325 1.10964317216431
326 1.10964317216431
327 1.206544585076298
328 1.206544585076298
329 1.206544585076298
330 1.1093079295712842
331 1.1093079295712842
332 1.1093079295712842
333 1.047011920780709
334 2.190860884992712
335 2.190860884992712
336 2.190860884992712
337 1.6907328082361084
338 1.6907328082361084
339 1.6907328082361084
340 2.1724412560594812
341 2.1724412560594812
342 2.1724412560594812
343 2.08170791644888
344 2.08170791644888
345 2.08170791644888
346 2.239228013499986
347 2.239228013499986
348 2.239228013499986
349 1.8806838639728731
350 1.8806838639728731
351 1.8806838639728731
352 1.5669318891488035
353 1.5669318891488035
354 1.5669318891488035
355 2.0494087628591875
356 2.0494087628591875
357 2.0494087628591875
358 2.0153612046224607
359 2.0153612046224607
360 2.0153612046224607
361 2.3429595740657776
362 2.3429595740657776
363 2.3429595740657776
364 2.399765449618798
365 2.399765449618798
366 2.399765449618798
367 2.1988640039711167
368 2.1988640039711167
369 2.1988640039711167
370 1.983073910585837
371 1.983073910585837
372 1.983073910585837
373 2.1255998056873606
374 2.1255998056873606
375 2.1255998056873606
376 2.0014135883371527
377 2.0014135883371527
378 2.0014135883371527
379 2.16772884697814
380 2.16772884697814
381 2.16772884697814
382 1.8755127115395989
383 1.8755127115395989
384 1.8755127115395989
385 1.8830228598678056
386 1.8830228598678056
387 1.8830228598678056
388 1.911917177987416
389 1.911917177987416
390 1.911917177987416
391 2.169472142354544
392 2.169472142354544
393 2.169472142354544
394 1.9883528343002952
395 1.9883528343002952
396 1.9883528343002952
397 1.6779881061395465
398 1.6779881061395465
399 1.6779881061395465
400 2.056526824515517
401 2.056526824515517
402 2.056526824515517
403 2.2208446407097906
404 2.2208446407097906
405 2.2208446407097906
406 2.3075745044332416
407 2.3075745044332416
408 2.3075745044332416
409 2.1847189795642485
410 2.1847189795642485
411 2.1847189795642485
412 2.061389899412723
413 2.061389899412723
414 2.061389899412723
415 1.9732073123347598
416 1.9732073123347598
417 1.9732073123347598
418 2.2153194562116956
419 2.2153194562116956
420 2.2153194562116956
421 2.0109393001498415
422 2.0109393001498415
423 2.0109393001498415
424 2.2105537734131477
425 2.2105537734131477
426 2.2105537734131477
427 2.012986109935879
428 2.012986109935879
429 2.012986109935879
430 1.7984083800315624
431 1.7984083800315624
432 1.7984083800315624
433 2.011413027214764
434 2.011413027214764
435 2.011413027214764
436 2.220013835782141
437 2.220013835782141
438 2.220013835782141
439 2.0570510635365347
440 2.0570510635365347
441 2.0570510635365347
442 2.221773192514287
443 2.221773192514287
444 2.221773192514287
445 1.9334872803939833
446 1.9334872803939833
447 1.9334872803939833
448 1.8861371710246726
449 1.8861371710246726
450 1.8861371710246726
451 2.0835357564663903
452 2.0835357564663903
453 2.0835357564663903
454 2.0465267046745943
455 2.0465267046745943
456 2.0465267046745943
457 2.0728326919072098
458 2.0728326919072098
459 2.0728326919072098
460 1.964744103244793
461 1.964744103244793
462 1.964744103244793
463 1.8890803963584164
464 1.8890803963584164
465 1.8890803963584164
466 2.1618843192652495
467 2.1618843192652495
468 2.1618843192652495
469 2.2626380932478543
470 2.2626380932478543
471 2.2626380932478543
472 2.038222622563429
473 2.038222622563429
474 2.038222622563429
475 1.8011818541800344
476 1.8011818541800344
477 1.8011818541800344
478 2.1239745659468237
479 2.1239745659468237
480 2.1239745659468237
481 1.8480193869511385
482 1.8480193869511385
483 1.1625966843137516
484 1.1625966843137516
485 1.1625966843137516
486 1.2239030929953025
487 1.2239030929953025
488 1.2239030929953025
489 1.2190074027696005
490 1.2190074027696005
491 1.2190074027696005
492 0.8570256285568939
493 0.8570256285568939
494 0.8570256285568939
495 1.1747844636190194
496 1.1747844636190194
497 1.1747844636190194
498 1.0760708573470779
499 1.0760708573470779
500 1.0760708573470779
501 1.0312388707873246
502 1.0312388707873246
503 1.0312388707873246
504 1.1143863689284685
505 1.1143863689284685
506 1.1143863689284685
507 1.3058342790701767
508 1.3058342790701767
509 1.3058342790701767
510 1.1105460194023247
511 1.1105460194023247
512 1.1105460194023247
513 1.0203281689498949
514 1.0203281689498949
515 1.0203281689498949
516 1.196478980437464
517 1.196478980437464
518 1.196478980437464
519 1.2579812420681502
520 1.2579812420681502
521 1.2579812420681502
522 1.1222301507140455
523 1.1222301507140455
524 1.1222301507140455
525 0.9961689983535029
526 0.9961689983535029
527 0.9961689983535029
528 1.0599125867541432
529 1.0599125867541432
530 1.0599125867541432
531 1.1927339651752666
532 1.1927339651752666
533 1.1927339651752666
534 0.9605554757713716
535 0.9605554757713716
536 0.9605554757713716
537 1.1123170725448959
538 1.1123170725448959
539 1.1123170725448959
540 1.159259434117718
541 1.159259434117718
542 1.159259434117718
543 1.1491844578937613
544 1.1491844578937613
545 1.1491844578937613
546 1.050343549483898
547 1.050343549483898
548 1.050343549483898
549 1.2082092551663586
550 1.2082092551663586
551 1.2082092551663586
552 1.1529807351412282
553 1.1529807351412282
554 1.1529807351412282
555 1.1580406956509022
556 1.1580406956509022
557 1.1580406956509022
558 1.032719404398617
559 1.032719404398617
560 1.032719404398617
561 1.055039732322728
562 1.055039732322728
563 1.055039732322728
564 1.1132654471144985
565 1.875344588490983
566 1.875344588490983
567 1.875344588490983
568 1.8217663273830538
569 1.8217663273830538
570 1.8217663273830538
571 1.4957105106845092
572 1.4957105106845092
573 1.4957105106845092
574 1.5716096306337353
575 1.5716096306337353
576 1.5716096306337353
577 1.9564633001254532
578 1.9564633001254532
579 1.9564633001254532
580 1.6167222947126851
581 1.6167222947126851
582 1.6167222947126851
583 1.6212725792398068
584 1.6212725792398068
585 1.6212725792398068
586 1.719871036239968
587 1.719871036239968
588 1.719871036239968
589 0.1668859640636758
590 0.1668859640636758
591 0.1668859640636758
592 0.1685097181328529
593 0.1685097181328529
594 0.1685097181328529
595 0.1883454658642121
596 0.1883454658642121
597 0.1883454658642121
598 0.16812701512293304
599 0.16812701512293304
600 0.16812701512293304
601 0.20242705492006455
602 0.20242705492006455
603 0.20242705492006455
604 0.23303468720155954
605 0.23303468720155954
606 0.23303468720155954
607 0.19761406388048797
608 0.19761406388048797
609 0.19761406388048797
610 0.22830367843792987
611 0.22830367843792987
612 0.22830367843792987
613 0.18688172057564037
614 0.18688172057564037
615 0.18688172057564037
616 0.21096182443535516
617 0.21096182443535516
618 0.21096182443535516
619 0.1895381126331286
620 0.1895381126331286
621 0.1895381126331286
622 0.1965987729474017
623 0.1965987729474017
624 0.1965987729474017
625 0.19815018628609146
626 0.19815018628609146
627 0.19815018628609146
628 0.24242129824516742
629 0.24242129824516742
630 0.24242129824516742
631 0.1907222797788815
632 0.1907222797788815
633 0.1907222797788815
634 0.2166675502510927
635 0.2166675502510927
636 0.2166675502510927
637 0.20322016857881647
638 0.20322016857881647
639 0.20322016857881647
640 0.22222519697666665
641 0.22222519697666665
642 0.22222519697666665
643 0.20107762645059535
644 0.20107762645059535
645 0.20107762645059535
646 0.1983091383397525
647 0.1983091383397525
648 0.1983091383397525
649 0.23306557426602548
650 0.23306557426602548
651 0.23306557426602548
652 0.1736756805748855
653 0.9657465744101293
654 0.9657465744101293
655 0.9657465744101293
656 1.1292615679340932
657 1.1292615679340932
658 1.1292615679340932
659 1.1036331677148186
660 1.1036331677148186
661 1.1036331677148186
662 0.9660507830972485
663 0.9660507830972485
664 0.9660507830972485
665 1.1360312858765864
666 1.1360312858765864
667 1.1360312858765864
668 1.1179862146969248
669 1.1179862146969248
670 1.1179862146969248
671 1.3274175224139881
672 1.3274175224139881
673 1.3274175224139881
674 1.0716854598146992
675 1.0716854598146992
676 1.0716854598146992
677 0.9499176077681643
678 0.9499176077681643
679 0.9499176077681643
680 1.1459813016601386
681 1.1459813016601386
682 1.1459813016601386
683 1.2070353486700338
684 1.2070353486700338
685 1.2070353486700338
686 1.1413036389573765
687 1.1413036389573765
688 1.1413036389573765
689 1.2789498353652695
690 1.2789498353652695
691 1.2789498353652695
692 1.0171971997122609
693 1.0171971997122609
694 1.0171971997122609
695 1.1774338161768458
696 1.1774338161768458
697 1.1774338161768458
698 1.2083045441896654
699 1.2083045441896654
700 1.2083045441896654
701 1.0413954964846288
702 1.0413954964846288
703 1.0413954964846288
704 1.3379287520079606
705 1.3379287520079606
706 1.3379287520079606
707 1.082255314991628
708 1.082255314991628
709 1.082255314991628
710 1.1480608478001118
711 1.1480608478001118
712 1.1480608478001118
713 1.1291673595417981
714 1.1291673595417981
715 1.1291673595417981
716 1.1754615477731554
717 1.1754615477731554
718 1.1754615477731554
719 1.286597613902408
720 1.286597613902408
721 1.286597613902408
722 1.2597751131931785
723 1.2597751131931785
724 1.2597751131931785
725 1.0861747681734084
726 1.0861747681734084
727 1.0861747681734084
728 0.9436623417202272
729 0.9436623417202272
730 0.9436623417202272
731 0.8103392957294684
732 0.8103392957294684
733 0.8103392957294684
734 1.2390448169061004
735 1.2390448169061004
736 1.2390448169061004
737 1.195666613729117
738 1.195666613729117
739 1.195666613729117
740 1.1929888238997108
741 1.1929888238997108
742 1.1929888238997108
743 1.282334505068703
744 1.282334505068703
745 2.721976297370315
746 2.721976297370315
747 2.721976297370315
748 2.5481243123229307
749 2.5481243123229307
750 2.5481243123229307
751 2.9685546160171885
752 2.9685546160171885
753 2.9685546160171885
754 2.7284696947148244
755 2.7284696947148244
756 2.7284696947148244
757 3.278939724746981
758 3.278939724746981
759 3.278939724746981
760 2.640626567826712
761 2.640626567826712
762 2.640626567826712
763 2.7340358499575577
764 2.7340358499575577
765 2.7340358499575577
766 2.819892315900533
767 2.819892315900533
768 0.573407201234888
769 0.573407201234888
770 0.573407201234888
771 0.7232434043554077
772 0.7232434043554077
773 0.7232434043554077
774 0.6739022048364043
775 0.6739022048364043
776 0.6739022048364043
777 3.2509935135215544
778 3.2509935135215544
779 3.2509935135215544
780 3.437999110965529
781 3.437999110965529
782 3.437999110965529
783 3.3561993500625134
784 3.3561993500625134
785 3.3561993500625134
786 3.785052604302812
787 3.785052604302812
788 3.785052604302812
789 3.5178079674559224
790 3.5178079674559224
791 3.5178079674559224
792 3.1874450823194906
793 3.1874450823194906
794 3.1874450823194906
795 3.286767185061044
796 3.286767185061044
797 3.286767185061044
798 3.644302908372308
799 3.644302908372308
800 3.644302908372308
801 3.250178995059957
802 3.250178995059957
803 3.250178995059957
804 3.5688116974042288
805 3.5688116974042288
806 3.5688116974042288
807 3.4318036728491927
808 3.4318036728491927
809 3.4318036728491927
810 3.7315816440590135
811 3.7315816440590135
812 3.7315816440590135
813 2.940016182152918
814 2.940016182152918
815 2.940016182152918
816 3.3775766993094805
817 3.3775766993094805
818 3.3775766993094805
819 3.3316414050974434
820 3.3316414050974434
821 3.3316414050974434
822 3.022549018823778
823 3.022549018823778
824 3.022549018823778
825 2.976244405936962
826 2.976244405936962
827 2.976244405936962
828 3.7517360109062885
829 3.7517360109062885
830 3.7517360109062885
831 3.575328739008715
832 3.575328739008715
833 3.575328739008715
834 3.588643175715947
835 3.588643175715947
836 3.588643175715947
837 3.1277818485458755
838 3.1277818485458755
839 3.1277818485458755
840 3.202910296058595
841 3.202910296058595
842 3.202910296058595
843 3.688058518328795
844 3.688058518328795
845 3.688058518328795
846 3.1185716399132435
847 3.1185716399132435
848 3.1185716399132435
849 3.0525509768795587
850 3.0525509768795587
851 3.0525509768795587
852 3.494154704149649
853 3.494154704149649
854 3.494154704149649
855 3.194145778720152
856 3.194145778720152
857 3.194145778720152
858 3.554186070302767
859 3.554186070302767
860 3.554186070302767
861 2.9555860847426154
862 2.9555860847426154
863 2.9555860847426154
864 3.6204055555498798
865 3.6204055555498798
866 3.6204055555498798
867 3.3901851789490696
868 3.3901851789490696
869 3.3901851789490696
870 3.3089608772151635
871 3.3089608772151635
872 3.3089608772151635
873 3.4064195036019775
874 3.4064195036019775
875 3.4064195036019775
876 3.920033115981238
877 3.920033115981238
878 3.920033115981238
879 3.309099793750522
880 3.309099793750522
881 3.309099793750522
882 2.912292343919674
883 2.912292343919674
884 2.912292343919674
885 3.265039139916316
886 3.265039139916316
887 3.265039139916316
888 3.0376739689249233
889 3.0376739689249233
890 3.0376739689249233
891 3.542024332841643
892 3.542024332841643
893 3.542024332841643
894 3.7304832896459796
895 3.7304832896459796
896 3.7304832896459796
897 2.94698702127984
898 1.6249195907477914
899 1.6249195907477914
900 1.6249195907477914
901 1.7079302019974034
902 1.7079302019974034
903 1.7079302019974034
904 1.4619164466308345
905 1.4619164466308345
906 1.4619164466308345
907 1.570408515049904
908 1.570408515049904
909 1.570408515049904
910 1.3947558991794005
911 1.3947558991794005
912 1.3947558991794005
913 1.7237370496256428
914 1.7237370496256428
915 1.7237370496256428
916 3.60567008153516
917 3.60567008153516
918 3.60567008153516
919 3.345124964441342
920 3.345124964441342
921 3.345124964441342
922 3.312147260063697
923 3.312147260063697
924 3.312147260063697
925 3.5542270906056634
926 3.5542270906056634
927 3.5542270906056634
928 3.385680811166517
929 3.385680811166517
930 3.385680811166517
931 3.559507273829676
932 3.559507273829676
933 3.559507273829676
934 3.396390878750897
935 3.396390878750897
936 3.396390878750897
937 3.487217162183402
938 3.487217162183402
939 3.487217162183402
940 3.3656969271563626
941 3.3656969271563626
942 3.3656969271563626
943 3.162592809540336
944 3.162592809540336
945 3.162592809540336
946 2.9758492755707766
947 2.9758492755707766
948 2.9758492755707766
949 2.8564102413712074
950 2.8564102413712074
951 2.8564102413712074
952 3.205713829000136
953 3.205713829000136
954 3.205713829000136
955 3.679185049214708
956 3.679185049214708
957 3.679185049214708
958 3.068354169861503
959 3.068354169861503
960 3.068354169861503
961 3.322576791858394
962 3.322576791858394
963 3.322576791858394
964 2.9594109500178023
965 2.9594109500178023
966 2.9594109500178023
967 3.2417780551330773
968 3.2417780551330773
969 3.2417780551330773
970 3.4379851684420855
971 3.4379851684420855
972 3.4379851684420855
973 3.6279485976528427
974 3.6279485976528427
975 3.6279485976528427
976 3.1806946674506364
977 3.1806946674506364
978 3.1806946674506364
979 3.4891431837548392
980 3.4891431837548392
981 3.4891431837548392
982 3.1529149473448776
983 3.1529149473448776
984 3.1529149473448776
985 3.0923538736003326
986 3.0923538736003326
987 3.0923538736003326
988 3.0665519960639065
989 3.0665519960639065
990 3.0665519960639065
991 3.408685845163173
992 3.408685845163173
993 3.408685845163173
994 3.8833265939516983
995 3.8833265939516983
996 3.8833265939516983
997 3.0024792667192064
998 3.0024792667192064
999 3.0024792667192064
1000 3.4408431955886916
1001 3.4408431955886916
1002 3.4408431955886916
1003 3.1733140962838493
1004 3.1733140962838493
1005 3.1733140962838493
1006 3.081890249902264
1007 3.081890249902264
1008 3.081890249902264
1009 3.495050610968895
1010 3.495050610968895
1011 3.495050610968895
1012 3.269483485720932
1013 3.269483485720932
1014 3.269483485720932
1015 3.793558601726265
1016 1.0956536831007313
1017 1.0956536831007313
1018 1.0956536831007313
1019 1.0881750155693484
1020 1.0881750155693484
1021 1.0881750155693484
1022 1.2379156720686821
1023 1.2379156720686821
1024 1.2379156720686821
1025 1.1160461129234611
1026 1.1160461129234611
1027 1.1160461129234611
1028 1.0296464836946486
1029 1.0296464836946486
1030 1.0296464836946486
1031 1.1312197836371276
1032 1.1312197836371276
1033 1.1312197836371276
1034 1.0213411235314842
1035 1.0213411235314842
1036 1.0213411235314842
1037 1.0824340005251742
1038 1.0824340005251742
1039 1.0824340005251742
1040 1.1201378938724746
1041 1.1201378938724746
1042 1.1201378938724746
1043 1.0973315277413336
1044 1.0973315277413336
1045 1.0973315277413336
1046 1.1173223795107443
1047 1.1173223795107443
1048 1.1173223795107443
1049 1.0952305474465802
1050 1.0952305474465802
1051 1.0952305474465802
1052 1.0673651750448263
1053 1.0673651750448263
1054 1.0673651750448263
1055 1.0974869284159867
1056 1.0974869284159867
1057 1.0974869284159867
1058 1.064402149214922
1059 1.064402149214922
1060 1.064402149214922
1061 1.0986866720430224
1062 1.0986866720430224
1063 1.0986866720430224
1064 0.9082108182669959
1065 0.9082108182669959
1066 0.9082108182669959
1067 0.9993601744551074
1068 0.9993601744551074
1069 0.9993601744551074
1070 1.1097282005169988
1071 1.1097282005169988
1072 1.1097282005169988
1073 1.1691308822395299
1074 1.1691308822395299
1075 1.1691308822395299
1076 0.9679399427206634
1077 0.9679399427206634
1078 0.9679399427206634
1079 1.3080149986634249
1080 1.3080149986634249
1081 1.3080149986634249
1082 1.094734481528794
1083 1.094734481528794
1084 1.094734481528794
1085 1.1483586596794397
1086 1.1483586596794397
1087 1.1483586596794397
1088 1.2225328080300482
1089 1.2225328080300482
1090 1.2225328080300482
1091 1.1730295687583923
1092 1.1730295687583923
1093 1.1730295687583923
1094 1.101435748189926
1095 1.101435748189926
1096 1.101435748189926
1097 1.0796818910895638
1098 1.0796818910895638
1099 1.0796818910895638
1100 1.083019784209168
1101 1.083019784209168
1102 1.083019784209168
1103 1.0397556185921077
1104 1.0397556185921077
1105 1.0397556185921077
1106 1.0543361735830872
1107 1.0543361735830872
1108 1.0543361735830872
1109 1.2808224023779378
1110 1.2808224023779378
1111 1.2808224023779378
1112 1.0838840154859337
1113 1.0838840154859337
1114 1.0838840154859337
1115 1.2094750701116956
1116 1.2094750701116956
1117 1.2094750701116956
1118 1.1306441167612509
1119 1.1306441167612509
1120 1.1306441167612509
1121 1.1231042547757923
1122 1.1231042547757923
1123 1.1231042547757923
1124 1.1375947513417672
1125 1.1375947513417672
1126 1.1375947513417672
1127 0.9898682715801416
1128 0.9898682715801416
1129 0.9898682715801416
1130 1.0430460828402222
1131 1.0430460828402222
1132 1.0430460828402222
1133 1.0430680326627062
1134 1.0430680326627062
1135 1.0430680326627062
1136 0.9607041746906295
1137 0.9607041746906295
1138 0.9607041746906295
1139 1.147290180546407
1140 1.147290180546407
1141 1.147290180546407
1142 1.1886647720823666
1143 1.1886647720823666
1144 1.1886647720823666
1145 1.0544868596021604
1146 1.0544868596021604
1147 1.0544868596021604
1148 1.1825849854429458
1149 1.1825849854429458
1150 1.1825849854429458
1151 0.9158655719686126
1152 0.9158655719686126
1153 0.9158655719686126
1154 1.1141078980737578
1155 1.1141078980737578
1156 1.1141078980737578
1157 1.0870598234257873
1158 1.0870598234257873
1159 1.0870598234257873
1160 1.1099290842675842
1161 1.1099290842675842
1162 1.1099290842675842
1163 1.022242452868397
1164 1.022242452868397
1165 1.022242452868397
1166 1.0482748852430124
1167 1.0482748852430124
1168 1.0482748852430124
1169 1.02358987228226
1170 1.02358987228226
1171 1.02358987228226
1172 1.0300972684672631
1173 1.0300972684672631
1174 1.0300972684672631
1175 1.318563909774129
1176 1.318563909774129
1177 1.318563909774129
1178 0.9228908281147263
1179 0.9228908281147263
1180 0.9228908281147263
1181 1.035409720143633
1182 1.035409720143633
1183 1.035409720143633
1184 1.2473036045357773
1185 1.2473036045357773
1186 1.2473036045357773
1187 1.3529969028273592
1188 1.3529969028273592
1189 1.3529969028273592
1190 1.1655330768049845
1191 1.1655330768049845
1192 1.1655330768049845
1193 1.2009850198860696
1194 1.2009850198860696
1195 1.2009850198860696
1196 0.8523151742746523
1197 0.8523151742746523
1198 0.8523151742746523
1199 1.2784963080880267
1200 1.2784963080880267
1201 1.2784963080880267
1202 0.9376901369000448
1203 0.9376901369000448
1204 0.9376901369000448
1205 0.988931618576324
1206 0.988931618576324
1207 0.988931618576324
1208 1.0288044413575526
1209 1.0288044413575526
1210 1.0288044413575526
1211 1.1487624592390355
1212 1.1487624592390355
1213 1.1487624592390355
1214 1.0679822857884487
1215 1.0679822857884487
1216 1.0679822857884487
1217 0.9614411962175117
1218 0.9614411962175117
1219 0.9614411962175117
1220 1.0122543834710918
1221 1.0122543834710918
1222 1.0122543834710918
1223 1.3315645310060742
1224 1.3315645310060742
1225 1.3315645310060742
1226 1.0636062644565487
1227 1.0636062644565487
1228 1.0636062644565487
1229 1.2411860041903406
1230 1.2411860041903406
1231 1.2411860041903406
1232 1.2107409854591178
1233 1.2107409854591178
1234 1.2107409854591178
1235 1.2062361349381991
1236 1.2062361349381991
1237 1.2062361349381991
1238 1.1731066820695548
1239 1.1731066820695548
1240 1.1731066820695548
1241 1.1611500807661927
1242 1.1611500807661927
1243 1.1611500807661927
1244 0.9413742551896163
1245 0.9413742551896163
1246 0.9413742551896163
1247 1.0405399071997325
1248 1.0405399071997325
1249 1.0405399071997325
1250 1.0926203146014766
1251 1.0926203146014766
1252 1.0926203146014766
1253 0.9773678594091308
1254 0.9773678594091308
1255 0.9773678594091308
1256 1.3875366542718908
1257 1.3875366542718908
1258 1.3875366542718908
1259 1.0722565767230339
1260 1.0722565767230339
1261 1.0722565767230339
1262 1.0739570479168614
1263 1.0739570479168614
1264 1.0739570479168614
1265 1.1428399534492963
1266 1.1428399534492963
1267 1.1428399534492963
1268 1.0712074640245774
1269 1.0712074640245774
1270 1.0712074640245774
1271 1.160135644855227
1272 1.160135644855227
1273 1.160135644855227
1274 1.2727046943850777
1275 1.2727046943850777
1276 1.2727046943850777
1277 1.2841696080050333
1278 1.2841696080050333
1279 1.2841696080050333
1280 1.0952604690169179
1281 1.0952604690169179
1282 1.0952604690169179
1283 1.0139947594552907
1284 1.0139947594552907
1285 1.0139947594552907
1286 1.112052917237847
1287 1.112052917237847
1288 1.112052917237847
1289 1.1626694036300564
1290 1.1626694036300564
1291 1.1626694036300564
1292 3.6265071630052086
1293 3.6265071630052086
1294 3.6265071630052086
1295 3.350163918320396
1296 3.350163918320396
1297 2.588966085540843
1298 2.588966085540843
1299 2.588966085540843
1300 2.6460732054063953
1301 2.6460732054063953
1302 2.6460732054063953
1303 2.661184164022897
1304 2.661184164022897
1305 2.661184164022897
1306 2.841819750511479
1307 2.841819750511479
1308 2.841819750511479
1309 2.521893960324391
1310 2.521893960324391
1311 2.521893960324391
1312 2.922820452560908
1313 2.922820452560908
1314 2.922820452560908
1315 2.583894863947889
1316 2.583894863947889
1317 2.583894863947889
1318 2.821083994799051
1319 2.821083994799051
1320 2.821083994799051
1321 2.3431695159465256
1322 2.3431695159465256
1323 2.3431695159465256
1324 2.489020820460193
1325 2.489020820460193
1326 2.489020820460193
1327 2.205054898662526
1328 2.205054898662526
1329 2.205054898662526
1330 2.6573689342010183
1331 2.6573689342010183
1332 2.6573689342010183
1333 2.574546864961895
1334 2.574546864961895
1335 2.574546864961895
1336 2.1590964630704765
1337 2.1590964630704765
1338 2.1590964630704765
1339 2.7175864833367616
1340 2.7175864833367616
1341 2.7175864833367616
1342 2.1250531160173503
1343 2.1250531160173503
1344 2.1250531160173503
1345 2.8017437889841537
1346 2.8017437889841537
1347 2.8017437889841537
1348 2.1742865712882056
1349 2.1742865712882056
1350 2.1742865712882056
1351 2.5399789369113033
1352 2.5399789369113033
1353 2.5399789369113033
1354 2.0304623640468242
1355 2.0304623640468242
1356 2.0304623640468242
1357 2.7470297852761116
1358 2.7470297852761116
1359 2.7470297852761116
1360 2.4835916697325033
1361 2.4835916697325033
1362 2.4835916697325033
1363 2.470186616755248
1364 2.470186616755248
1365 2.470186616755248
1366 2.383932315695969
1367 2.383932315695969
1368 2.383932315695969
1369 2.6575037421381764
1370 2.6575037421381764
1371 2.6575037421381764
1372 2.0520374784778808
1373 2.0520374784778808
1374 2.0520374784778808
1375 2.1764355230774735
1376 2.1764355230774735
1377 2.1764355230774735
1378 2.6997339198289856
1379 2.6997339198289856
1380 2.6997339198289856
1381 2.5823302864225464
1382 2.5823302864225464
1383 2.5823302864225464
1384 2.149554740845997
1385 2.149554740845997
1386 2.149554740845997
1387 2.738187647628526
1388 2.738187647628526
1389 2.738187647628526
1390 2.8520315233025224
1391 2.8520315233025224
1392 2.8520315233025224
1393 2.898190740637894
1394 2.898190740637894
1395 2.898190740637894
1396 2.3314965913577614
1397 2.3314965913577614
1398 2.3314965913577614
1399 2.605465254941937
1400 2.605465254941937
1401 2.605465254941937
1402 2.6886587853018105
1403 2.6886587853018105
1404 2.6886587853018105
1405 2.4797679475319887
1406 2.4797679475319887
1407 2.4797679475319887
1408 3.4580120950056528
1409 3.4580120950056528
1410 3.4580120950056528
1411 3.295527677398486
1412 3.6695587105807728
1413 3.6695587105807728
1414 3.6695587105807728
1415 2.0511563838597664
1416 2.0511563838597664
1417 2.0511563838597664
1418 1.9990591568308207
1419 1.9990591568308207
1420 1.9990591568308207
1421 2.279949418443752
1422 2.279949418443752
1423 2.279949418443752
1424 2.458942310573255
1425 2.458942310573255
1426 2.458942310573255
1427 2.7636436175133445
1428 2.7636436175133445
1429 2.7636436175133445
1430 2.3518112764694785
1431 2.3518112764694785
1432 2.3518112764694785
1433 2.1432781344481473
1434 2.1432781344481473
1435 2.1432781344481473
1436 2.6868297240531036
1437 2.6868297240531036
1438 2.6868297240531036
1439 2.5929699396453927
1440 2.5929699396453927
1441 2.5929699396453927
1442 2.3686571345523153
1443 2.3686571345523153
1444 2.3686571345523153
1445 2.0909560968575063
1446 2.0909560968575063
1447 2.0909560968575063
1448 2.677687720505159
1449 2.677687720505159
1450 2.677687720505159
1451 2.267181583972496
1452 2.267181583972496
1453 2.267181583972496
1454 2.708829174246421
1455 2.708829174246421
1456 2.708829174246421
1457 2.233896585551649
1458 2.233896585551649
1459 2.233896585551649
1460 2.7784757631493977
1461 2.7784757631493977
1462 2.7784757631493977
1463 2.5566183612632543
1464 2.5566183612632543
1465 2.5566183612632543
1466 2.404237305745076
1467 2.404237305745076
1468 2.404237305745076
1469 2.740917779088164
1470 2.740917779088164
1471 2.740917779088164
1472 2.46425237493662
1473 2.46425237493662
1474 2.46425237493662
1475 2.433446867405246
1476 2.433446867405246
1477 2.433446867405246
1478 2.4186983321731392
1479 2.4186983321731392
1480 2.4186983321731392
1481 2.5454905945187676
1482 2.5454905945187676
1483 2.5454905945187676
1484 2.01853182730817
1485 2.01853182730817
1486 2.01853182730817
1487 2.776566503847545
1488 2.776566503847545
1489 2.776566503847545
1490 2.5204099898309824
1491 2.5204099898309824
1492 2.5204099898309824
1493 2.286862259606211
1494 2.286862259606211
1495 2.286862259606211
1496 2.6222496980524643
1497 2.6222496980524643
1498 2.6222496980524643
1499 2.6345900558795576
1500 2.6345900558795576
1501 2.6345900558795576
1502 1.3996421019457805
1503 1.3996421019457805
1504 1.3996421019457805
1505 1.6457544438082299
1506 1.6457544438082299
1507 1.6457544438082299
1508 1.5374860939083796
1509 1.5374860939083796
1510 1.5374860939083796
1511 1.496751532489703
1512 1.496751532489703
1513 1.496751532489703
1514 1.4657734431283485
1515 1.4657734431283485
1516 1.4657734431283485
1517 1.6248590185914937
1518 1.6248590185914937
1519 1.6248590185914937
1520 1.6773409198699414
1521 1.6773409198699414
1522 1.6773409198699414
1523 1.6698046858276612
1524 1.6698046858276612
1525 1.6698046858276612
1526 1.6714110183083768
1527 1.6714110183083768
1528 1.6714110183083768
1529 1.7038189903141077
1530 1.7038189903141077
1531 1.7038189903141077
1532 1.3280128720647317
1533 1.3280128720647317
1534 1.3280128720647317
1535 1.7754683694789313
1536 1.7754683694789313
1537 1.7754683694789313
1538 1.3242053190849699
1539 1.3242053190849699
1540 1.3242053190849699
1541 2.898104268370083
1542 2.898104268370083
1543 2.898104268370083
1544 2.878101449538242
1545 2.878101449538242
1546 2.878101449538242
1547 2.579718822269604
1548 2.579718822269604
1549 2.579718822269604
1550 3.5015714963921565
1551 3.5015714963921565
1552 3.5015714963921565
1553 3.1090966619515035
1554 3.1090966619515035
1555 3.1090966619515035
1556 3.1914711023794373
1557 3.1914711023794373
1558 3.1914711023794373
1559 3.2312032206732932
1560 3.2312032206732932
1561 3.2312032206732932
1562 3.2792387204463065
1563 3.2792387204463065
1564 3.2792387204463065
1565 3.1219752980278774
1566 3.1219752980278774
1567 3.1219752980278774
1568 3.0907316351821805
1569 3.0907316351821805
1570 3.0907316351821805
1571 2.489684436933138
1572 2.489684436933138
1573 2.489684436933138
1574 2.60418062156626
1575 2.60418062156626
1576 2.60418062156626
1577 2.664616795230642
1578 2.664616795230642
1579 2.664616795230642
1580 2.623810917687956
1581 2.623810917687956
1582 2.623810917687956
1583 2.9341221483589455
1584 2.9341221483589455
1585 2.9341221483589455
1586 2.943266503691411
1587 2.943266503691411
1588 2.943266503691411
1589 2.7901091476620956
1590 2.7901091476620956
1591 2.7901091476620956
1592 2.815240549218237
1593 2.815240549218237
1594 2.815240549218237
1595 3.2272561617048336
1596 3.2272561617048336
1597 3.2272561617048336
1598 3.216870629825726
1599 3.216870629825726
1600 3.216870629825726
1601 2.99797594399038
1602 2.99797594399038
1603 2.99797594399038
1604 2.760800044397884
1605 2.760800044397884
1606 2.760800044397884
1607 3.059145963869966
1608 3.059145963869966
1609 3.059145963869966
1610 3.160771327433718
1611 3.160771327433718
1612 3.160771327433718
1613 3.1494051165946964
1614 3.1494051165946964
1615 3.1494051165946964
1616 2.8301057475523987
1617 2.8301057475523987
1618 2.8301057475523987
1619 2.6371481883550336
1620 2.6371481883550336
1621 2.6371481883550336
1622 3.452887377293618
1623 3.452887377293618
1624 3.452887377293618
1625 2.71928527102238
1626 2.71928527102238
1627 2.71928527102238
1628 2.9722237267546165
1629 2.9722237267546165
1630 2.9722237267546165
1631 3.068720785959629
1632 1.0096867786761374
1633 1.0096867786761374
1634 1.0096867786761374
1635 1.1089566208157295
1636 1.1089566208157295
1637 1.1089566208157295
1638 1.2804125844304934
1639 1.2804125844304934
1640 1.2804125844304934
1641 1.1864464583965906
1642 1.1864464583965906
1643 1.1864464583965906
1644 0.9621336512392018
1645 0.9621336512392018
1646 0.9621336512392018
1647 1.2262705068674569
1648 1.2262705068674569
1649 1.2262705068674569
1650 1.2541533812341554
1651 1.2541533812341554
1652 1.2541533812341554
1653 0.9998608276705241
1654 0.9998608276705241
1655 0.9998608276705241
1656 0.9966559818371368
1657 0.9966559818371368
1658 0.9966559818371368
1659 1.0712544174118503
1660 1.0712544174118503
1661 1.0712544174118503
1662 1.060659955044145
1663 1.060659955044145
1664 1.060659955044145
1665 1.1828901334894306
1666 1.1828901334894306
1667 1.1828901334894306
1668 1.2211189693824336
1669 1.2211189693824336
1670 1.2211189693824336
1671 1.1858501027561135
1672 1.1858501027561135
1673 1.1858501027561135
1674 1.1078613556904227
1675 1.1078613556904227
1676 1.1078613556904227
1677 1.0467089381846508
1678 1.0467089381846508
1679 1.0467089381846508
1680 1.1027087559431012
1681 1.1027087559431012
1682 1.1027087559431012
1683 0.9954824491922247
1684 0.9954824491922247
1685 0.9954824491922247
1686 1.293677097368465
1687 1.293677097368465
1688 1.293677097368465
1689 1.2589188263435025
1690 1.2589188263435025
1691 1.2589188263435025
1692 1.079476252044308
1693 1.079476252044308
1694 1.079476252044308
1695 1.0170021805718796
1696 1.0170021805718796
1697 1.0170021805718796
1698 1.029861551164906
1699 1.029861551164906
1700 1.029861551164906
1701 1.1494036580480813
1702 1.1494036580480813
1703 1.1494036580480813
1704 1.0459621255976241
1705 1.0459621255976241
1706 1.0459621255976241
1707 1.035737801610394
1708 1.035737801610394
1709 1.035737801610394
1710 1.3134263134670283
1711 1.3134263134670283
1712 1.3134263134670283
1713 1.1206165266832318
1714 1.1206165266832318
1715 1.1206165266832318
1716 1.025045806149332
1717 1.025045806149332
1718 1.025045806149332
1719 0.9749107122782404
1720 0.9749107122782404
1721 0.9749107122782404
1722 1.1856899232428786
1723 1.1856899232428786
1724 1.1856899232428786
1725 1.1084849210838954
1726 1.1084849210838954
1727 1.1084849210838954
1728 0.9844934823382032
1729 0.9844934823382032
1730 0.9844934823382032
1731 1.0632661325742148
1732 1.0632661325742148
1733 1.0632661325742148
1734 1.131259004200265
1735 1.131259004200265
1736 1.131259004200265
1737 1.045383687225581
1738 1.045383687225581
1739 1.045383687225581
1740 1.128754184564846
1741 1.128754184564846
1742 1.128754184564846
1743 1.2460217178984223
1744 1.2460217178984223
1745 1.2460217178984223
1746 1.0719094317683633
1747 1.0719094317683633
1748 1.0719094317683633
1749 1.0813911431542524
1750 1.0813911431542524
1751 1.0813911431542524
1752 0.9929485869887199
1753 0.9929485869887199
1754 0.9929485869887199
1755 1.2860179946757682
1756 1.2860179946757682
1757 1.2860179946757682
1758 1.1219188901895056
1759 1.1219188901895056
1760 1.1219188901895056
1761 1.0991437805342583
1762 1.0991437805342583
1763 1.0991437805342583
1764 1.0859829464093966
1765 1.0859829464093966
1766 1.0859829464093966
1767 1.1107534476495502
1768 1.1107534476495502
1769 1.1107534476495502
1770 1.2583198870300394
1771 1.2583198870300394
1772 1.2583198870300394
1773 1.1042531297744302
1774 1.1042531297744302
1775 1.1042531297744302
1776 1.0534923894528196
1777 1.0534923894528196
1778 1.0534923894528196
1779 1.0600203475706886
1780 1.0600203475706886
1781 1.0600203475706886
1782 1.130181820456192
1783 1.130181820456192
1784 1.130181820456192
1785 1.0074128486582388
1786 1.0074128486582388
1787 1.0074128486582388
1788 1.0135380628961201
1789 1.0135380628961201
1790 1.0135380628961201
1791 0.9172688915149783
1792 0.9172688915149783
1793 0.9172688915149783
1794 0.9651627409188601
1795 0.9651627409188601
1796 0.9651627409188601
1797 1.0821146433720628
1798 1.0821146433720628
1799 1.0821146433720628
1800 1.086702442255388
1801 1.086702442255388
1802 1.086702442255388
1803 1.1922063124475486
1804 1.1922063124475486
1805 1.1922063124475486
1806 1.1491195244112458
1807 1.1491195244112458
1808 1.1491195244112458
1809 0.9717022870254213
1810 0.9717022870254213
1811 0.9717022870254213
1812 1.0546049590774464
1813 1.0546049590774464
1814 1.0546049590774464
1815 1.1435317252668853
1816 1.1435317252668853
1817 1.1435317252668853
1818 1.0790858165774897
1819 1.0790858165774897
1820 1.0790858165774897
1821 1.304159614664555
1822 1.304159614664555
1823 1.304159614664555
1824 0.9864372865237185
1825 0.9864372865237185
1826 0.9864372865237185
1827 1.0854401795388948
1828 1.0854401795388948
1829 1.0854401795388948
1830 1.0548603277093374
1831 1.0548603277093374
1832 1.0548603277093374
1833 1.0564946361901515
1834 1.0564946361901515
1835 1.0564946361901515
1836 1.1672623413258139
1837 1.1672623413258139
1838 1.1672623413258139
1839 1.1564095146509845
1840 1.1564095146509845
1841 1.1564095146509845
1842 1.2162288885490886
1843 1.2162288885490886
1844 1.2162288885490886
1845 0.9917047404665745
1846 0.9917047404665745
1847 2.0852493474887264
1848 2.0852493474887264
1849 2.0852493474887264
1850 2.044267515710402
1851 2.044267515710402
1852 2.044267515710402
1853 1.9738698990047052
1854 1.9738698990047052
1855 1.9738698990047052
1856 2.003015134030629
1857 2.003015134030629
1858 2.003015134030629
1859 2.052260629713663
1860 2.052260629713663
1861 2.052260629713663
1862 2.2150230720549335
1863 2.2150230720549335
1864 2.2150230720549335
1865 2.2233012915802224
1866 2.2233012915802224
1867 2.2233012915802224
1868 1.7946209020681674
1869 1.7946209020681674
1870 1.7946209020681674
1871 2.2508987879163675
1872 2.2508987879163675
1873 2.2508987879163675
1874 2.2179003244373403
1875 2.2179003244373403
1876 2.2179003244373403
1877 2.0225411592064937
1878 2.0225411592064937
1879 2.0225411592064937
1880 2.172203198899033
1881 2.172203198899033
1882 2.172203198899033
1883 2.1724612244088997
1884 2.1724612244088997
1885 2.1724612244088997
1886 1.9011833131367943
1887 1.9011833131367943
1888 1.9011833131367943
1889 1.6640872327469522
1890 1.6640872327469522
1891 1.6640872327469522
1892 2.0153228913333963
1893 2.0153228913333963
1894 2.0153228913333963
1895 1.9845762668181788
1896 1.9845762668181788
1897 1.9845762668181788
1898 2.345562799385374
1899 2.345562799385374
1900 2.345562799385374
1901 1.9952343091287943
1902 1.9952343091287943
1903 1.9952343091287943
1904 1.9480745111046296
1905 1.9480745111046296
1906 1.9480745111046296
1907 1.7199362963805311
1908 1.7199362963805311
1909 1.7199362963805311
1910 1.9500933372063514
1911 1.9500933372063514
1912 1.9500933372063514
1913 1.9271617996073294
1914 1.9271617996073294
1915 1.9271617996073294
1916 1.9385932694235308
1917 1.9385932694235308
1918 1.9385932694235308
1919 1.9744097588024645
1920 1.9744097588024645
1921 1.9744097588024645
1922 2.1746582594385293
1923 2.1746582594385293
1924 2.1746582594385293
1925 2.1688737885213243
1926 2.1688737885213243
1927 2.1688737885213243
1928 1.8919603744721016
1929 1.8919603744721016
1930 1.8919603744721016
1931 1.996392527490755
1932 1.996392527490755
1933 1.996392527490755
1934 1.8824341182250344
1935 1.8824341182250344
1936 1.8824341182250344
1937 2.192050734269055
1938 2.192050734269055
1939 2.192050734269055
1940 2.886221494656954
1941 2.886221494656954
1942 2.886221494656954
1943 3.839454608986463
1944 3.839454608986463
1945 1.0736406322327565
1946 1.0736406322327565
1947 1.0736406322327565
1948 0.9667076853379097
1949 0.9667076853379097
1950 0.9667076853379097
1951 1.0873786954530031
1952 1.0873786954530031
1953 1.0873786954530031
1954 1.1273554191309703
1955 1.1273554191309703
1956 1.1273554191309703
1957 1.296333345630156
1958 1.296333345630156
1959 1.296333345630156
1960 1.0634475320651113
1961 1.0634475320651113
1962 1.0634475320651113
1963 0.9332111471673977
1964 0.9332111471673977
1965 0.9332111471673977
1966 1.021185597102016
1967 1.021185597102016
1968 1.021185597102016
1969 1.0751156210881279
1970 1.0751156210881279
1971 1.0751156210881279
1972 1.2125790605007147
1973 1.2125790605007147
1974 1.2125790605007147
1975 1.18334855173959
1976 1.18334855173959
1977 1.18334855173959
1978 1.1162981762668083
1979 1.1162981762668083
1980 1.1162981762668083
1981 1.1999150298903507
1982 1.1999150298903507
1983 1.1999150298903507
1984 1.1130863837000293
1985 1.1130863837000293
1986 1.1130863837000293
1987 1.1411173367696774
1988 1.1411173367696774
1989 1.1411173367696774
1990 1.1963606778227844
1991 1.1963606778227844
1992 1.1963606778227844
1993 1.1800880644547787
1994 1.1800880644547787
1995 1.1800880644547787
1996 1.1886491012630387
1997 1.1886491012630387
1998 1.1886491012630387
1999 1.3189613612097502
