0 3.3224355722310523
1 3.3224355722310523
2 3.3224355722310523
3 2.615632757514132
4 2.615632757514132
5 2.615632757514132
6 2.981837648319743
7 2.981837648319743
8 2.981837648319743
9 2.892144852920963
10 2.892144852920963
11 2.892144852920963
12 2.2129630521322667
13 2.2129630521322667
14 2.2129630521322667
15 3.144512933139665
16 3.144512933139665
17 3.144512933139665
18 2.532874799656091
19 2.532874799656091
20 2.532874799656091
21 3.7037153784888917
22 3.7037153784888917
23 3.7037153784888917
24 4.360130812852897
25 4.360130812852897
26 4.360130812852897
27 5.564232930935523
28 1.6534160895307524
29 1.6534160895307524
30 1.6534160895307524
31 1.7730291089729575
32 1.7730291089729575
33 1.7730291089729575
34 2.3583351928900784
35 2.3583351928900784
36 2.3583351928900784
37 1.9102949770194055
38 1.9102949770194055
39 1.9102949770194055
40 1.9066357512894687
41 1.9066357512894687
42 1.9066357512894687
43 1.7541697198824509
44 1.7541697198824509
45 1.7541697198824509
46 2.4645555537771275
47 2.4645555537771275
48 2.4645555537771275
49 1.838868435873614
50 1.838868435873614
51 1.838868435873614
52 2.483701780186271
53 2.483701780186271
54 2.483701780186271
55 2.1066347698317243
56 2.1066347698317243
57 2.1066347698317243
58 1.630679750539938
59 1.630679750539938
60 1.630679750539938
61 2.485524648619733
62 2.485524648619733
63 2.485524648619733
64 1.982866652897686
65 1.982866652897686
66 1.982866652897686
67 1.9227361788326958
68 1.9227361788326958
69 1.9227361788326958
70 2.5901926609303114
71 2.5901926609303114
72 2.5901926609303114
73 2.302687087275253
74 2.302687087275253
75 2.302687087275253
76 2.2963901444578507
77 2.2963901444578507
78 2.2963901444578507
79 1.829060904351633
80 1.829060904351633
81 1.829060904351633
82 1.8719506530924788
83 1.8719506530924788
84 1.8719506530924788
85 1.60678255614576
86 1.60678255614576
87 1.60678255614576
88 1.0577439160018292
89 1.0577439160018292
90 1.0577439160018292
91 1.9828001887570725
92 1.9828001887570725
93 1.9828001887570725
94 1.996608077064924
95 1.996608077064924
96 1.996608077064924
97 2.074281525099782
98 2.074281525099782
99 2.074281525099782
100 1.5212369423384187
101 1.5212369423384187
102 1.5212369423384187
103 2.3621953548971257
104 2.3621953548971257
105 2.3621953548971257
106 2.0058181931567636
107 2.0058181931567636
108 2.0058181931567636
109 2.080215144312395
110 2.080215144312395
111 2.080215144312395
112 2.433017441178525
113 2.433017441178525
114 2.433017441178525
115 1.833499089736544
116 1.833499089736544
117 1.833499089736544
118 2.1098796406036966
119 2.1098796406036966
120 2.1098796406036966
121 2.704150431893076
122 2.704150431893076
123 2.704150431893076
124 2.622247832208135
125 2.622247832208135
126 2.622247832208135
127 2.164475786565719
128 2.164475786565719
129 2.164475786565719
130 2.4386306009502143
131 2.4386306009502143
132 2.4386306009502143
133 1.958042449561476
134 1.958042449561476
135 1.958042449561476
136 2.03668404262398
137 2.03668404262398
138 2.03668404262398
139 1.8617438310050514
140 1.8617438310050514
141 1.8617438310050514
142 1.923655349701002
143 1.923655349701002
144 1.923655349701002
145 1.8491597509161863
146 1.8491597509161863
147 1.8491597509161863
148 1.8955418650042446
149 1.8955418650042446
150 1.8955418650042446
151 2.002359622798418
152 2.002359622798418
153 2.002359622798418
154 2.223331995822905
155 2.223331995822905
156 2.223331995822905
157 2.4143437391811173
158 2.4143437391811173
159 2.4143437391811173
160 2.3466126176631317
161 2.3466126176631317
162 2.3466126176631317
163 2.1507916793290174
164 2.1507916793290174
165 2.1507916793290174
166 2.0675067500786217
167 2.0675067500786217
168 2.0675067500786217
169 2.272319755674951
170 2.272319755674951
171 2.272319755674951
172 2.1779958129816333
173 2.1779958129816333
174 2.1779958129816333
175 1.6725146605728767
176 1.6725146605728767
177 1.6725146605728767
178 2.073749326577286
179 2.073749326577286
180 2.073749326577286
181 2.1712872583198943
182 2.1712872583198943
183 2.1712872583198943
184 1.2046983237518716
185 1.2046983237518716
186 1.2046983237518716
187 1.538902806529599
188 1.538902806529599
189 1.538902806529599
190 2.0768552044708195
191 2.0768552044708195
192 2.0768552044708195
193 2.1163871294521215
194 2.1163871294521215
195 2.1163871294521215
196 1.9897549312738292
197 1.9897549312738292
198 1.9897549312738292
199 2.0302236904269026
200 2.0302236904269026
201 2.0302236904269026
202 1.9100801751974341
203 1.9100801751974341
204 1.9100801751974341
205 1.6829921177463667
206 1.6829921177463667
207 1.6829921177463667
208 2.192364896273218
209 2.192364896273218
210 2.192364896273218
211 2.093104969993088
212 2.093104969993088
213 2.6620809849475933
214 2.6620809849475933
215 2.6620809849475933
216 2.591563346697175
217 2.591563346697175
218 2.591563346697175
219 2.814487260718271
220 2.814487260718271
221 2.814487260718271
222 3.7688532369824106
223 3.7688532369824106
224 3.7688532369824106
225 2.787752447550353
226 2.787752447550353
227 2.787752447550353
228 4.42511333759845
229 4.42511333759845
230 4.42511333759845
231 3.346977155642127
232 3.346977155642127
233 3.346977155642127
234 2.742656154871308
235 2.742656154871308
236 2.742656154871308
237 2.9574270921012076
238 2.9574270921012076
239 2.9574270921012076
240 4.126850139253323
241 4.126850139253323
242 4.126850139253323
243 3.27308265065268
244 3.27308265065268
245 3.27308265065268
246 4.181785838290829
247 4.181785838290829
248 4.181785838290829
249 3.910028768407135
250 3.910028768407135
251 3.910028768407135
252 3.451380214167826
253 3.451380214167826
254 3.451380214167826
255 4.116669692520796
256 4.116669692520796
257 4.116669692520796
258 2.8082270492941444
259 2.8082270492941444
260 2.8082270492941444
261 3.4435820002300375
262 3.4435820002300375
263 3.4435820002300375
264 3.9641691148366345
265 3.9641691148366345
266 3.9641691148366345
267 2.8872376932815222
268 2.8872376932815222
269 2.8872376932815222
270 2.742290218628315
271 2.742290218628315
272 2.742290218628315
273 3.7001566605193332
274 3.7001566605193332
275 3.7001566605193332
276 4.553161553855631
277 4.553161553855631
278 4.553161553855631
279 3.1175853413571595
280 3.1175853413571595
281 3.1175853413571595
282 1.8859902079652555
283 1.8859902079652555
284 1.8859902079652555
285 4.061911186018342
286 4.061911186018342
287 4.061911186018342
288 3.6404818527112632
289 3.6404818527112632
290 3.6404818527112632
291 3.6485432660204116
292 3.6485432660204116
293 3.6485432660204116
294 2.90653504638551
295 2.90653504638551
296 2.90653504638551
297 2.467794241780183
298 2.467794241780183
299 2.467794241780183
300 3.518980415802697
301 3.518980415802697
302 3.518980415802697
303 2.465180909700635
304 2.465180909700635
305 2.465180909700635
306 4.363338540682135
307 4.363338540682135
308 4.363338540682135
309 2.5031805626702597
310 2.5031805626702597
311 2.5031805626702597
312 2.8452899187743443
313 2.8452899187743443
314 2.8452899187743443
315 3.427862373666995
316 3.427862373666995
317 3.427862373666995
318 2.9814342464738903
319 2.9814342464738903
320 2.9814342464738903
321 2.911294480424813
322 2.911294480424813
323 2.911294480424813
324 3.542633672124648
325 3.542633672124648
326 3.542633672124648
327 2.762842047432186
328 2.762842047432186
329 2.762842047432186
330 3.5467973569535793
331 3.5467973569535793
332 3.5467973569535793
333 4.19432528660544
334 4.19432528660544
335 4.19432528660544
336 3.672207969694872
337 3.672207969694872
338 3.672207969694872
339 2.6311172412422543
340 2.6311172412422543
341 2.6311172412422543
342 3.4053474043777965
343 3.4053474043777965
344 3.4053474043777965
345 3.3467266853412316
346 3.3467266853412316
347 3.3467266853412316
348 3.673676473889426
349 3.673676473889426
350 3.673676473889426
351 2.976206560318427
352 2.976206560318427
353 2.976206560318427
354 4.174811866430102
355 4.174811866430102
356 4.174811866430102
357 3.760546004788052
358 3.760546004788052
359 3.760546004788052
360 3.585745569747822
361 3.585745569747822
362 3.585745569747822
363 2.7062640881066473
364 2.7062640881066473
365 2.7062640881066473
366 3.6044458760930356
367 3.6044458760930356
368 3.6044458760930356
369 3.081727842525975
370 3.081727842525975
371 3.081727842525975
372 4.125126191567927
373 4.125126191567927
374 4.125126191567927
375 3.835288257372335
376 3.835288257372335
377 3.835288257372335
378 2.029185631943257
379 2.029185631943257
380 2.029185631943257
381 1.91120175827922
382 1.91120175827922
383 1.91120175827922
384 2.1280056897301645
385 2.1280056897301645
386 2.1280056897301645
387 2.4332330205235415
388 2.4332330205235415
389 2.4332330205235415
390 1.1463380331674033
391 1.1463380331674033
392 1.1463380331674033
393 2.458826270702364
394 2.458826270702364
395 2.458826270702364
396 2.2740631443876413
397 2.2740631443876413
398 2.2740631443876413
399 1.8153918861881757
400 1.8153918861881757
401 1.8153918861881757
402 2.2140071703371813
403 2.2140071703371813
404 2.2140071703371813
405 2.1637676254080995
406 2.1637676254080995
407 2.1637676254080995
408 1.9721224899520855
409 1.9721224899520855
410 1.9721224899520855
411 2.2871325407704237
412 2.2871325407704237
413 2.2871325407704237
414 2.7546410648201443
415 2.7546410648201443
416 2.7546410648201443
417 2.0296863506230722
418 2.0296863506230722
419 2.0296863506230722
420 1.7880621436626525
421 1.7880621436626525
422 1.7880621436626525
423 1.4784382331252877
424 1.4784382331252877
425 1.4784382331252877
426 2.273519572668662
427 2.273519572668662
428 2.273519572668662
429 2.008538343524595
430 2.008538343524595
431 2.008538343524595
432 1.9648590375646502
433 1.9648590375646502
434 1.9648590375646502
435 1.8767805396939081
436 1.8767805396939081
437 1.8767805396939081
438 1.8229424910892573
439 1.8229424910892573
440 1.8229424910892573
441 1.4694100668778451
442 1.4694100668778451
443 1.4694100668778451
444 1.6187365936464202
445 1.6187365936464202
446 1.6187365936464202
447 2.2779198209961438
448 2.2779198209961438
449 2.2779198209961438
450 1.6839187661997321
451 1.6839187661997321
452 1.6839187661997321
453 1.5015027720039447
454 1.5015027720039447
455 1.5015027720039447
456 1.6497424591586722
457 1.6497424591586722
458 1.6497424591586722
459 1.7820754608909828
460 1.7820754608909828
461 1.7820754608909828
462 1.5642307989589477
463 1.5642307989589477
464 1.5642307989589477
465 1.8318730851826668
466 1.8318730851826668
467 1.8318730851826668
468 1.6982336562412939
469 1.6982336562412939
470 1.6982336562412939
471 2.0535366258244117
472 2.0535366258244117
473 2.0535366258244117
474 1.723894203493415
475 1.723894203493415
476 1.723894203493415
477 2.312512558349713
478 2.312512558349713
479 2.312512558349713
480 1.8463660901420245
481 1.8463660901420245
482 1.8463660901420245
483 2.3417570165783013
484 2.3417570165783013
485 2.3417570165783013
486 1.6355143087883643
487 1.6355143087883643
488 1.6355143087883643
489 2.1409355110592068
490 2.1409355110592068
491 2.1409355110592068
492 1.6321281311912745
493 1.6321281311912745
494 1.6321281311912745
495 2.0050544121185836
496 2.0050544121185836
497 2.0050544121185836
498 2.6019438156912913
499 2.6019438156912913
500 2.6019438156912913
501 1.4803362422571558
502 1.4803362422571558
503 1.4803362422571558
504 2.2159872348028067
505 2.2159872348028067
506 2.2159872348028067
507 1.7065624600891018
508 1.7065624600891018
509 1.7065624600891018
510 2.1328110518195023
511 2.1328110518195023
512 2.1328110518195023
513 1.8957369769948273
514 1.8957369769948273
515 1.8957369769948273
516 1.8532324205649198
517 1.8532324205649198
518 1.8532324205649198
519 2.3452928383708738
520 2.3452928383708738
521 2.3452928383708738
522 1.9298339699778941
523 1.9298339699778941
524 1.9298339699778941
525 2.0443820799803056
526 2.0443820799803056
527 2.0443820799803056
528 1.951256110069849
529 1.951256110069849
530 1.951256110069849
531 2.0180257804299826
532 2.0180257804299826
533 2.0180257804299826
534 2.0362791729256946
535 2.0362791729256946
536 2.0362791729256946
537 1.7077973983719106
538 1.7077973983719106
539 1.7077973983719106
540 1.9887564772544397
541 1.9887564772544397
542 1.9887564772544397
543 1.4714760078376052
544 1.4714760078376052
545 1.4714760078376052
546 1.9715334380069742
547 1.9715334380069742
548 1.9715334380069742
549 1.305246330691451
550 1.305246330691451
551 1.305246330691451
552 1.8465463222287604
553 1.8465463222287604
554 1.8465463222287604
555 1.5390163086112825
556 1.5390163086112825
557 1.5390163086112825
558 2.1821350701526874
559 2.1821350701526874
560 2.1821350701526874
561 2.4648809739228397
562 2.4648809739228397
563 2.4648809739228397
564 2.016010497723641
565 2.016010497723641
566 2.016010497723641
567 2.3953503585605653
568 2.3953503585605653
569 2.3953503585605653
570 1.5933852143286167
571 1.5933852143286167
572 1.5933852143286167
573 2.02016529221613
574 2.02016529221613
575 2.02016529221613
576 1.9660436864854611
577 0.6392452689979401
578 0.6392452689979401
579 0.6392452689979401
580 0.596074497910766
581 0.596074497910766
582 0.596074497910766
583 0.5582279427572476
584 0.5582279427572476
585 0.5582279427572476
586 0.741525254672253
587 0.741525254672253
588 0.741525254672253
589 0.7467370100458048
590 0.7467370100458048
591 0.7467370100458048
592 0.9137070249577123
593 0.9137070249577123
594 0.9137070249577123
595 0.6950265240494666
596 0.6950265240494666
597 0.6950265240494666
598 0.8117659260340307
599 0.8117659260340307
600 0.8117659260340307
601 0.6436919934260067
602 0.6436919934260067
603 0.6436919934260067
604 0.6859057841925869
605 0.6859057841925869
606 0.6859057841925869
607 0.5061481685639205
608 0.5061481685639205
609 0.5061481685639205
610 0.4366925111672719
611 0.4366925111672719
612 0.4366925111672719
613 0.6367081476336716
614 0.6367081476336716
615 0.6367081476336716
616 0.7634943397478429
617 0.7634943397478429
618 0.7634943397478429
619 0.531584440590647
620 0.531584440590647
621 0.531584440590647
622 0.5897285055066244
623 0.5897285055066244
624 0.5897285055066244
625 0.4829675035016876
626 0.4829675035016876
627 0.4829675035016876
628 0.8676885580074378
629 0.8676885580074378
630 0.8676885580074378
631 0.5551705409046707
632 0.5551705409046707
633 0.5551705409046707
634 0.5327237578819285
635 0.5327237578819285
636 0.5327237578819285
637 0.7629786295521168
638 0.7629786295521168
639 0.7629786295521168
640 0.739591020852754
641 0.739591020852754
642 0.739591020852754
643 0.640073418085671
644 0.640073418085671
645 0.640073418085671
646 0.6136443426740542
647 0.6136443426740542
648 0.6136443426740542
649 0.8189698714626131
650 0.8189698714626131
651 0.8189698714626131
652 0.6322245949137587
653 0.6322245949137587
654 0.6322245949137587
655 0.4424366251415346
656 0.4424366251415346
657 0.4424366251415346
658 0.7523674192596361
659 0.7523674192596361
660 0.7523674192596361
661 0.5498504336826987
662 0.5498504336826987
663 0.5498504336826987
664 0.6423710344074021
665 0.6423710344074021
666 0.6423710344074021
667 0.7735676077454063
668 0.7735676077454063
669 0.7735676077454063
670 0.6403318686050864
671 0.6403318686050864
672 0.6403318686050864
673 0.7036886639501465
674 0.7036886639501465
675 0.7036886639501465
676 0.6726936412952952
677 0.6726936412952952
678 0.6726936412952952
679 0.5407991036300035
680 0.5407991036300035
681 0.5407991036300035
682 0.6729223230756464
683 0.6729223230756464
684 0.6729223230756464
685 0.6710118693785349
686 0.6710118693785349
687 0.6710118693785349
688 0.3896878579924571
689 0.3896878579924571
690 0.3896878579924571
691 0.6415343874807173
692 0.6415343874807173
693 0.6415343874807173
694 0.8327752364617821
695 0.8327752364617821
696 0.8327752364617821
697 0.6908735218301723
698 0.6908735218301723
699 0.6908735218301723
700 0.7188736455699034
701 0.7188736455699034
702 0.7188736455699034
703 0.6781028939539889
704 0.6781028939539889
705 0.6781028939539889
706 0.8048015401206586
707 0.8048015401206586
708 0.8048015401206586
709 0.715494408102356
710 0.715494408102356
711 0.715494408102356
712 0.7670596735553341
713 0.7670596735553341
714 0.7670596735553341
715 0.7403974342591203
716 0.7403974342591203
717 0.7403974342591203
718 0.5768812295859003
719 0.5768812295859003
720 0.5768812295859003
721 0.6277484583771776
722 0.6277484583771776
723 0.6277484583771776
724 0.6578600210560225
725 0.6578600210560225
726 0.6578600210560225
727 0.6712726885324429
728 0.6712726885324429
729 0.6712726885324429
730 0.49746011169428883
731 0.49746011169428883
732 0.49746011169428883
733 0.4352566874816326
734 0.4352566874816326
735 0.4352566874816326
736 0.7145803762565235
737 0.7145803762565235
738 0.7145803762565235
739 0.6588758550321968
740 0.6588758550321968
741 0.6588758550321968
742 0.6664262410198147
743 0.6664262410198147
744 0.6664262410198147
745 0.42930346037277295
746 0.42930346037277295
747 0.42930346037277295
748 0.525862875786766
749 0.525862875786766
750 0.525862875786766
751 0.6071352522123384
752 0.6071352522123384
753 0.6071352522123384
754 0.6367091473017382
755 0.6367091473017382
756 0.6367091473017382
757 0.806227635261579
758 0.806227635261579
759 0.806227635261579
760 0.3864509634340811
761 0.3864509634340811
762 0.3864509634340811
763 0.6952894981357776
764 0.6952894981357776
765 0.6952894981357776
766 0.8237026910030776
767 2.552988005669129
768 2.552988005669129
769 2.552988005669129
770 4.2962058912997865
771 4.2962058912997865
772 4.2962058912997865
773 3.069869787253917
774 3.069869787253917
775 3.069869787253917
776 4.15137181519024
777 4.15137181519024
778 4.15137181519024
779 4.095943905853287
780 4.095943905853287
781 4.095943905853287
782 3.738337823727263
783 3.738337823727263
784 3.738337823727263
785 2.9868715119362617
786 2.9868715119362617
787 2.9868715119362617
788 4.454229925931526
789 4.454229925931526
790 4.454229925931526
791 2.349388772637463
792 2.349388772637463
793 2.349388772637463
794 2.984636196884573
795 2.984636196884573
796 2.984636196884573
797 3.320800946355901
798 3.320800946355901
799 3.320800946355901
800 2.513873359519157
801 2.513873359519157
802 2.513873359519157
803 3.1642722186973034
804 3.1642722186973034
805 3.1642722186973034
806 3.1941936851334964
807 3.1941936851334964
808 3.1941936851334964
809 3.155552452943487
810 3.155552452943487
811 3.155552452943487
812 3.6041428560956175
813 3.6041428560956175
814 3.6041428560956175
815 3.5070796606981536
816 3.5070796606981536
817 3.5070796606981536
818 4.582440413607439
819 4.582440413607439
820 4.582440413607439
821 2.607465682011797
822 2.607465682011797
823 2.607465682011797
824 4.095756762877403
825 4.095756762877403
826 4.095756762877403
827 4.028126818749845
828 4.028126818749845
829 4.028126818749845
830 4.111583355573498
831 4.111583355573498
832 4.111583355573498
833 3.972209633015021
834 3.972209633015021
835 3.972209633015021
836 3.4496436636636774
837 3.4496436636636774
838 3.4496436636636774
839 2.802682655858212
840 2.802682655858212
841 2.802682655858212
842 3.45445978057943
843 3.45445978057943
844 3.45445978057943
845 3.4536195875549676
846 3.4536195875549676
847 3.4536195875549676
848 3.329599645308056
849 3.329599645308056
850 3.329599645308056
851 3.837268880703016
852 3.837268880703016
853 3.837268880703016
854 3.7021168966851103
855 3.7021168966851103
856 3.7021168966851103
857 2.8394696693634724
858 2.8394696693634724
859 2.8394696693634724
860 3.286575825024505
861 3.286575825024505
862 3.286575825024505
863 4.234088224992661
864 4.234088224992661
865 4.234088224992661
866 2.978676254493873
867 2.978676254493873
868 2.978676254493873
869 3.59200364332412
870 3.59200364332412
871 3.59200364332412
872 3.9612266730887407
873 3.9612266730887407
874 3.9612266730887407
875 3.498629732006807
876 3.498629732006807
877 3.498629732006807
878 3.578594937565573
879 3.578594937565573
880 3.578594937565573
881 3.8498045029836208
882 3.8498045029836208
883 3.8498045029836208
884 3.4749996749106127
885 3.4749996749106127
886 3.4749996749106127
887 4.157240267626869
888 4.157240267626869
889 4.157240267626869
890 2.4755900820930656
891 2.4755900820930656
892 2.4755900820930656
893 4.035762454888689
894 4.035762454888689
895 4.035762454888689
896 2.512716978750304
897 2.512716978750304
898 2.512716978750304
899 4.4086785438460545
900 4.4086785438460545
901 4.4086785438460545
902 3.635499102863708
903 3.635499102863708
904 3.635499102863708
905 3.522972672704826
906 3.522972672704826
907 3.522972672704826
908 3.7104248678341443
909 3.7104248678341443
910 3.7104248678341443
911 3.019291432592806
912 3.019291432592806
913 3.019291432592806
914 3.277886166314395
915 3.277886166314395
916 3.277886166314395
917 3.44251126287141
918 3.44251126287141
919 3.44251126287141
920 3.216813352730701
921 3.216813352730701
922 3.216813352730701
923 4.180769486734079
924 4.180769486734079
925 4.180769486734079
926 3.66424523511202
927 3.66424523511202
928 3.66424523511202
929 2.9871894378742225
930 2.9871894378742225
931 2.9871894378742225
932 2.519786087131874
933 2.519786087131874
934 2.519786087131874
935 2.465628241069278
936 2.465628241069278
937 2.465628241069278
938 3.725495588694625
939 3.725495588694625
940 3.725495588694625
941 4.0753752850911695
942 4.0753752850911695
943 4.0753752850911695
944 3.5526727753923226
945 3.5526727753923226
946 3.5526727753923226
947 3.7302498724244297
948 3.7302498724244297
949 3.7302498724244297
950 3.2978856088576753
951 3.2978856088576753
952 3.2978856088576753
953 3.6270613437313552
954 3.6270613437313552
955 3.6270613437313552
956 3.711309563781223
957 3.711309563781223
958 3.711309563781223
959 3.931491741425605
960 3.931491741425605
961 3.931491741425605
962 4.201075612279498
963 4.201075612279498
964 4.201075612279498
965 2.9730467241699974
966 2.9730467241699974
967 2.9730467241699974
968 3.550852119723963
969 3.550852119723963
970 3.550852119723963
971 2.8717719900714758
972 2.8717719900714758
973 2.8717719900714758
974 3.119693058380196
975 3.119693058380196
976 3.119693058380196
977 3.871152175128448
978 3.871152175128448
979 3.871152175128448
980 3.5277498990293212
981 3.5277498990293212
982 3.5277498990293212
983 3.7943655457888754
984 3.7943655457888754
985 3.7943655457888754
986 3.975401367704574
987 3.975401367704574
988 3.975401367704574
989 3.5121250336744483
990 3.5121250336744483
991 3.5121250336744483
992 3.42047073158095
993 3.42047073158095
994 3.42047073158095
995 3.9707273862661205
996 3.9707273862661205
997 3.9707273862661205
998 3.6374891464918493
999 3.6374891464918493
1000 3.6374891464918493
1001 3.9546889360810944
1002 3.9546889360810944
1003 3.9546889360810944
1004 3.9237424555368046
1005 3.9237424555368046
1006 3.9237424555368046
1007 3.8983736958462942
1008 3.8983736958462942
1009 3.8983736958462942
1010 2.5567267585635616
1011 2.5567267585635616
1012 2.5567267585635616
1013 3.291753268071327
1014 3.291753268071327
1015 3.291753268071327
1016 3.6715706580338567
1017 3.6715706580338567
1018 3.6715706580338567
1019 3.7176958124176958
1020 3.7176958124176958
1021 3.7176958124176958
1022 4.068869913635811
1023 4.068869913635811
1024 4.068869913635811
1025 3.70944588241727
1026 3.70944588241727
1027 3.70944588241727
1028 3.695039745371042
1029 3.695039745371042
1030 3.695039745371042
1031 2.8888468011510526
1032 2.8888468011510526
1033 2.8888468011510526
1034 3.2722540762739736
1035 3.2722540762739736
1036 3.2722540762739736
1037 3.622034360114568
1038 3.622034360114568
1039 3.622034360114568
1040 2.8340107010370152
1041 2.8340107010370152
1042 2.8340107010370152
1043 3.544869535971683
1044 3.544869535971683
1045 3.544869535971683
1046 2.932351236422021
1047 2.932351236422021
1048 2.932351236422021
1049 3.2127501188705088
1050 3.2127501188705088
1051 3.2127501188705088
1052 3.596083121275337
1053 3.596083121275337
1054 3.596083121275337
1055 3.667949935417094
1056 3.667949935417094
1057 3.667949935417094
1058 3.61943231950761
1059 3.61943231950761
1060 3.61943231950761
1061 3.597797807251724
1062 1.6070323876002306
1063 1.6070323876002306
1064 1.6070323876002306
1065 1.2050020738572593
1066 1.2050020738572593
1067 1.2050020738572593
1068 0.9203623687556465
1069 0.9203623687556465
1070 0.9203623687556465
1071 1.1065868223555801
1072 1.1065868223555801
1073 1.1065868223555801
1074 1.0225779720550372
1075 1.0225779720550372
1076 1.0225779720550372
1077 0.9401217422766039
1078 0.9401217422766039
1079 0.9401217422766039
1080 0.7857754884060328
1081 0.7857754884060328
1082 0.7857754884060328
1083 1.4913417947315193
1084 1.4913417947315193
1085 1.4913417947315193
1086 0.9353175990753938
1087 0.9353175990753938
1088 0.9353175990753938
1089 1.3972127685593612
1090 1.3972127685593612
1091 1.3972127685593612
1092 1.294834603049222
1093 1.294834603049222
1094 1.294834603049222
1095 0.9729531218235139
1096 0.9729531218235139
1097 0.9729531218235139
1098 1.403134654799111
1099 1.403134654799111
1100 1.403134654799111
1101 1.1606188385258855
1102 1.1606188385258855
1103 1.1606188385258855
1104 1.019193964652221
1105 1.019193964652221
1106 1.019193964652221
1107 0.8800621073977352
1108 0.8800621073977352
1109 0.8800621073977352
1110 1.1025314666544894
1111 1.1025314666544894
1112 1.1025314666544894
1113 1.258562710623917
1114 1.258562710623917
1115 1.258562710623917
1116 1.210559492812938
1117 1.210559492812938
1118 1.210559492812938
1119 1.2290720287377472
1120 1.2290720287377472
1121 1.2290720287377472
1122 0.86965683189518
1123 0.86965683189518
1124 0.86965683189518
1125 1.0495103040225051
1126 1.0495103040225051
1127 1.0495103040225051
1128 0.9376292930661414
1129 0.9376292930661414
1130 0.9376292930661414
1131 0.9225049244163057
1132 0.9225049244163057
1133 0.9225049244163057
1134 1.0934979405891
1135 1.0934979405891
1136 1.0934979405891
1137 1.1830715121409026
1138 1.1830715121409026
1139 4.32738274385965
1140 4.32738274385965
1141 4.32738274385965
1142 2.519886223651844
1143 2.519886223651844
1144 2.519886223651844
1145 3.8096112218659
1146 3.8096112218659
1147 3.8096112218659
1148 3.79666928205763
1149 3.79666928205763
1150 3.79666928205763
1151 3.2265662263345325
1152 3.2265662263345325
1153 3.2265662263345325
1154 2.2035754681273216
1155 2.3028053432886852
1156 2.3028053432886852
1157 2.3028053432886852
1158 2.622154228778053
1159 2.622154228778053
1160 2.622154228778053
1161 2.5033289503824676
1162 2.5033289503824676
1163 2.5033289503824676
1164 2.7430419359586513
1165 2.7430419359586513
1166 2.7430419359586513
1167 3.732186916799079
1168 3.732186916799079
1169 3.732186916799079
1170 2.53906489406704
1171 2.53906489406704
1172 2.53906489406704
1173 2.1682637966077705
1174 2.1682637966077705
1175 2.1682637966077705
1176 2.1516132889896307
1177 2.1516132889896307
1178 2.1516132889896307
1179 2.47200087088689
1180 2.47200087088689
1181 2.47200087088689
1182 2.6142007042790176
1183 2.6142007042790176
1184 2.6142007042790176
1185 1.650703823541575
1186 1.650703823541575
1187 1.650703823541575
1188 2.3980130341499373
1189 2.3980130341499373
1190 2.3980130341499373
1191 3.1737227426860026
1192 3.1737227426860026
1193 3.1737227426860026
1194 2.6177517133337354
1195 2.6177517133337354
1196 2.6177517133337354
1197 3.0518249569175624
1198 3.0518249569175624
1199 3.0518249569175624
1200 2.0221833206606483
1201 2.0221833206606483
1202 2.0221833206606483
1203 2.0233275485829583
1204 2.0233275485829583
1205 2.0233275485829583
1206 2.5679679493078584
1207 2.5679679493078584
1208 2.5679679493078584
1209 3.039229067902767
1210 3.039229067902767
1211 3.039229067902767
1212 1.8717582011270362
1213 1.8717582011270362
1214 1.8717582011270362
1215 3.1032470919370354
1216 3.1032470919370354
1217 3.1032470919370354
1218 1.9055967886547418
1219 1.9055967886547418
1220 1.9055967886547418
1221 2.3782387391303095
1222 2.3782387391303095
1223 2.3782387391303095
1224 2.5157882779692025
1225 2.5157882779692025
1226 2.5157882779692025
1227 2.6228776555758517
1228 2.6228776555758517
1229 2.6228776555758517
1230 2.6201010029663214
1231 2.6201010029663214
1232 2.6201010029663214
1233 3.115731324962394
1234 3.115731324962394
1235 3.115731324962394
1236 2.4032149259735895
1237 2.4032149259735895
1238 2.4032149259735895
1239 3.4943421454358914
1240 3.4943421454358914
1241 3.4943421454358914
1242 2.2956311893125676
1243 2.2956311893125676
1244 2.2956311893125676
1245 2.7393814292561944
1246 2.7393814292561944
1247 2.7393814292561944
1248 2.9872332018950964
1249 2.9872332018950964
1250 2.9872332018950964
1251 2.954571239649285
1252 2.954571239649285
1253 2.954571239649285
1254 2.4923963039909465
1255 2.4923963039909465
1256 2.4923963039909465
1257 2.544648170379638
1258 2.544648170379638
1259 2.544648170379638
1260 1.9543421018490332
1261 1.9543421018490332
1262 1.9543421018490332
1263 2.6528769683883833
1264 2.6528769683883833
1265 2.6528769683883833
1266 2.9572235834926937
1267 2.9572235834926937
1268 2.9572235834926937
1269 2.5086908765860536
1270 2.5086908765860536
1271 2.5086908765860536
1272 2.759815482521444
1273 2.759815482521444
1274 2.759815482521444
1275 2.4492561512778375
1276 2.4492561512778375
1277 2.4492561512778375
1278 2.374768122279933
1279 2.374768122279933
1280 2.374768122279933
1281 2.3025468613442266
1282 2.3025468613442266
1283 2.3025468613442266
1284 1.695376187232089
1285 1.695376187232089
1286 1.695376187232089
1287 2.286748753698732
1288 2.286748753698732
1289 2.286748753698732
1290 2.689594715038279
1291 2.689594715038279
1292 2.689594715038279
1293 2.495742662858498
1294 2.495742662858498
1295 2.495742662858498
1296 2.9199347578424106
1297 3.73416463463561
1298 3.73416463463561
1299 3.73416463463561
1300 3.7534040302587726
1301 3.7534040302587726
1302 3.7534040302587726
1303 2.878954056092235
1304 2.878954056092235
1305 2.878954056092235
1306 2.400301472123768
1307 2.400301472123768
1308 2.400301472123768
1309 2.0878783168337174
1310 2.0878783168337174
1311 2.0878783168337174
1312 3.8915648572789383
1313 3.8915648572789383
1314 3.8915648572789383
1315 3.9010021121693885
1316 3.9010021121693885
1317 3.9010021121693885
1318 3.524655971716787
1319 3.524655971716787
1320 3.524655971716787
1321 4.002367215525474
1322 4.002367215525474
1323 4.002367215525474
1324 2.662676113520592
1325 2.662676113520592
1326 2.662676113520592
1327 2.25642872366834
1328 2.25642872366834
1329 1.5501750823181228
1330 1.5501750823181228
1331 1.5501750823181228
1332 1.3382303400336144
1333 1.3382303400336144
1334 1.3382303400336144
1335 1.683663159944417
1336 1.683663159944417
1337 1.683663159944417
1338 1.9059404273827927
1339 1.9059404273827927
1340 1.9059404273827927
1341 1.5127457424601938
1342 1.5127457424601938
1343 1.5127457424601938
1344 1.405201608978523
1345 1.405201608978523
1346 1.405201608978523
1347 1.2017835664574938
1348 1.2017835664574938
1349 1.2017835664574938
1350 1.131331856380955
1351 1.131331856380955
1352 1.131331856380955
1353 1.610652869167759
1354 1.610652869167759
1355 1.610652869167759
1356 1.3812528110950937
1357 1.3812528110950937
1358 1.3812528110950937
1359 1.2716455811991743
1360 1.2716455811991743
1361 1.2716455811991743
1362 1.8637174992357697
1363 1.8637174992357697
1364 1.8637174992357697
1365 1.8967747545381037
1366 1.8967747545381037
1367 1.8967747545381037
1368 1.854552907748066
1369 1.854552907748066
1370 1.854552907748066
1371 1.4267220048516394
1372 1.4267220048516394
1373 1.4267220048516394
1374 1.428657574311476
1375 1.428657574311476
1376 1.428657574311476
1377 1.2194856634372209
1378 1.2194856634372209
1379 1.2194856634372209
1380 1.3153964077854012
1381 1.3153964077854012
1382 1.3153964077854012
1383 1.8216142119792655
1384 1.8216142119792655
1385 1.8216142119792655
1386 1.5495065757527287
1387 1.5495065757527287
1388 1.5495065757527287
1389 1.3099626941489309
1390 1.3099626941489309
1391 1.3099626941489309
1392 1.9210337738634395
1393 1.9210337738634395
1394 1.9210337738634395
1395 1.4244316382378719
1396 1.4244316382378719
1397 1.4244316382378719
1398 1.513274336917472
1399 1.513274336917472
1400 1.513274336917472
1401 1.4047719509628975
1402 1.4047719509628975
1403 1.4047719509628975
1404 1.6109959037511077
1405 1.6109959037511077
1406 1.6109959037511077
1407 1.789653347389975
1408 1.789653347389975
1409 1.789653347389975
1410 1.2069565725053817
1411 1.2069565725053817
1412 1.2069565725053817
1413 1.6939151053065784
1414 1.6939151053065784
1415 1.6939151053065784
1416 1.6514824733692512
1417 1.6514824733692512
1418 1.6514824733692512
1419 1.578338393064869
1420 1.578338393064869
1421 1.578338393064869
1422 1.0060265199122531
1423 1.0060265199122531
1424 1.0060265199122531
1425 1.1671110362513915
1426 1.1671110362513915
1427 1.1671110362513915
1428 1.773788263128317
1429 3.6858818408909504
1430 3.6858818408909504
1431 3.6858818408909504
1432 4.065829080003648
1433 4.065829080003648
1434 4.065829080003648
1435 4.491293505498331
1436 4.491293505498331
1437 4.491293505498331
1438 3.8673639592113602
1439 3.8673639592113602
1440 3.8673639592113602
1441 4.331743910630872
1442 4.331743910630872
1443 4.331743910630872
1444 3.600315898807023
1445 3.600315898807023
1446 3.600315898807023
1447 3.970402668015238
1448 3.970402668015238
1449 3.970402668015238
1450 3.974790970890924
1451 3.974790970890924
1452 3.974790970890924
1453 3.2760876436687254
1454 3.2760876436687254
1455 3.2760876436687254
1456 4.916390391050028
1457 4.916390391050028
1458 4.916390391050028
1459 2.8721539658593183
1460 2.8721539658593183
1461 2.8721539658593183
1462 4.205846152031129
1463 4.205846152031129
1464 4.205846152031129
1465 3.848751213989894
1466 3.848751213989894
1467 3.3554457534639925
1468 3.3554457534639925
1469 3.3554457534639925
1470 3.8533580237607272
1471 3.8533580237607272
1472 3.8533580237607272
1473 3.1555507593776544
1474 3.1555507593776544
1475 3.1555507593776544
1476 2.5496557695145734
1477 2.5496557695145734
1478 2.5496557695145734
1479 4.532871032439264
1480 4.532871032439264
1481 4.532871032439264
1482 4.0861838478761765
1483 4.0861838478761765
1484 4.0861838478761765
1485 3.7552815366262355
1486 3.7552815366262355
1487 3.7552815366262355
1488 4.135027905682995
1489 4.135027905682995
1490 4.135027905682995
1491 2.56417047004415
1492 2.56417047004415
1493 2.56417047004415
1494 3.360589412584383
1495 3.360589412584383
1496 3.360589412584383
1497 2.8062620061003605
1498 2.8062620061003605
1499 2.8062620061003605
1500 3.290812944521509
1501 3.290812944521509
1502 3.290812944521509
1503 4.429573226548654
1504 4.429573226548654
1505 4.429573226548654
1506 4.23515294160996
1507 4.23515294160996
1508 4.23515294160996
1509 4.458483185123227
1510 4.458483185123227
1511 4.458483185123227
1512 3.165580898269685
1513 3.165580898269685
1514 3.165580898269685
1515 4.466249677539172
1516 4.466249677539172
1517 4.466249677539172
1518 3.086403077355614
1519 3.086403077355614
1520 3.086403077355614
1521 3.167648131363322
1522 3.167648131363322
1523 3.167648131363322
1524 4.048494335936059
1525 4.048494335936059
1526 4.048494335936059
1527 3.0481710220568305
1528 3.0481710220568305
1529 3.0481710220568305
1530 3.0689077845395145
1531 3.0689077845395145
1532 3.0689077845395145
1533 3.7997825764834525
1534 3.7997825764834525
1535 3.7997825764834525
1536 3.8734795748602115
1537 3.8734795748602115
1538 3.8734795748602115
1539 3.286150677529964
1540 3.286150677529964
1541 3.286150677529964
1542 3.722625567167636
1543 3.722625567167636
1544 3.722625567167636
1545 3.190175983300099
1546 3.190175983300099
1547 3.190175983300099
1548 3.3244217985912243
1549 3.3244217985912243
1550 3.3244217985912243
1551 4.250135095132139
1552 4.250135095132139
1553 4.250135095132139
1554 3.380327940896123
1555 3.380327940896123
1556 3.380327940896123
1557 3.5624468599194277
1558 3.5624468599194277
1559 3.5624468599194277
1560 2.5628519544240422
1561 2.5628519544240422
1562 2.5628519544240422
1563 2.6548009434298354
1564 2.6548009434298354
1565 2.6548009434298354
1566 5.2163996415802885
1567 5.2163996415802885
1568 5.2163996415802885
1569 2.78916348785547
1570 2.78916348785547
1571 2.78916348785547
1572 3.3290185137213926
1573 3.3290185137213926
1574 3.3290185137213926
1575 2.759931662094143
1576 2.759931662094143
1577 2.759931662094143
1578 3.0616094743167603
1579 3.0616094743167603
1580 3.0616094743167603
1581 2.733157623532664
1582 2.733157623532664
1583 2.733157623532664
1584 3.6025800969302417
1585 3.6025800969302417
1586 3.6025800969302417
1587 3.91183601171069
1588 3.91183601171069
1589 3.91183601171069
1590 4.169979228900645
1591 4.169979228900645
1592 4.169979228900645
1593 3.879260080133493
1594 3.879260080133493
1595 3.879260080133493
1596 3.4015235004162676
1597 3.4015235004162676
1598 3.4015235004162676
1599 4.781002855823183
1600 4.781002855823183
1601 4.781002855823183
1602 4.492349415534707
1603 4.492349415534707
1604 4.492349415534707
1605 3.164756675061856
1606 3.164756675061856
1607 3.164756675061856
1608 3.3068810472819754
1609 3.3068810472819754
1610 3.3068810472819754
1611 3.9289497735030556
1612 3.9289497735030556
1613 3.9289497735030556
1614 2.951272843150739
1615 2.951272843150739
1616 2.951272843150739
1617 4.093483185271104
1618 4.093483185271104
1619 4.093483185271104
1620 2.298992603941693
1621 2.298992603941693
1622 2.298992603941693
1623 2.5541439763164444
1624 2.5541439763164444
1625 2.5541439763164444
1626 3.271783988920207
1627 3.271783988920207
1628 3.271783988920207
1629 4.132461966735388
1630 4.132461966735388
1631 4.132461966735388
1632 3.861915325638175
1633 3.861915325638175
1634 3.861915325638175
1635 2.8380279794381105
1636 2.8380279794381105
1637 2.8380279794381105
1638 3.9457057988525923
1639 3.9457057988525923
1640 3.9457057988525923
1641 2.7475854517587406
1642 2.7475854517587406
1643 2.7475854517587406
1644 4.832333663757474
1645 4.832333663757474
1646 4.832333663757474
1647 3.5801981243375223
1648 3.5801981243375223
1649 3.5801981243375223
1650 3.7811965172716318
1651 3.7811965172716318
1652 3.7811965172716318
1653 3.1538770238057166
1654 3.1538770238057166
1655 3.1538770238057166
1656 3.2715330198267596
1657 3.2715330198267596
1658 3.2715330198267596
1659 3.665712248169387
1660 3.665712248169387
1661 3.665712248169387
1662 3.9803220264465424
1663 3.9803220264465424
1664 3.9803220264465424
1665 4.369871346385425
1666 4.369871346385425
1667 4.369871346385425
1668 4.638997020262279
1669 4.638997020262279
1670 4.638997020262279
1671 2.6985758674187195
1672 2.6985758674187195
1673 2.6985758674187195
1674 3.4812888988396797
1675 3.4812888988396797
1676 3.4812888988396797
1677 2.607314134495561
1678 2.607314134495561
1679 2.607314134495561
1680 4.351169728555086
1681 4.351169728555086
1682 4.351169728555086
1683 3.364969219889182
1684 3.364969219889182
1685 3.364969219889182
1686 3.903022736464687
1687 3.903022736464687
1688 3.903022736464687
1689 3.4994427021341177
1690 3.4994427021341177
1691 3.4994427021341177
1692 4.0402983709511595
1693 4.0402983709511595
1694 4.0402983709511595
1695 3.827699667840112
1696 3.827699667840112
1697 3.827699667840112
1698 4.387523350149627
1699 4.387523350149627
1700 4.387523350149627
1701 2.716621548855944
1702 2.716621548855944
1703 2.716621548855944
1704 4.376386416096138
1705 4.376386416096138
1706 4.376386416096138
1707 3.413138476696361
1708 3.413138476696361
1709 3.413138476696361
1710 3.030469085887504
1711 3.030469085887504
1712 3.030469085887504
1713 3.1562832796045774
1714 3.1562832796045774
1715 3.1562832796045774
1716 3.206222390991683
1717 3.206222390991683
1718 3.206222390991683
1719 3.861980884833193
1720 3.861980884833193
1721 3.861980884833193
1722 2.874724862652521
1723 2.874724862652521
1724 2.874724862652521
1725 3.324332757493001
1726 3.324332757493001
1727 3.324332757493001
1728 3.434653650255642
1729 3.434653650255642
1730 3.434653650255642
1731 3.163258224409922
1732 3.163258224409922
1733 3.163258224409922
1734 3.497301614709653
1735 3.497301614709653
1736 3.497301614709653
1737 3.7801681190189163
1738 3.7801681190189163
1739 3.7801681190189163
1740 3.082326159642069
1741 3.082326159642069
1742 3.082326159642069
1743 2.577779218169684
1744 2.577779218169684
1745 2.577779218169684
1746 3.4154343737995756
1747 3.4154343737995756
1748 3.4154343737995756
1749 3.187571527419169
1750 3.187571527419169
1751 3.187571527419169
1752 3.9111975958359353
1753 3.9111975958359353
1754 3.9111975958359353
1755 4.528383481251465
1756 4.528383481251465
1757 4.528383481251465
1758 4.177663461358525
1759 4.177663461358525
1760 4.177663461358525
1761 2.832737111887462
1762 2.832737111887462
1763 2.832737111887462
1764 2.462362412447315
1765 2.462362412447315
1766 2.462362412447315
1767 2.354497823261247
1768 2.354497823261247
1769 2.354497823261247
1770 2.2927535299728747
1771 2.2927535299728747
1772 2.2927535299728747
1773 2.0093026128133564
1774 2.0093026128133564
1775 2.0093026128133564
1776 2.6456233380638485
1777 2.6456233380638485
1778 2.6456233380638485
1779 2.734673987882717
1780 2.734673987882717
1781 2.734673987882717
1782 2.632454125340237
1783 2.632454125340237
1784 2.632454125340237
1785 2.221940614079122
1786 2.221940614079122
1787 2.221940614079122
1788 2.5553954137209187
1789 2.5553954137209187
1790 2.5553954137209187
1791 2.1849133002479117
1792 2.1849133002479117
1793 2.1849133002479117
1794 2.9759918766090987
1795 2.9759918766090987
1796 2.9759918766090987
1797 2.1866025337364317
1798 2.1866025337364317
1799 2.1866025337364317
1800 2.861410697854571
1801 2.861410697854571
1802 2.861410697854571
1803 2.523728241428699
1804 2.523728241428699
1805 2.523728241428699
1806 2.4766490582293716
1807 2.4766490582293716
1808 2.4766490582293716
1809 1.7824141566807645
1810 1.7824141566807645
1811 1.7824141566807645
1812 2.7148160320785744
1813 2.7148160320785744
1814 2.7148160320785744
1815 1.696845310935844
1816 1.696845310935844
1817 1.696845310935844
1818 2.544926569424301
1819 2.544926569424301
1820 2.544926569424301
1821 3.1142453932771854
1822 3.1142453932771854
1823 3.1142453932771854
1824 3.028122865761798
1825 3.028122865761798
1826 3.028122865761798
1827 3.51196709216991
1828 3.51196709216991
1829 3.51196709216991
1830 2.9852142697467006
1831 2.9852142697467006
1832 2.9852142697467006
1833 1.6243977390043287
1834 1.6243977390043287
1835 1.6243977390043287
1836 2.4493101982243943
1837 2.4493101982243943
1838 2.4493101982243943
1839 2.2236439375480983
1840 2.2236439375480983
1841 2.2236439375480983
1842 2.4208224508744838
1843 2.4208224508744838
1844 2.4208224508744838
1845 2.6015854200293775
1846 2.6015854200293775
1847 2.6015854200293775
1848 2.517251856201491
1849 2.517251856201491
1850 2.517251856201491
1851 2.436330204193789
1852 2.436330204193789
1853 2.436330204193789
1854 2.167958107717869
1855 2.167958107717869
1856 2.167958107717869
1857 2.6750128416975656
1858 2.6750128416975656
1859 2.6750128416975656
1860 2.7859749648160075
1861 2.7859749648160075
1862 2.7859749648160075
1863 1.9658540224154728
1864 1.9658540224154728
1865 1.9658540224154728
1866 2.1782445735527305
1867 2.1782445735527305
1868 2.1782445735527305
1869 3.2569760545482533
1870 3.2569760545482533
1871 3.2569760545482533
1872 1.9829453455837287
1873 1.9829453455837287
1874 1.9829453455837287
1875 2.0182980847430994
1876 2.0182980847430994
1877 2.0182980847430994
1878 2.048614875761565
1879 2.048614875761565
1880 2.048614875761565
1881 2.7382154988750758
1882 2.7382154988750758
1883 2.7382154988750758
1884 2.167839744712934
1885 2.167839744712934
1886 2.167839744712934
1887 2.4899547665440283
1888 2.4899547665440283
1889 2.4899547665440283
1890 3.1050093784679653
1891 3.1050093784679653
1892 3.1050093784679653
1893 2.387647057392814
1894 2.387647057392814
1895 2.387647057392814
1896 2.3596653690662968
1897 2.3596653690662968
1898 2.3596653690662968
1899 1.9022899986444797
1900 1.9022899986444797
1901 1.9022899986444797
1902 1.7971388758513207
1903 1.7971388758513207
1904 1.7971388758513207
1905 2.4177343515550658
1906 2.4177343515550658
1907 2.4177343515550658
1908 2.4998495081069927
1909 2.4998495081069927
1910 2.4998495081069927
1911 2.3329742636490387
1912 2.3329742636490387
1913 2.3329742636490387
1914 2.4633723255724504
1915 2.4633723255724504
1916 2.4633723255724504
1917 2.784435409551076
1918 2.784435409551076
1919 2.784435409551076
1920 2.4954483993233034
1921 2.4954483993233034
1922 2.4954483993233034
1923 2.255776470452089
1924 2.255776470452089
1925 2.255776470452089
1926 2.0853309094327526
1927 2.0853309094327526
1928 2.0853309094327526
1929 1.9156686744068034
1930 1.9156686744068034
1931 1.9156686744068034
1932 2.69390004606162
1933 2.69390004606162
1934 2.69390004606162
1935 2.828457177870765
1936 2.828457177870765
1937 2.828457177870765
1938 2.434667110431211
1939 2.434667110431211
1940 2.434667110431211
1941 2.2682738834428147
1942 2.2682738834428147
1943 2.2682738834428147
1944 2.0544341413595872
1945 2.0544341413595872
1946 2.0544341413595872
1947 2.8342534455225383
1948 2.8342534455225383
1949 2.8342534455225383
1950 2.7977899750656094
1951 2.7977899750656094
1952 2.7977899750656094
1953 1.401729143751194
1954 1.401729143751194
1955 1.401729143751194
1956 2.1440713825272777
1957 2.1440713825272777
1958 2.1440713825272777
1959 2.5928448269223114
1960 2.5928448269223114
1961 2.5928448269223114
1962 2.532941934784236
1963 2.532941934784236
1964 2.532941934784236
1965 2.0921420905573878
1966 2.0921420905573878
1967 2.0921420905573878
1968 1.5561727728881898
1969 1.5561727728881898
1970 1.5561727728881898
1971 3.0177335691195144
1972 3.0177335691195144
1973 3.0177335691195144
1974 2.6797477625312167
1975 2.6797477625312167
1976 2.6797477625312167
1977 2.1586363429654556
1978 2.1586363429654556
1979 2.1586363429654556
1980 2.744168941270538
1981 2.744168941270538
1982 2.744168941270538
1983 2.48321206164859
1984 2.48321206164859
1985 2.48321206164859
1986 2.3947749867613637
1987 2.3947749867613637
1988 2.3947749867613637
1989 2.615181616649024
1990 2.615181616649024
1991 2.615181616649024
1992 2.602359177154791
1993 2.602359177154791
1994 2.602359177154791
1995 3.388373309386175
1996 3.388373309386175
1997 3.388373309386175
1998 1.8892392990921696
1999 1.8892392990921696
