0 2.0832917697275564
1 2.0832917697275564
2 2.0832917697275564
3 2.0832917697275564
4 2.0832917697275564
5 3.640189524383753
6 3.640189524383753
7 3.640189524383753
8 3.640189524383753
9 3.640189524383753
10 4.356569908439852
11 4.356569908439852
12 4.356569908439852
13 4.356569908439852
14 1.6804939653752533
15 1.6804939653752533
16 1.6804939653752533
17 1.6804939653752533
18 1.6804939653752533
19 1.7858756255091166
20 1.7858756255091166
21 1.7858756255091166
22 1.7858756255091166
23 1.7858756255091166
24 1.366272936651375
25 1.366272936651375
26 1.366272936651375
27 1.366272936651375
28 1.366272936651375
29 1.854330690105994
30 1.854330690105994
31 1.854330690105994
32 1.854330690105994
33 1.854330690105994
34 2.3885018444178465
35 2.3885018444178465
36 2.3885018444178465
37 2.3885018444178465
38 2.3885018444178465
39 2.7248537897617213
40 2.7248537897617213
41 2.7248537897617213
42 2.7248537897617213
43 2.7248537897617213
44 1.5320406919986294
45 1.5320406919986294
46 1.5320406919986294
47 1.5320406919986294
48 1.5320406919986294
49 2.6833812036293576
50 2.6833812036293576
51 2.6833812036293576
52 2.6833812036293576
53 2.6833812036293576
54 1.845243541930633
55 1.845243541930633
56 1.845243541930633
57 1.845243541930633
58 1.845243541930633
59 1.8753510042712935
60 1.8753510042712935
61 1.8753510042712935
62 1.8753510042712935
63 1.8753510042712935
64 0.8776847051819747
65 0.8776847051819747
66 0.8776847051819747
67 0.8776847051819747
68 0.8776847051819747
69 2.514703462628814
70 2.514703462628814
71 2.514703462628814
72 2.514703462628814
73 2.514703462628814
74 1.8120857116898539
75 1.8120857116898539
76 1.8120857116898539
77 1.8120857116898539
78 1.8120857116898539
79 1.8544750739755043
80 1.8544750739755043
81 1.8544750739755043
82 1.8544750739755043
83 1.8544750739755043
84 2.7052024796829457
85 2.7052024796829457
86 2.7052024796829457
87 0.1
88 0.1
89 0.1
90 0.1
91 0.1
92 0.1427329561944803
93 0.1427329561944803
94 0.1427329561944803
95 0.1427329561944803
96 0.1427329561944803
97 0.17660496403429538
98 0.17660496403429538
99 0.17660496403429538
100 0.17660496403429538
101 0.17660496403429538
102 0.14463164610720697
103 0.14463164610720697
104 0.14463164610720697
105 0.14463164610720697
106 0.14463164610720697
107 0.2749880919234157
108 2.5810890959722976
109 2.5810890959722976
110 2.5810890959722976
111 2.5810890959722976
112 2.5810890959722976
113 3.0583850095754928
114 3.0583850095754928
115 3.0583850095754928
116 3.0583850095754928
117 3.0583850095754928
118 3.2553344172170946
119 3.2553344172170946
120 3.2553344172170946
121 3.2553344172170946
122 3.2553344172170946
123 2.2148721409957086
124 0.5896596811699623
125 0.5896596811699623
126 0.5896596811699623
127 0.5896596811699623
128 0.5896596811699623
129 0.6233102317270465
130 0.6233102317270465
131 0.6233102317270465
132 0.6233102317270465
133 0.6233102317270465
134 0.4598859054144365
135 0.4598859054144365
136 0.4598859054144365
137 0.4598859054144365
138 0.4598859054144365
139 0.5521209240111851
140 0.5521209240111851
141 0.5521209240111851
142 0.5521209240111851
143 0.5521209240111851
144 0.6153209852223541
145 0.6153209852223541
146 0.6153209852223541
147 0.6153209852223541
148 0.6153209852223541
149 0.8318104497006324
150 0.8318104497006324
151 0.8318104497006324
152 0.22596668572333545
153 0.22596668572333545
154 0.22596668572333545
155 0.22596668572333545
156 0.22596668572333545
157 0.2865699389262162
158 0.2865699389262162
159 0.2865699389262162
160 0.2865699389262162
161 0.2865699389262162
162 0.2657828885623293
163 0.2657828885623293
164 0.2657828885623293
165 0.2657828885623293
166 0.2657828885623293
167 0.2917847151972526
168 0.2917847151972526
169 0.2917847151972526
170 0.2917847151972526
171 0.2917847151972526
172 0.16632641786103147
173 0.16632641786103147
174 0.16632641786103147
175 0.16632641786103147
176 0.16632641786103147
177 0.22620860550759217
178 0.22620860550759217
179 0.22620860550759217
180 0.22620860550759217
181 0.22620860550759217
182 0.28715489436355635
183 0.28715489436355635
184 0.28715489436355635
185 0.28715489436355635
186 0.28715489436355635
187 0.19846874657297708
188 0.19846874657297708
189 0.19846874657297708
190 0.19846874657297708
191 0.19846874657297708
192 0.16400250830923013
193 0.16400250830923013
194 0.16400250830923013
195 0.16400250830923013
196 0.16400250830923013
197 0.2447493990783231
198 0.2447493990783231
199 0.2447493990783231
200 0.2447493990783231
201 0.2447493990783231
202 0.20189871824579356
203 0.20189871824579356
204 0.20189871824579356
205 0.20189871824579356
206 0.20189871824579356
207 0.2517265219520747
208 0.2517265219520747
209 0.2517265219520747
210 0.2517265219520747
211 0.2517265219520747
212 0.21093697149845014
213 0.21093697149845014
214 0.21093697149845014
215 0.21093697149845014
216 0.21093697149845014
217 0.23622548665865153
218 0.23622548665865153
219 0.23622548665865153
220 0.23622548665865153
221 0.23622548665865153
222 0.2713579143166782
223 0.2713579143166782
224 0.2713579143166782
225 0.2713579143166782
226 0.2713579143166782
227 0.304299233149359
228 0.304299233149359
229 0.304299233149359
230 0.304299233149359
231 0.304299233149359
232 0.194447569578903
233 0.194447569578903
234 0.194447569578903
235 0.194447569578903
236 0.194447569578903
237 0.1652731030998127
238 0.1652731030998127
239 0.1652731030998127
240 0.1652731030998127
241 0.1652731030998127
242 0.24460090386608854
243 0.24460090386608854
244 0.24460090386608854
245 0.24460090386608854
246 0.24460090386608854
247 0.15107053836854825
248 1.5364662095427692
249 1.5364662095427692
250 1.5364662095427692
251 1.5364662095427692
252 1.5364662095427692
253 1.6926608466455408
254 1.6926608466455408
255 1.6926608466455408
256 1.6926608466455408
257 1.6926608466455408
258 1.6246994477445957
259 1.6246994477445957
260 1.6246994477445957
261 1.6246994477445957
262 1.6246994477445957
263 1.0836534053699096
264 1.0836534053699096
265 1.0836534053699096
266 1.0836534053699096
267 1.0836534053699096
268 2.3772860114440735
269 2.3772860114440735
270 2.3772860114440735
271 2.3772860114440735
272 2.3772860114440735
273 1.8935463346556527
274 1.8935463346556527
275 1.8935463346556527
276 1.8935463346556527
277 1.8935463346556527
278 1.5624829187578786
279 1.5624829187578786
280 1.5624829187578786
281 1.5624829187578786
282 1.5624829187578786
283 1.0719569425516653
284 1.0719569425516653
285 1.0719569425516653
286 1.0719569425516653
287 1.0719569425516653
288 2.2114265810578972
289 2.2114265810578972
290 2.2114265810578972
291 2.2114265810578972
292 2.2114265810578972
293 0.6448367310410368
294 0.6448367310410368
295 0.6448367310410368
296 0.6448367310410368
297 0.6448367310410368
298 1.629752770323135
299 1.629752770323135
300 1.629752770323135
301 1.629752770323135
302 1.629752770323135
303 1.8676650579718614
304 1.8676650579718614
305 1.8676650579718614
306 1.8676650579718614
307 1.8676650579718614
308 2.2342621502850606
309 2.2342621502850606
310 2.2342621502850606
311 2.2342621502850606
312 2.2342621502850606
313 2.0405043490046544
314 2.0405043490046544
315 2.0405043490046544
316 2.0405043490046544
317 2.0405043490046544
318 0.7484351566686118
319 0.7484351566686118
320 0.7484351566686118
321 0.7484351566686118
322 0.7484351566686118
323 1.8696785103832065
324 1.8696785103832065
325 1.8696785103832065
326 1.8696785103832065
327 1.8696785103832065
328 1.8319762334241698
329 1.8319762334241698
330 1.8319762334241698
331 1.8319762334241698
332 1.8319762334241698
333 1.9209481639514219
334 1.9209481639514219
335 1.9209481639514219
336 1.9209481639514219
337 1.9209481639514219
338 1.925683200184414
339 1.925683200184414
340 1.925683200184414
341 1.925683200184414
342 1.925683200184414
343 2.390055645801485
344 2.390055645801485
345 2.390055645801485
346 2.390055645801485
347 2.390055645801485
348 2.0204961079711974
349 2.0204961079711974
350 2.0204961079711974
351 2.0204961079711974
352 2.0204961079711974
353 1.6779102074077885
354 1.6779102074077885
355 1.6779102074077885
356 1.6779102074077885
357 1.6779102074077885
358 1.5100240421830073
359 1.5100240421830073
360 1.5100240421830073
361 1.5100240421830073
362 1.5100240421830073
363 2.82691390519995
364 2.82691390519995
365 2.82691390519995
366 2.82691390519995
367 2.82691390519995
368 1.9536971187556598
369 1.9536971187556598
370 1.9536971187556598
371 1.9536971187556598
372 1.9536971187556598
373 1.7353746445071025
374 1.7353746445071025
375 1.7353746445071025
376 1.7353746445071025
377 1.7353746445071025
378 1.4970162478885778
379 1.4970162478885778
380 1.4970162478885778
381 1.4970162478885778
382 1.4970162478885778
383 2.351852891113943
384 2.351852891113943
385 2.351852891113943
386 0.4577095127028272
387 0.4577095127028272
388 0.4577095127028272
389 0.4577095127028272
390 0.4577095127028272
391 0.6220323108292154
392 0.6220323108292154
393 0.6220323108292154
394 0.6220323108292154
395 0.6220323108292154
396 0.45174526553561695
397 0.45174526553561695
398 2.372630534550451
399 2.372630534550451
400 2.372630534550451
401 2.372630534550451
402 2.372630534550451
403 3.3819822173093264
404 3.3819822173093264
405 3.3819822173093264
406 3.3819822173093264
407 3.3819822173093264
408 2.374936566824727
409 2.374936566824727
410 2.374936566824727
411 2.374936566824727
412 2.374936566824727
413 3.4282493893149266
414 3.4282493893149266
415 3.4282493893149266
416 3.4282493893149266
417 3.4282493893149266
418 2.6022862419666346
419 2.6022862419666346
420 2.6022862419666346
421 2.6022862419666346
422 2.6022862419666346
423 3.869158213365698
424 3.869158213365698
425 3.869158213365698
426 3.869158213365698
427 3.869158213365698
428 3.2585453225781436
429 3.2585453225781436
430 3.2585453225781436
431 3.2585453225781436
432 3.2585453225781436
433 2.3241932435043946
434 2.3241932435043946
435 2.3241932435043946
436 2.3241932435043946
437 2.3241932435043946
438 3.109382950298416
439 3.109382950298416
440 3.109382950298416
441 1.5161033869190714
442 1.5161033869190714
443 1.5161033869190714
444 1.5161033869190714
445 1.5161033869190714
446 2.445519552734075
447 2.445519552734075
448 2.445519552734075
449 2.445519552734075
450 2.445519552734075
451 2.66527604478
452 2.66527604478
453 2.66527604478
454 2.66527604478
455 2.66527604478
456 2.299710365780404
457 2.299710365780404
458 2.299710365780404
459 2.299710365780404
460 2.299710365780404
461 1.0992803117913823
462 1.0992803117913823
463 1.0992803117913823
464 1.0992803117913823
465 1.0992803117913823
466 2.112398159513506
467 2.112398159513506
468 2.112398159513506
469 2.112398159513506
470 2.112398159513506
471 2.0671467490048636
472 2.0671467490048636
473 2.0671467490048636
474 2.0671467490048636
475 2.0671467490048636
476 1.7561265051030424
477 1.7561265051030424
478 1.7561265051030424
479 1.7561265051030424
480 1.7561265051030424
481 2.9708310455449927
482 2.9708310455449927
483 2.9708310455449927
484 2.9708310455449927
485 2.9708310455449927
486 1.6381962547945672
487 1.6381962547945672
488 1.6381962547945672
489 1.6381962547945672
490 1.6381962547945672
491 2.4181210058619205
492 2.4181210058619205
493 2.4181210058619205
494 2.4181210058619205
495 2.4181210058619205
496 3.130580887447226
497 3.130580887447226
498 3.130580887447226
499 3.130580887447226
500 3.130580887447226
501 2.3724051337668377
502 2.3724051337668377
503 2.3724051337668377
504 2.3724051337668377
505 2.3724051337668377
506 1.6704013507753537
507 1.6704013507753537
508 1.6704013507753537
509 1.6704013507753537
510 1.6704013507753537
511 3.7925560754435614
512 3.7925560754435614
513 3.7925560754435614
514 3.7925560754435614
515 3.7925560754435614
516 1.7896619703910648
517 1.7896619703910648
518 1.7896619703910648
519 1.7896619703910648
520 1.7896619703910648
521 2.418987078010418
522 2.418987078010418
523 2.418987078010418
524 2.418987078010418
525 2.418987078010418
526 2.537251481888009
527 2.537251481888009
528 2.537251481888009
529 2.537251481888009
530 2.537251481888009
531 2.2987382144434636
532 2.2987382144434636
533 2.2987382144434636
534 2.2987382144434636
535 2.2987382144434636
536 1.3860948121521366
537 1.3860948121521366
538 1.3860948121521366
539 1.3860948121521366
540 1.3860948121521366
541 1.912335527667759
542 1.912335527667759
543 1.912335527667759
544 1.912335527667759
545 1.912335527667759
546 2.527463685644226
547 2.527463685644226
548 2.527463685644226
549 2.527463685644226
550 2.527463685644226
551 1.3194670504130075
552 1.3194670504130075
553 1.3194670504130075
554 1.3194670504130075
555 1.3194670504130075
556 1.5668663127675513
557 1.5668663127675513
558 1.5668663127675513
559 1.5668663127675513
560 1.5668663127675513
561 1.7734076612825376
562 1.7734076612825376
563 1.7734076612825376
564 1.7734076612825376
565 1.7734076612825376
566 1.293685896824993
567 1.293685896824993
568 1.293685896824993
569 1.293685896824993
570 1.293685896824993
571 0.5950030675209269
572 0.5950030675209269
573 0.5950030675209269
574 0.5950030675209269
575 0.5950030675209269
576 2.02454445818789
577 2.02454445818789
578 2.02454445818789
579 2.02454445818789
580 2.02454445818789
581 1.2161475569341353
582 1.2161475569341353
583 1.2161475569341353
584 1.2161475569341353
585 1.2161475569341353
586 1.6680529571096419
587 1.6680529571096419
588 1.6680529571096419
589 1.6680529571096419
590 1.6680529571096419
591 1.6490865990853
592 1.6490865990853
593 1.6490865990853
594 1.6490865990853
595 1.6490865990853
596 1.7939397775999264
597 1.7939397775999264
598 1.7939397775999264
599 1.7939397775999264
600 1.7939397775999264
601 1.620539755344865
602 1.620539755344865
603 1.620539755344865
604 1.620539755344865
605 1.620539755344865
606 2.1087367679804525
607 2.1087367679804525
608 2.1087367679804525
609 2.1087367679804525
610 2.1087367679804525
611 1.5040258523408037
612 1.5040258523408037
613 1.5040258523408037
614 1.5040258523408037
615 1.5040258523408037
616 1.701707281735742
617 1.701707281735742
618 1.701707281735742
619 1.701707281735742
620 1.701707281735742
621 1.4613922649187026
622 1.4613922649187026
623 1.4613922649187026
624 1.4613922649187026
625 1.4613922649187026
626 1.333755576077513
627 1.333755576077513
628 1.333755576077513
629 1.333755576077513
630 1.333755576077513
631 1.991278230562445
632 1.991278230562445
633 1.991278230562445
634 1.991278230562445
635 1.991278230562445
636 1.6726499072633514
637 1.6726499072633514
638 1.6726499072633514
639 1.6726499072633514
640 1.6726499072633514
641 2.2405948376011913
642 2.2405948376011913
643 2.2405948376011913
644 2.2405948376011913
645 2.2405948376011913
646 1.2540115447763778
647 1.2540115447763778
648 1.2540115447763778
649 1.2540115447763778
650 1.2540115447763778
651 1.6454322096199963
652 1.6454322096199963
653 1.6454322096199963
654 1.6454322096199963
655 1.6454322096199963
656 1.1701439597904273
657 1.1701439597904273
658 1.1701439597904273
659 1.1701439597904273
660 1.1701439597904273
661 1.9006112432855917
662 1.9006112432855917
663 1.9006112432855917
664 1.9006112432855917
665 1.9006112432855917
666 1.0168229372625577
667 1.0168229372625577
668 1.0168229372625577
669 1.0168229372625577
670 1.0168229372625577
671 1.3174160519271814
672 1.3174160519271814
673 1.3174160519271814
674 1.3174160519271814
675 1.3174160519271814
676 1.3961011886673191
677 1.3961011886673191
678 1.3961011886673191
679 1.3961011886673191
680 1.3961011886673191
681 2.278025577005456
682 2.278025577005456
683 2.278025577005456
684 2.278025577005456
685 2.278025577005456
686 1.7548171989564716
687 1.7548171989564716
688 1.7548171989564716
689 1.7548171989564716
690 1.7548171989564716
691 2.0167195887645626
692 2.0167195887645626
693 2.0167195887645626
694 2.0167195887645626
695 2.0167195887645626
696 2.0423304293458022
697 2.0423304293458022
698 2.0423304293458022
699 2.0423304293458022
700 2.0423304293458022
701 1.7051008330947215
702 1.7051008330947215
703 1.7051008330947215
704 1.7051008330947215
705 1.7051008330947215
706 1.4070790294908688
707 1.4070790294908688
708 1.4070790294908688
709 1.4070790294908688
710 1.4070790294908688
711 1.9830320384110591
712 1.9830320384110591
713 1.9830320384110591
714 1.9830320384110591
715 1.9830320384110591
716 0.9773316881564295
717 0.9773316881564295
718 0.9773316881564295
719 0.9773316881564295
720 0.9773316881564295
721 0.5081808663032039
722 0.5081808663032039
723 0.5081808663032039
724 0.5081808663032039
725 0.5081808663032039
726 1.7430537230319976
727 1.7430537230319976
728 1.7430537230319976
729 1.7430537230319976
730 1.7430537230319976
731 1.9228681776252239
732 1.9228681776252239
733 1.9228681776252239
734 1.9228681776252239
735 1.9228681776252239
736 1.5165644211523457
737 1.5165644211523457
738 1.5165644211523457
739 1.5165644211523457
740 1.5165644211523457
741 1.920042643235111
742 1.920042643235111
743 1.920042643235111
744 1.920042643235111
745 1.920042643235111
746 2.4512861138504034
747 2.4512861138504034
748 2.4512861138504034
749 2.4512861138504034
750 2.4512861138504034
751 1.7412809747819753
752 1.7412809747819753
753 1.7412809747819753
754 1.7412809747819753
755 1.7412809747819753
756 1.9365940735178406
757 1.9365940735178406
758 1.9365940735178406
759 1.9365940735178406
760 1.9365940735178406
761 0.9369684190219262
762 0.9369684190219262
763 0.9369684190219262
764 0.9369684190219262
765 0.9369684190219262
766 2.081257404690429
767 2.081257404690429
768 2.081257404690429
769 2.081257404690429
770 2.081257404690429
771 1.1644602635845778
772 1.1644602635845778
773 1.1644602635845778
774 1.1644602635845778
775 1.1644602635845778
776 2.4545981119103284
777 2.4545981119103284
778 2.4545981119103284
779 2.4545981119103284
780 2.4545981119103284
781 1.6152813742014198
782 1.6152813742014198
783 1.5005939289599297
784 1.5005939289599297
785 1.5005939289599297
786 1.5005939289599297
787 1.5005939289599297
788 2.435496936920886
789 2.435496936920886
790 2.435496936920886
791 2.435496936920886
792 2.435496936920886
793 1.1502817364567255
794 1.1502817364567255
795 1.1502817364567255
796 1.1502817364567255
797 1.1502817364567255
798 2.5455874915769527
799 2.5455874915769527
800 2.5455874915769527
801 2.5455874915769527
802 2.5455874915769527
803 3.128291741465966
804 3.128291741465966
805 3.128291741465966
806 3.128291741465966
807 3.128291741465966
808 0.857916315884159
809 0.857916315884159
810 0.857916315884159
811 0.857916315884159
812 0.857916315884159
813 1.9655112345580381
814 1.9655112345580381
815 1.9655112345580381
816 1.9655112345580381
817 1.9655112345580381
818 2.2172983047124752
819 2.2172983047124752
820 2.2172983047124752
821 2.2172983047124752
822 2.2172983047124752
823 0.7151378007219797
824 0.7151378007219797
825 0.7151378007219797
826 0.7151378007219797
827 0.7151378007219797
828 2.236215288476272
829 2.236215288476272
830 2.236215288476272
831 2.236215288476272
832 2.236215288476272
833 2.013055864375311
834 2.013055864375311
835 2.013055864375311
836 2.013055864375311
837 2.013055864375311
838 2.3397024510539404
839 2.3397024510539404
840 2.3397024510539404
841 2.3397024510539404
842 2.3397024510539404
843 2.533668613839198
844 2.533668613839198
845 2.533668613839198
846 2.533668613839198
847 2.533668613839198
848 2.856847334934795
849 2.856847334934795
850 2.856847334934795
851 2.856847334934795
852 2.856847334934795
853 2.783327588137772
854 2.783327588137772
855 2.783327588137772
856 2.783327588137772
857 2.783327588137772
858 2.7006651386368388
859 2.7006651386368388
860 2.7006651386368388
861 2.7006651386368388
862 2.7006651386368388
863 1.4835669681603456
864 1.4835669681603456
865 1.4835669681603456
866 1.4835669681603456
867 1.4835669681603456
868 1.4012426519156689
869 1.4012426519156689
870 1.4012426519156689
871 1.4012426519156689
872 1.4012426519156689
873 1.9042941713185495
874 1.9042941713185495
875 1.9042941713185495
876 1.9042941713185495
877 1.9042941713185495
878 1.519311364376848
879 1.519311364376848
880 1.519311364376848
881 1.519311364376848
882 1.519311364376848
883 1.8372871272601388
884 1.8372871272601388
885 1.8372871272601388
886 1.8372871272601388
887 1.8372871272601388
888 3.0903207343926375
889 3.0903207343926375
890 3.0903207343926375
891 3.0903207343926375
892 3.0903207343926375
893 2.4918017384986273
894 2.4918017384986273
895 2.4918017384986273
896 2.4918017384986273
897 2.4918017384986273
898 3.0154685921265947
899 3.0154685921265947
900 3.0154685921265947
901 3.0154685921265947
902 3.0154685921265947
903 2.7230409349759004
904 2.7230409349759004
905 2.7230409349759004
906 2.7230409349759004
907 2.7230409349759004
908 3.28662304817498
909 3.28662304817498
910 3.28662304817498
911 3.28662304817498
912 3.28662304817498
913 2.678977021068698
914 2.678977021068698
915 2.678977021068698
916 2.678977021068698
917 2.678977021068698
918 0.854346517582431
919 0.854346517582431
920 0.854346517582431
921 0.854346517582431
922 0.854346517582431
923 2.610222097736232
924 2.610222097736232
925 2.610222097736232
926 2.610222097736232
927 2.610222097736232
928 1.0055517143699242
929 1.0055517143699242
930 1.0055517143699242
931 1.0055517143699242
932 1.0055517143699242
933 1.936529399869003
934 1.936529399869003
935 1.936529399869003
936 1.936529399869003
937 1.936529399869003
938 1.5896135406499403
939 1.5896135406499403
940 1.5896135406499403
941 1.5896135406499403
942 1.5896135406499403
943 1.7172195872946592
944 1.7172195872946592
945 3.4654800619138353
946 3.4654800619138353
947 3.4654800619138353
948 3.4654800619138353
949 3.4654800619138353
950 3.6420206442151795
951 3.6420206442151795
952 3.6420206442151795
953 3.6420206442151795
954 3.6420206442151795
955 3.0044874744159498
956 3.0044874744159498
957 3.0044874744159498
958 3.0044874744159498
959 3.0044874744159498
960 1.3323593157091205
961 1.3323593157091205
962 1.3323593157091205
963 1.3323593157091205
964 1.3323593157091205
965 4.1228918677275
966 4.1228918677275
967 4.1228918677275
968 4.1228918677275
969 4.1228918677275
970 3.3086912102827837
971 3.3086912102827837
972 3.3086912102827837
973 3.3086912102827837
974 3.3086912102827837
975 2.5278700566981644
976 2.5278700566981644
977 2.5278700566981644
978 2.5278700566981644
979 2.5278700566981644
980 3.022023086574134
981 3.022023086574134
982 3.022023086574134
983 3.022023086574134
984 3.022023086574134
985 4.40797987195564
986 4.40797987195564
987 4.40797987195564
988 4.40797987195564
989 4.40797987195564
990 2.468618793324484
991 2.468618793324484
992 2.468618793324484
993 2.468618793324484
994 2.468618793324484
995 1.97765909684729
996 1.97765909684729
997 1.97765909684729
998 1.97765909684729
999 1.97765909684729
1000 2.568441328297074
1001 2.568441328297074
1002 2.568441328297074
1003 2.568441328297074
1004 2.568441328297074
1005 4.761307671194526
1006 4.761307671194526
1007 4.761307671194526
1008 4.761307671194526
1009 4.761307671194526
1010 2.0223992208162844
1011 2.0223992208162844
1012 2.0223992208162844
1013 2.0223992208162844
1014 2.0223992208162844
1015 2.9404318589712832
1016 2.9404318589712832
1017 2.9404318589712832
1018 2.9404318589712832
1019 2.9404318589712832
1020 3.1316869176482567
1021 3.1316869176482567
1022 3.1316869176482567
1023 3.1316869176482567
1024 3.1316869176482567
1025 1.3468588953329865
1026 1.3468588953329865
1027 1.3468588953329865
1028 1.3468588953329865
1029 1.3468588953329865
1030 1.8170601983408334
1031 1.8170601983408334
1032 1.8170601983408334
1033 1.8170601983408334
1034 1.8170601983408334
1035 3.329281737283046
1036 3.329281737283046
1037 3.329281737283046
1038 3.329281737283046
1039 3.329281737283046
1040 2.4390173562010795
1041 2.4390173562010795
1042 2.4390173562010795
1043 2.4390173562010795
1044 2.4390173562010795
1045 2.2470774265208027
1046 2.2470774265208027
1047 2.2470774265208027
1048 2.2470774265208027
1049 2.2470774265208027
1050 1.9587625843939744
1051 1.9587625843939744
1052 1.9587625843939744
1053 1.9587625843939744
1054 1.9587625843939744
1055 1.1366959466445241
1056 1.1366959466445241
1057 1.1366959466445241
1058 1.1366959466445241
1059 1.1366959466445241
1060 3.4032352043209273
1061 3.4032352043209273
1062 3.4032352043209273
1063 3.4032352043209273
1064 3.4032352043209273
1065 1.927302257917728
1066 1.927302257917728
1067 1.927302257917728
1068 1.927302257917728
1069 1.927302257917728
1070 3.3049773161022773
1071 3.3049773161022773
1072 3.3049773161022773
1073 3.3049773161022773
1074 3.3049773161022773
1075 3.1515347312997872
1076 3.1515347312997872
1077 3.1515347312997872
1078 3.1515347312997872
1079 3.1515347312997872
1080 3.4718340304505095
1081 3.4718340304505095
1082 3.4718340304505095
1083 3.4718340304505095
1084 3.4718340304505095
1085 2.533108981238954
1086 2.533108981238954
1087 2.533108981238954
1088 2.533108981238954
1089 2.533108981238954
1090 3.541912833427233
1091 3.541912833427233
1092 3.541912833427233
1093 3.541912833427233
1094 3.541912833427233
1095 4.6316798047246355
1096 4.6316798047246355
1097 4.6316798047246355
1098 4.6316798047246355
1099 4.6316798047246355
1100 2.5701998152242567
1101 2.5701998152242567
1102 2.5701998152242567
1103 2.5701998152242567
1104 2.5701998152242567
1105 2.1444516669775777
1106 2.1444516669775777
1107 2.1444516669775777
1108 2.1444516669775777
1109 2.1444516669775777
1110 2.674664499544735
1111 2.674664499544735
1112 2.674664499544735
1113 2.674664499544735
1114 2.674664499544735
1115 2.5896323031030386
1116 2.5896323031030386
1117 2.5896323031030386
1118 2.5896323031030386
1119 2.5896323031030386
1120 2.14780093771396
1121 2.14780093771396
1122 2.14780093771396
1123 2.14780093771396
1124 2.14780093771396
1125 2.310259923878587
1126 2.310259923878587
1127 2.310259923878587
1128 2.310259923878587
1129 2.310259923878587
1130 3.2436304174935584
1131 3.2436304174935584
1132 3.2436304174935584
1133 3.2436304174935584
1134 3.2436304174935584
1135 4.764444022233075
1136 4.764444022233075
1137 4.764444022233075
1138 4.764444022233075
1139 4.764444022233075
1140 3.2671340770765793
1141 3.2671340770765793
1142 3.2671340770765793
1143 3.2671340770765793
1144 3.2671340770765793
1145 2.1842403313866194
1146 2.1842403313866194
1147 2.1842403313866194
1148 2.1842403313866194
1149 2.1842403313866194
1150 3.768701466681814
1151 3.768701466681814
1152 3.768701466681814
1153 3.768701466681814
1154 3.768701466681814
1155 2.582629046842491
1156 2.582629046842491
1157 2.582629046842491
1158 2.582629046842491
1159 2.582629046842491
1160 2.353650359114056
1161 2.353650359114056
1162 2.353650359114056
1163 2.353650359114056
1164 2.353650359114056
1165 2.3492310808715624
1166 2.3492310808715624
1167 2.3492310808715624
1168 2.3492310808715624
1169 2.9016953883803454
1170 2.9016953883803454
1171 2.9016953883803454
1172 2.9016953883803454
1173 2.9016953883803454
1174 4.832880432007883
1175 4.832880432007883
1176 4.832880432007883
1177 4.832880432007883
1178 4.832880432007883
1179 2.0608767334915026
1180 2.0608767334915026
1181 2.0608767334915026
1182 2.0608767334915026
1183 2.0608767334915026
1184 6.394822901501136
1185 6.394822901501136
1186 6.394822901501136
1187 6.394822901501136
1188 6.394822901501136
1189 2.3254517919730295
1190 2.3254517919730295
1191 2.3254517919730295
1192 2.3254517919730295
1193 2.3254517919730295
1194 5.183169475611975
1195 5.183169475611975
1196 5.183169475611975
1197 5.183169475611975
1198 5.183169475611975
1199 2.453057491656712
1200 2.453057491656712
1201 2.453057491656712
1202 2.453057491656712
1203 2.453057491656712
1204 3.035507389072119
1205 3.035507389072119
1206 3.035507389072119
1207 3.035507389072119
1208 3.035507389072119
1209 2.9635296472217507
1210 2.9635296472217507
1211 2.9635296472217507
1212 2.9635296472217507
1213 2.9635296472217507
1214 2.0118847619304407
1215 2.0118847619304407
1216 2.0118847619304407
1217 2.0118847619304407
1218 2.0118847619304407
1219 2.410983256123386
1220 2.410983256123386
1221 2.410983256123386
1222 2.410983256123386
1223 2.410983256123386
1224 2.418984035160916
1225 2.418984035160916
1226 2.418984035160916
1227 2.418984035160916
1228 2.418984035160916
1229 5.472427922667586
1230 5.472427922667586
1231 5.472427922667586
1232 5.472427922667586
1233 5.472427922667586
1234 3.477318632191418
1235 3.477318632191418
1236 3.477318632191418
1237 3.477318632191418
1238 3.477318632191418
1239 4.363208630651891
1240 4.363208630651891
1241 4.363208630651891
1242 4.363208630651891
1243 4.363208630651891
1244 4.522710484990592
1245 4.522710484990592
1246 4.522710484990592
1247 4.522710484990592
1248 4.522710484990592
1249 2.829699861925936
1250 2.829699861925936
1251 2.829699861925936
1252 2.829699861925936
1253 2.829699861925936
1254 3.1591242536372985
1255 3.1591242536372985
1256 3.1591242536372985
1257 3.1591242536372985
1258 3.1591242536372985
1259 5.018425377480646
1260 5.018425377480646
1261 5.018425377480646
1262 5.018425377480646
1263 5.018425377480646
1264 3.048842854342732
1265 3.048842854342732
1266 3.048842854342732
1267 3.048842854342732
1268 3.048842854342732
1269 5.293400900810192
1270 5.293400900810192
1271 5.293400900810192
1272 5.293400900810192
1273 5.293400900810192
1274 5.2565144375061115
1275 5.2565144375061115
1276 5.2565144375061115
1277 5.2565144375061115
1278 5.2565144375061115
1279 4.186727224222715
1280 4.186727224222715
1281 4.186727224222715
1282 4.186727224222715
1283 4.186727224222715
1284 5.405452363474761
1285 5.405452363474761
1286 5.405452363474761
1287 5.405452363474761
1288 5.405452363474761
1289 3.220900151941141
1290 2.073513627584585
1291 2.073513627584585
1292 2.073513627584585
1293 2.073513627584585
1294 2.073513627584585
1295 3.1047470419196816
1296 3.1047470419196816
1297 3.1047470419196816
1298 2.4086557230794727
1299 2.4086557230794727
1300 2.4086557230794727
1301 2.4086557230794727
1302 2.4086557230794727
1303 4.834742932059319
1304 4.834742932059319
1305 4.834742932059319
1306 4.834742932059319
1307 4.834742932059319
1308 5.1921568209290125
1309 5.1921568209290125
1310 5.1921568209290125
1311 5.1921568209290125
1312 5.1921568209290125
1313 5.0600883056807024
1314 5.0600883056807024
1315 5.0600883056807024
1316 5.0600883056807024
1317 5.0600883056807024
1318 4.1623386829724405
1319 4.1623386829724405
1320 4.1623386829724405
1321 4.1623386829724405
1322 4.1623386829724405
1323 3.223082837811649
1324 3.223082837811649
1325 3.223082837811649
1326 3.223082837811649
1327 3.223082837811649
1328 4.517863139390101
1329 4.517863139390101
1330 4.517863139390101
1331 4.517863139390101
1332 4.517863139390101
1333 5.312815444988843
1334 5.312815444988843
1335 5.312815444988843
1336 5.312815444988843
1337 5.312815444988843
1338 3.558559946905958
1339 3.558559946905958
1340 3.558559946905958
1341 3.558559946905958
1342 3.558559946905958
1343 3.910019604361604
1344 3.910019604361604
1345 3.910019604361604
1346 3.910019604361604
1347 3.910019604361604
1348 4.724549972806631
1349 4.724549972806631
1350 4.724549972806631
1351 4.724549972806631
1352 4.724549972806631
1353 3.8207718658629446
1354 3.8207718658629446
1355 3.8207718658629446
1356 3.8207718658629446
1357 3.8207718658629446
1358 4.167680615726177
1359 4.167680615726177
1360 4.167680615726177
1361 4.167680615726177
1362 4.167680615726177
1363 2.5305100779930907
1364 2.5305100779930907
1365 2.5305100779930907
1366 2.5305100779930907
1367 2.5305100779930907
1368 4.353292853850432
1369 4.353292853850432
1370 4.353292853850432
1371 4.353292853850432
1372 4.353292853850432
1373 4.0152173026430455
1374 4.0152173026430455
1375 4.0152173026430455
1376 4.0152173026430455
1377 4.0152173026430455
1378 2.8779726092589977
1379 2.8779726092589977
1380 2.8779726092589977
1381 2.8779726092589977
1382 2.8779726092589977
1383 4.312380935434468
1384 4.312380935434468
1385 4.312380935434468
1386 4.312380935434468
1387 4.312380935434468
1388 5.555470199749857
1389 5.555470199749857
1390 5.555470199749857
1391 5.555470199749857
1392 5.555470199749857
1393 2.641517114591414
1394 2.641517114591414
1395 2.641517114591414
1396 2.641517114591414
1397 2.641517114591414
1398 5.844253654872209
1399 5.844253654872209
1400 2.2107179801604944
1401 2.2107179801604944
1402 2.2107179801604944
1403 2.2107179801604944
1404 2.2107179801604944
1405 2.80559670635816
1406 2.80559670635816
1407 2.80559670635816
1408 2.80559670635816
1409 2.80559670635816
1410 2.4845418912065855
1411 2.4845418912065855
1412 2.4845418912065855
1413 2.4845418912065855
1414 2.4845418912065855
1415 4.265207656817242
1416 4.265207656817242
1417 4.265207656817242
1418 4.265207656817242
1419 4.265207656817242
1420 1.5205092901252486
1421 1.5205092901252486
1422 1.5205092901252486
1423 1.5205092901252486
1424 1.5205092901252486
1425 2.2615678510379915
1426 2.2615678510379915
1427 2.2615678510379915
1428 2.2615678510379915
1429 2.2615678510379915
1430 2.672680139180467
1431 2.672680139180467
1432 2.672680139180467
1433 2.672680139180467
1434 2.672680139180467
1435 3.490932650182439
1436 3.490932650182439
1437 3.490932650182439
1438 3.490932650182439
1439 3.490932650182439
1440 1.62239371834759
1441 1.62239371834759
1442 1.62239371834759
1443 1.62239371834759
1444 1.62239371834759
1445 2.809000280278832
1446 2.809000280278832
1447 2.809000280278832
1448 2.809000280278832
1449 2.809000280278832
1450 3.0080106821313217
1451 3.0080106821313217
1452 3.0080106821313217
1453 3.0080106821313217
1454 3.0080106821313217
1455 1.546257717858484
1456 1.546257717858484
1457 1.546257717858484
1458 1.546257717858484
1459 1.546257717858484
1460 1.4891539930877755
1461 1.4891539930877755
1462 1.4891539930877755
1463 1.4891539930877755
1464 1.4891539930877755
1465 2.5961416343097397
1466 2.5961416343097397
1467 2.5961416343097397
1468 2.5961416343097397
1469 2.5961416343097397
1470 2.246604510390453
1471 2.246604510390453
1472 2.246604510390453
1473 2.246604510390453
1474 2.246604510390453
1475 1.691928060501123
1476 1.691928060501123
1477 1.691928060501123
1478 1.691928060501123
1479 1.691928060501123
1480 3.279193696662296
1481 3.279193696662296
1482 3.279193696662296
1483 3.279193696662296
1484 3.279193696662296
1485 2.9941309384559824
1486 2.9941309384559824
1487 2.9941309384559824
1488 2.9941309384559824
1489 2.9941309384559824
1490 3.421120498557234
1491 3.421120498557234
1492 3.421120498557234
1493 3.421120498557234
1494 3.421120498557234
1495 3.2983439424308028
1496 3.2983439424308028
1497 3.2983439424308028
1498 3.2983439424308028
1499 3.2983439424308028
1500 3.4993717777722617
1501 3.4993717777722617
1502 3.4993717777722617
1503 3.4993717777722617
1504 3.4993717777722617
1505 3.416132006899345
1506 3.416132006899345
1507 3.416132006899345
1508 3.416132006899345
1509 3.416132006899345
1510 1.472359993026647
1511 1.472359993026647
1512 1.472359993026647
1513 1.472359993026647
1514 1.472359993026647
1515 1.985652138798105
1516 1.985652138798105
1517 1.985652138798105
1518 1.985652138798105
1519 1.985652138798105
1520 2.4709511380813254
1521 2.4709511380813254
1522 2.4709511380813254
1523 2.4709511380813254
1524 2.4709511380813254
1525 2.900004726726108
1526 2.900004726726108
1527 2.900004726726108
1528 2.900004726726108
1529 2.900004726726108
1530 3.375027837554496
1531 3.375027837554496
1532 3.375027837554496
1533 3.375027837554496
1534 3.375027837554496
1535 1.8389108582253395
1536 1.8389108582253395
1537 1.8389108582253395
1538 2.786819447378368
1539 2.786819447378368
1540 2.786819447378368
1541 2.786819447378368
1542 2.786819447378368
1543 2.572898922180819
1544 2.572898922180819
1545 2.572898922180819
1546 2.572898922180819
1547 2.572898922180819
1548 3.559565021599075
1549 3.559565021599075
1550 3.559565021599075
1551 3.559565021599075
1552 3.559565021599075
1553 3.1505843193274106
1554 3.1505843193274106
1555 3.1505843193274106
1556 3.1505843193274106
1557 3.1505843193274106
1558 3.7235418143629984
1559 3.7235418143629984
1560 3.7235418143629984
1561 3.7235418143629984
1562 3.7235418143629984
1563 3.8490885123928793
1564 3.8490885123928793
1565 3.8490885123928793
1566 3.8490885123928793
1567 3.8490885123928793
1568 4.352000233747019
1569 4.352000233747019
1570 4.352000233747019
1571 4.352000233747019
1572 4.352000233747019
1573 0.8015711479574743
1574 0.8015711479574743
1575 0.8015711479574743
1576 0.8015711479574743
1577 0.8015711479574743
1578 2.7793351277854876
1579 2.7793351277854876
1580 2.7793351277854876
1581 2.7793351277854876
1582 2.7793351277854876
1583 2.741161851336254
1584 2.741161851336254
1585 2.741161851336254
1586 2.741161851336254
1587 2.741161851336254
1588 4.093755751262118
1589 4.093755751262118
1590 4.093755751262118
1591 4.093755751262118
1592 4.093755751262118
1593 3.361540269635406
1594 3.361540269635406
1595 3.361540269635406
1596 3.361540269635406
1597 3.361540269635406
1598 3.918881668986939
1599 3.918881668986939
1600 3.918881668986939
1601 3.918881668986939
1602 3.918881668986939
1603 4.353137917939549
1604 4.353137917939549
1605 4.353137917939549
1606 4.353137917939549
1607 4.353137917939549
1608 2.8462134026715376
1609 2.8462134026715376
1610 2.8462134026715376
1611 2.8462134026715376
1612 2.8462134026715376
1613 4.008415722827779
1614 4.008415722827779
1615 4.008415722827779
1616 4.008415722827779
1617 4.008415722827779
1618 2.980252530024095
1619 2.980252530024095
1620 2.980252530024095
1621 2.980252530024095
1622 2.980252530024095
1623 4.847829465811905
1624 4.847829465811905
1625 4.847829465811905
1626 4.847829465811905
1627 4.847829465811905
1628 3.670694032151526
1629 3.670694032151526
1630 3.670694032151526
1631 3.670694032151526
1632 3.670694032151526
1633 3.0206430229082573
1634 3.0206430229082573
1635 3.0206430229082573
1636 3.0206430229082573
1637 3.0206430229082573
1638 3.52829552707554
1639 3.52829552707554
1640 3.52829552707554
1641 3.52829552707554
1642 3.52829552707554
1643 2.7129632161423993
1644 2.7129632161423993
1645 2.7129632161423993
1646 2.7129632161423993
1647 2.7129632161423993
1648 3.2313767568592997
1649 3.2313767568592997
1650 3.2313767568592997
1651 3.2313767568592997
1652 3.2313767568592997
1653 4.480632275054919
1654 4.480632275054919
1655 4.480632275054919
1656 4.480632275054919
1657 4.480632275054919
1658 3.696475384594975
1659 3.696475384594975
1660 3.696475384594975
1661 3.696475384594975
1662 3.696475384594975
1663 2.0607620348523783
1664 2.0607620348523783
1665 2.0607620348523783
1666 2.0607620348523783
1667 2.0607620348523783
1668 3.6837557771858647
1669 3.6837557771858647
1670 3.6837557771858647
1671 3.6837557771858647
1672 3.6837557771858647
1673 3.4974279870990093
1674 3.4974279870990093
1675 3.4974279870990093
1676 3.4974279870990093
1677 3.4974279870990093
1678 3.434088038723778
1679 3.434088038723778
1680 3.434088038723778
1681 3.434088038723778
1682 3.434088038723778
1683 2.2990667565994825
1684 2.2990667565994825
1685 2.2990667565994825
1686 2.2990667565994825
1687 2.2990667565994825
1688 3.0545629325462484
1689 3.0545629325462484
1690 3.0545629325462484
1691 3.0545629325462484
1692 3.0545629325462484
1693 3.4628835415152013
1694 3.4628835415152013
1695 3.4628835415152013
1696 3.4628835415152013
1697 3.4628835415152013
1698 2.2944806086374747
1699 2.2944806086374747
1700 2.2944806086374747
1701 2.2944806086374747
1702 2.2944806086374747
1703 3.229926612651435
1704 3.229926612651435
1705 3.229926612651435
1706 3.229926612651435
1707 3.229926612651435
1708 3.884426735448189
1709 3.884426735448189
1710 3.884426735448189
1711 3.884426735448189
1712 3.884426735448189
1713 3.504723156581933
1714 3.504723156581933
1715 3.504723156581933
1716 3.504723156581933
1717 3.504723156581933
1718 2.5318368377066736
1719 2.5318368377066736
1720 2.5318368377066736
1721 2.5318368377066736
1722 2.5318368377066736
1723 2.98837013609332
1724 2.98837013609332
1725 2.98837013609332
1726 2.98837013609332
1727 2.98837013609332
1728 3.1216656668407734
1729 3.1216656668407734
1730 3.1216656668407734
1731 3.1216656668407734
1732 3.1216656668407734
1733 4.832434801005084
1734 4.832434801005084
1735 4.832434801005084
1736 4.832434801005084
1737 4.832434801005084
1738 3.4183637212499645
1739 3.4183637212499645
1740 3.4183637212499645
1741 3.4183637212499645
1742 3.4183637212499645
1743 3.6903178617645556
1744 3.6903178617645556
1745 3.6903178617645556
1746 3.6903178617645556
1747 3.6903178617645556
1748 4.239788005708936
1749 4.239788005708936
1750 4.239788005708936
1751 4.239788005708936
1752 4.239788005708936
1753 2.3583372799564146
1754 2.3583372799564146
1755 2.3583372799564146
1756 2.3583372799564146
1757 2.3583372799564146
1758 3.881551974782217
1759 3.881551974782217
1760 3.881551974782217
1761 3.881551974782217
1762 3.881551974782217
1763 2.513160106654303
1764 2.513160106654303
1765 2.513160106654303
1766 2.513160106654303
1767 2.513160106654303
1768 3.533399886554951
1769 3.533399886554951
1770 3.533399886554951
1771 3.533399886554951
1772 3.533399886554951
1773 1.8429306982606837
1774 1.8429306982606837
1775 1.5419846782559885
1776 1.5419846782559885
1777 1.5419846782559885
1778 1.5419846782559885
1779 1.5419846782559885
1780 1.7411549833105637
1781 1.7411549833105637
1782 1.7411549833105637
1783 1.7411549833105637
1784 1.7411549833105637
1785 1.2157783824129023
1786 1.2157783824129023
1787 1.2157783824129023
1788 1.2157783824129023
1789 1.2157783824129023
1790 1.4478283951485063
1791 1.4478283951485063
1792 1.4478283951485063
1793 1.4478283951485063
1794 1.4478283951485063
1795 1.325786853827311
1796 1.325786853827311
1797 1.325786853827311
1798 1.325786853827311
1799 1.325786853827311
1800 1.5936705204755401
1801 1.5936705204755401
1802 1.5936705204755401
1803 1.5936705204755401
1804 1.5936705204755401
1805 1.7357130335925834
1806 1.7357130335925834
1807 1.7357130335925834
1808 1.7357130335925834
1809 1.7357130335925834
1810 1.9347261420256983
1811 1.9347261420256983
1812 1.9347261420256983
1813 1.9347261420256983
1814 1.9347261420256983
1815 1.5647923263522954
1816 1.5647923263522954
1817 1.5647923263522954
1818 1.5647923263522954
1819 1.5647923263522954
1820 2.1149813404952624
1821 2.1149813404952624
1822 2.1149813404952624
1823 2.1149813404952624
1824 2.1149813404952624
1825 2.2824924483905416
1826 2.2824924483905416
1827 2.2824924483905416
1828 2.2824924483905416
1829 2.2824924483905416
1830 1.193122385932951
1831 1.193122385932951
1832 1.193122385932951
1833 1.193122385932951
1834 1.193122385932951
1835 0.45238957302166716
1836 0.45238957302166716
1837 0.45238957302166716
1838 0.45238957302166716
1839 0.45238957302166716
1840 1.385056576858208
1841 1.385056576858208
1842 1.385056576858208
1843 1.385056576858208
1844 1.385056576858208
1845 1.2847042773605983
1846 1.2847042773605983
1847 1.2847042773605983
1848 1.2847042773605983
1849 1.2847042773605983
1850 1.7284496528479512
1851 1.7284496528479512
1852 1.7284496528479512
1853 1.7284496528479512
1854 1.7284496528479512
1855 1.2726167993282473
1856 1.2726167993282473
1857 1.2726167993282473
1858 1.2726167993282473
1859 1.2726167993282473
1860 0.7941625171627533
1861 0.7941625171627533
1862 0.7941625171627533
1863 0.7941625171627533
1864 0.7941625171627533
1865 1.4590553714657277
1866 1.4590553714657277
1867 1.4590553714657277
1868 1.4590553714657277
1869 1.4590553714657277
1870 1.551054167837743
1871 1.551054167837743
1872 1.551054167837743
1873 1.551054167837743
1874 1.551054167837743
1875 0.9846614199341952
1876 0.9846614199341952
1877 0.9846614199341952
1878 0.9846614199341952
1879 0.9846614199341952
1880 1.4317266931486223
1881 1.4317266931486223
1882 1.4317266931486223
1883 1.4317266931486223
1884 1.4317266931486223
1885 1.6601790890554535
1886 1.6601790890554535
1887 1.6601790890554535
1888 1.6601790890554535
1889 1.6601790890554535
1890 0.5646156315946405
1891 0.5646156315946405
1892 0.5646156315946405
1893 0.5646156315946405
1894 0.5646156315946405
1895 1.802448181059615
1896 1.802448181059615
1897 1.802448181059615
1898 2.919616406115437
1899 2.919616406115437
1900 2.919616406115437
1901 2.919616406115437
1902 2.919616406115437
1903 3.1693985285249884
1904 3.1693985285249884
1905 3.1693985285249884
1906 3.1693985285249884
1907 3.1693985285249884
1908 4.560303116951267
1909 4.560303116951267
1910 4.573919021224054
1911 4.573919021224054
1912 4.573919021224054
1913 4.573919021224054
1914 4.573919021224054
1915 3.5071793708584322
1916 3.5071793708584322
1917 3.5071793708584322
1918 3.5071793708584322
1919 3.5071793708584322
1920 3.4613779000383738
1921 3.4613779000383738
1922 3.4613779000383738
1923 3.4613779000383738
1924 3.4613779000383738
1925 2.790779145979673
1926 2.790779145979673
1927 2.790779145979673
1928 2.790779145979673
1929 2.790779145979673
1930 5.3125711138221146
1931 5.3125711138221146
1932 5.3125711138221146
1933 5.3125711138221146
1934 5.3125711138221146
1935 3.142814778114286
1936 3.142814778114286
1937 3.142814778114286
1938 3.142814778114286
1939 3.142814778114286
1940 2.4997437902552706
1941 2.4997437902552706
1942 2.4997437902552706
1943 2.4997437902552706
1944 2.4997437902552706
1945 3.7356714230738346
1946 3.7356714230738346
1947 3.7356714230738346
1948 3.7356714230738346
1949 3.7356714230738346
1950 4.63951729324156
1951 4.63951729324156
1952 4.63951729324156
1953 4.63951729324156
1954 4.63951729324156
1955 4.545163800116674
1956 4.545163800116674
1957 4.545163800116674
1958 4.545163800116674
1959 4.545163800116674
1960 4.036678927065967
1961 4.036678927065967
1962 4.036678927065967
1963 4.036678927065967
1964 4.036678927065967
1965 3.5205784050121114
1966 3.5205784050121114
1967 3.5205784050121114
1968 3.5205784050121114
1969 3.5205784050121114
1970 4.2070070683084975
1971 4.2070070683084975
1972 4.2070070683084975
1973 4.2070070683084975
1974 4.2070070683084975
1975 5.538123788894451
1976 5.538123788894451
1977 5.538123788894451
1978 5.538123788894451
1979 5.538123788894451
1980 3.1932248330461452
1981 3.1932248330461452
1982 3.1932248330461452
1983 3.1932248330461452
1984 3.1932248330461452
1985 3.9549697025944153
1986 3.9549697025944153
1987 3.9549697025944153
1988 3.9549697025944153
1989 3.9549697025944153
1990 3.4230015297332574
1991 3.4230015297332574
1992 3.4230015297332574
1993 3.4230015297332574
1994 3.4230015297332574
1995 2.253031082562253
1996 2.253031082562253
1997 2.253031082562253
1998 2.253031082562253
1999 2.253031082562253
