0 4.8215833422526675
1 4.8215833422526675
2 4.8215833422526675
3 5.35054487821738
4 3.123154963038892
5 3.123154963038892
6 3.123154963038892
7 3.1595142880881832
8 3.1595142880881832
9 3.1595142880881832
10 0.40228991817200205
11 0.40228991817200205
12 0.40228991817200205
13 0.31189339874914684
14 0.31189339874914684
15 0.31189339874914684
16 0.40604154210882404
17 0.40604154210882404
18 0.40604154210882404
19 0.5865089463976368
20 0.5865089463976368
21 0.5865089463976368
22 0.7085148978441931
23 0.7085148978441931
24 0.7085148978441931
25 0.789290755295248
26 0.789290755295248
27 0.789290755295248
28 0.5863259072439007
29 0.5863259072439007
30 0.5863259072439007
31 0.7668264942754467
32 0.7668264942754467
33 0.7668264942754467
34 0.4748500771457693
35 0.4748500771457693
36 0.4748500771457693
37 0.7643446688296464
38 0.7643446688296464
39 0.7643446688296464
40 0.5592974797715407
41 0.5592974797715407
42 0.5592974797715407
43 0.1
44 0.1
45 0.1
46 0.5322477073809408
47 0.5322477073809408
48 0.5322477073809408
49 0.6750472309366616
50 0.6750472309366616
51 0.6750472309366616
52 0.3812304060417476
53 0.3812304060417476
54 0.3812304060417476
55 0.5744681441026245
56 0.5744681441026245
57 0.5744681441026245
58 0.6063795069867709
59 0.6063795069867709
60 0.6063795069867709
61 0.8982519535149422
62 0.8982519535149422
63 0.8982519535149422
64 0.4228900009332413
65 0.4228900009332413
66 0.4228900009332413
67 0.4528329804255999
68 0.4528329804255999
69 0.4528329804255999
70 0.8392953242308652
71 0.8392953242308652
72 0.8392953242308652
73 0.5837593654698773
74 0.5837593654698773
75 0.5837593654698773
76 0.6961715077924318
77 0.6961715077924318
78 0.6961715077924318
79 0.8072228821199748
80 0.8072228821199748
81 0.8072228821199748
82 0.5228796915021074
83 0.5228796915021074
84 0.5228796915021074
85 0.7265008121219381
86 0.7265008121219381
87 0.7265008121219381
88 0.756442543735719
89 0.756442543735719
90 0.756442543735719
91 0.6771513939280286
92 0.6771513939280286
93 0.6771513939280286
94 0.6659054425353824
95 0.6659054425353824
96 0.6659054425353824
97 0.7727560808894008
98 0.7727560808894008
99 0.7727560808894008
100 0.21710340846015935
101 0.21710340846015935
102 0.21710340846015935
103 0.8581688022441435
104 0.8581688022441435
105 0.8581688022441435
106 0.5050931459420216
107 0.5050931459420216
108 0.5050931459420216
109 0.7387618146035458
110 0.7387618146035458
111 0.7387618146035458
112 0.33027749782566473
113 0.33027749782566473
114 0.33027749782566473
115 0.5192065005543419
116 0.5192065005543419
117 0.5192065005543419
118 0.45505411128454487
119 0.45505411128454487
120 0.45505411128454487
121 0.69591178076702
122 0.69591178076702
123 0.69591178076702
124 0.6733886719018098
125 0.6733886719018098
126 0.6733886719018098
127 0.864326618701473
128 0.864326618701473
129 0.864326618701473
130 0.6211721857073921
131 0.6211721857073921
132 0.6211721857073921
133 0.6446635207293854
134 0.6446635207293854
135 0.6446635207293854
136 0.6964493986283363
137 0.6964493986283363
138 0.6964493986283363
139 0.48231830850000634
140 0.48231830850000634
141 0.48231830850000634
142 0.7916651701480478
143 0.7916651701480478
144 0.7916651701480478
145 0.44737249559808734
146 0.44737249559808734
147 0.44737249559808734
148 0.7482731601042243
149 0.7482731601042243
150 0.7482731601042243
151 0.44568966587398406
152 0.44568966587398406
153 0.44568966587398406
154 0.5776426335953984
155 0.5776426335953984
156 0.5776426335953984
157 0.749662407108306
158 0.749662407108306
159 0.749662407108306
160 0.6347008518713952
161 0.6347008518713952
162 0.6347008518713952
163 0.7387582022365163
164 0.7387582022365163
165 0.7387582022365163
166 0.9817597892181784
167 0.9817597892181784
168 0.9817597892181784
169 0.5809988754082301
170 0.5809988754082301
171 0.5809988754082301
172 0.2594298527223476
173 0.2594298527223476
174 0.2594298527223476
175 0.7133038387457398
176 0.7133038387457398
177 0.7133038387457398
178 0.513656109810513
179 0.513656109810513
180 0.513656109810513
181 0.5416278485235705
182 0.5416278485235705
183 0.5416278485235705
184 0.639034589250858
185 0.639034589250858
186 0.639034589250858
187 0.7842563327090933
188 0.7842563327090933
189 0.7842563327090933
190 0.6576337159525051
191 0.6576337159525051
192 0.6576337159525051
193 0.595567580009599
194 0.595567580009599
195 0.595567580009599
196 0.6429708218538593
197 0.6429708218538593
198 0.6429708218538593
199 0.6514852461287199
200 0.6514852461287199
201 0.6514852461287199
202 0.7230839346594983
203 0.7230839346594983
204 0.7230839346594983
205 0.7941511012988962
206 0.7941511012988962
207 0.7941511012988962
208 0.4420232086582694
209 0.4420232086582694
210 0.4420232086582694
211 1.1327098748874027
212 1.1327098748874027
213 1.1327098748874027
214 0.733896839382675
215 0.733896839382675
216 0.733896839382675
217 0.900489446823117
218 0.900489446823117
219 0.900489446823117
220 0.5644748345128795
221 0.5644748345128795
222 0.5644748345128795
223 0.8130779290426434
224 0.8130779290426434
225 0.8130779290426434
226 0.4774228606808286
227 0.4774228606808286
228 0.4774228606808286
229 0.8022290444339794
230 0.8022290444339794
231 0.8022290444339794
232 0.41371642681748366
233 0.41371642681748366
234 0.41371642681748366
235 0.5469107112347381
236 0.5469107112347381
237 0.5469107112347381
238 0.6671334769598077
239 0.6671334769598077
240 0.6671334769598077
241 0.6599200679333848
242 0.6599200679333848
243 0.6599200679333848
244 0.4028152196980912
245 0.4028152196980912
246 0.4028152196980912
247 0.6546361383807335
248 0.6546361383807335
249 0.6546361383807335
250 0.7387088993927083
251 0.7387088993927083
252 0.7387088993927083
253 0.8262521691808851
254 0.8262521691808851
255 0.8262521691808851
256 0.4951644899461
257 0.4951644899461
258 0.4951644899461
259 0.33450245852654636
260 0.33450245852654636
261 0.33450245852654636
262 0.3371430151169892
263 0.3371430151169892
264 0.3371430151169892
265 0.9575946530953583
266 0.9575946530953583
267 0.9575946530953583
268 0.5472262934829979
269 0.5472262934829979
270 0.5472262934829979
271 0.45130849345057966
272 0.45130849345057966
273 0.45130849345057966
274 0.3886037637012408
275 0.3886037637012408
276 0.3886037637012408
277 0.5791697287353494
278 0.5791697287353494
279 0.5791697287353494
280 0.3393327042471369
281 0.3393327042471369
282 0.3393327042471369
283 0.5268461327602671
284 0.5268461327602671
285 0.5268461327602671
286 0.7239718028994623
287 0.7239718028994623
288 0.7239718028994623
289 0.7743026702772656
290 0.7743026702772656
291 0.7743026702772656
292 0.6023175706783312
293 0.6023175706783312
294 0.6023175706783312
295 0.7214724111165502
296 0.7214724111165502
297 3.687041678625572
298 3.687041678625572
299 3.687041678625572
300 2.1070050863394343
301 2.1070050863394343
302 2.1070050863394343
303 4.277616593943163
304 4.277616593943163
305 4.277616593943163
306 2.2437828551219408
307 2.2437828551219408
308 2.2437828551219408
309 3.9776295082901942
310 3.9776295082901942
311 3.9776295082901942
312 3.023371464684798
313 3.023371464684798
314 3.023371464684798
315 1.2077689265643952
316 1.2077689265643952
317 1.2077689265643952
318 4.092035915692999
319 4.092035915692999
320 4.092035915692999
321 3.601233476546875
322 3.601233476546875
323 3.601233476546875
324 2.8978384686602063
325 2.8978384686602063
326 2.8978384686602063
327 4.487697528612929
328 4.487697528612929
329 4.487697528612929
330 4.119888578866773
331 4.119888578866773
332 4.119888578866773
333 2.675620495627309
334 2.675620495627309
335 2.675620495627309
336 1.568528811547916
337 1.568528811547916
338 1.568528811547916
339 3.7933380101299172
340 3.7933380101299172
341 3.7933380101299172
342 3.6208692655733676
343 3.6208692655733676
344 3.6208692655733676
345 4.076263393955513
346 4.076263393955513
347 4.076263393955513
348 1.3462274170592394
349 1.3462274170592394
350 1.3462274170592394
351 1.292334228962852
352 1.292334228962852
353 1.292334228962852
354 3.3860499941733604
355 3.3860499941733604
356 3.3860499941733604
357 2.6185763276540532
358 2.6185763276540532
359 2.6185763276540532
360 2.7907506955565866
361 2.7907506955565866
362 2.7907506955565866
363 2.5177888707753167
364 2.5177888707753167
365 2.5177888707753167
366 3.7546092438580567
367 3.7546092438580567
368 3.7546092438580567
369 3.3295441767075147
370 3.3295441767075147
371 3.3295441767075147
372 5.355833586186517
373 5.355833586186517
374 5.355833586186517
375 4.649585262516105
376 4.649585262516105
377 4.649585262516105
378 4.514357715416877
379 4.514357715416877
380 4.514357715416877
381 3.9967851898114564
382 3.9967851898114564
383 3.9967851898114564
384 2.765798698407162
385 2.765798698407162
386 2.765798698407162
387 3.321211716193321
388 3.321211716193321
389 3.321211716193321
390 3.909798073852877
391 3.909798073852877
392 3.909798073852877
393 4.571664841058075
394 4.571664841058075
395 4.571664841058075
396 2.45881713121406
397 2.45881713121406
398 2.45881713121406
399 2.7928486978182794
400 2.7928486978182794
401 2.7928486978182794
402 3.1560009615072184
403 3.1560009615072184
404 3.1560009615072184
405 2.7801095479318305
406 2.7801095479318305
407 2.7801095479318305
408 2.8973452376049766
409 2.8973452376049766
410 2.8973452376049766
411 3.3020736372908317
412 3.3020736372908317
413 3.3020736372908317
414 2.6998680454323396
415 2.6998680454323396
416 2.6998680454323396
417 1.04028231018399
418 1.04028231018399
419 1.04028231018399
420 4.012798258289281
421 4.012798258289281
422 4.012798258289281
423 4.437373669198025
424 4.437373669198025
425 4.437373669198025
426 2.872722639138055
427 2.872722639138055
428 2.872722639138055
429 2.3469648484943004
430 2.3469648484943004
431 2.3469648484943004
432 2.861987566847061
433 2.861987566847061
434 2.861987566847061
435 3.3292966365922196
436 3.3292966365922196
437 3.3292966365922196
438 3.466214421829746
439 3.466214421829746
440 3.466214421829746
441 5.1867451948939935
442 5.1867451948939935
443 5.1867451948939935
444 3.4194204085761575
445 3.4194204085761575
446 3.4194204085761575
447 2.928185224037579
448 2.928185224037579
449 2.928185224037579
450 2.0348530702076397
451 2.0348530702076397
452 2.0348530702076397
453 2.183708394340813
454 2.183708394340813
455 2.183708394340813
456 3.4118020123114885
457 3.4118020123114885
458 3.4118020123114885
459 2.5756074405525515
460 2.5756074405525515
461 2.5756074405525515
462 2.8180220950773682
463 2.8180220950773682
464 2.8180220950773682
465 2.5279020948144737
466 2.5279020948144737
467 2.5279020948144737
468 3.8029983306592428
469 3.8029983306592428
470 3.8029983306592428
471 2.9523283283997475
472 2.9523283283997475
473 2.9523283283997475
474 4.41822875563823
475 4.41822875563823
476 4.41822875563823
477 2.361699120418142
478 2.361699120418142
479 2.361699120418142
480 2.892195395844374
481 2.892195395844374
482 2.892195395844374
483 1.6356722128770358
484 1.6356722128770358
485 1.6356722128770358
486 3.4476274894952224
487 3.4476274894952224
488 3.4476274894952224
489 1.960147966744164
490 1.960147966744164
491 1.960147966744164
492 3.811318643746471
493 3.811318643746471
494 3.811318643746471
495 4.698205643166746
496 4.698205643166746
497 4.698205643166746
498 4.61872082547998
499 4.61872082547998
500 4.61872082547998
501 3.5007568054362714
502 3.5007568054362714
503 3.5007568054362714
504 5.0274282366580305
505 5.0274282366580305
506 5.0274282366580305
507 3.1516412760344044
508 3.1516412760344044
509 3.1516412760344044
510 4.051824248435955
511 4.051824248435955
512 4.051824248435955
513 3.2737175670801237
514 3.2737175670801237
515 3.2737175670801237
516 3.3814574461922393
517 3.3814574461922393
518 3.3814574461922393
519 3.4974134349068997
520 3.4974134349068997
521 3.4974134349068997
522 3.507810975176584
523 3.507810975176584
524 3.507810975176584
525 3.2491128025335483
526 3.2491128025335483
527 3.2491128025335483
528 3.6973159868606547
529 3.6973159868606547
530 3.6973159868606547
531 2.736515766742673
532 2.736515766742673
533 2.736515766742673
534 3.007121528647114
535 3.007121528647114
536 3.007121528647114
537 3.6549117892469907
538 3.6549117892469907
539 3.6549117892469907
540 2.5605724436805617
541 2.5605724436805617
542 2.5605724436805617
543 3.8174147363340323
544 3.8174147363340323
545 3.8174147363340323
546 3.9050978272745382
547 3.9050978272745382
548 3.9050978272745382
549 4.081385921415712
550 4.081385921415712
551 4.081385921415712
552 3.4847425516891066
553 3.4847425516891066
554 3.4847425516891066
555 2.40407405212667
556 2.40407405212667
557 2.40407405212667
558 2.5792322007519637
559 2.5792322007519637
560 2.5792322007519637
561 2.633521828030649
562 2.633521828030649
563 2.633521828030649
564 3.3179612933602307
565 3.3179612933602307
566 3.3179612933602307
567 4.116295411174048
568 4.116295411174048
569 4.116295411174048
570 3.711662920418321
571 3.711662920418321
572 3.711662920418321
573 3.9828730457156967
574 3.9828730457156967
575 3.9828730457156967
576 2.062532398404012
577 2.062532398404012
578 2.062532398404012
579 2.6588244831377845
580 2.6588244831377845
581 2.6588244831377845
582 1.2633120772405133
583 1.2633120772405133
584 1.2633120772405133
585 3.4334181941676456
586 3.4334181941676456
587 3.4334181941676456
588 3.288351373748879
589 3.288351373748879
590 3.288351373748879
591 2.003604502771685
592 2.003604502771685
593 2.003604502771685
594 1.8447012538207002
595 1.8447012538207002
596 1.8447012538207002
597 1.8443187936368914
598 1.8443187936368914
599 1.8443187936368914
600 2.6039451677735532
601 2.6039451677735532
602 2.6039451677735532
603 2.2563374564112717
604 2.2563374564112717
605 2.2563374564112717
606 3.059816751472105
607 3.059816751472105
608 3.059816751472105
609 1.2290625222007792
610 1.2290625222007792
611 1.2290625222007792
612 3.300649953820125
613 3.300649953820125
614 3.300649953820125
615 2.1469415089983803
616 2.1469415089983803
617 2.1469415089983803
618 2.223359347599778
619 2.223359347599778
620 2.223359347599778
621 1.9300420114964902
622 1.9300420114964902
623 1.9300420114964902
624 2.2157139712494516
625 2.2157139712494516
626 2.2157139712494516
627 2.525859922805767
628 2.525859922805767
629 2.525859922805767
630 2.460754447324719
631 2.460754447324719
632 2.460754447324719
633 2.3562906201323965
634 2.3562906201323965
635 2.3562906201323965
636 2.6475550135231174
637 2.6475550135231174
638 2.6475550135231174
639 2.793986068921838
640 2.793986068921838
641 2.793986068921838
642 2.2346531629918216
643 2.2346531629918216
644 2.2346531629918216
645 2.5245321239628384
646 2.5245321239628384
647 2.5245321239628384
648 1.786479448922958
649 1.786479448922958
650 1.786479448922958
651 3.2287239259724245
652 3.2287239259724245
653 3.2287239259724245
654 2.298682164775103
655 2.298682164775103
656 2.298682164775103
657 2.091009492552732
658 2.091009492552732
659 2.091009492552732
660 3.321323856422118
661 3.321323856422118
662 3.321323856422118
663 0.9681968685494211
664 0.9681968685494211
665 0.9681968685494211
666 2.596092998443902
667 2.596092998443902
668 2.596092998443902
669 2.1780036765080224
670 2.1780036765080224
671 2.1780036765080224
672 3.1782401309398836
673 3.1782401309398836
674 3.1782401309398836
675 3.6315445863517373
676 3.6315445863517373
677 3.6315445863517373
678 2.032673833587293
679 2.032673833587293
680 2.032673833587293
681 2.594028080750115
682 2.594028080750115
683 2.594028080750115
684 2.972645317953141
685 2.972645317953141
686 2.972645317953141
687 2.802402529563156
688 2.802402529563156
689 2.802402529563156
690 2.6273400550577195
691 2.6273400550577195
692 2.6273400550577195
693 3.227220211656899
694 3.227220211656899
695 3.227220211656899
696 2.532462689683895
697 2.532462689683895
698 2.532462689683895
699 2.224037180850298
700 2.224037180850298
701 2.224037180850298
702 0.9331872795732623
703 0.9331872795732623
704 0.9331872795732623
705 3.3360021023795676
706 3.3360021023795676
707 3.3360021023795676
708 2.166627295937786
709 2.166627295937786
710 2.166627295937786
711 2.0014998529283123
712 2.0014998529283123
713 2.0014998529283123
714 2.786904247176791
715 2.786904247176791
716 2.786904247176791
717 2.239580281588958
718 2.239580281588958
719 2.239580281588958
720 2.077709152553833
721 2.077709152553833
722 2.077709152553833
723 3.6360516071285405
724 3.6360516071285405
725 3.6360516071285405
726 2.025205424740349
727 2.025205424740349
728 2.025205424740349
729 3.4158147042496805
730 3.4158147042496805
731 3.4158147042496805
732 1.8914339530872752
733 1.8914339530872752
734 1.8914339530872752
735 2.000663997435261
736 2.000663997435261
737 2.000663997435261
738 0.8851740301400225
739 0.8851740301400225
740 0.8851740301400225
741 1.423958677527411
742 1.423958677527411
743 1.423958677527411
744 0.9382659160735551
745 0.9382659160735551
746 0.9382659160735551
747 0.9286980388111412
748 0.9286980388111412
749 0.9286980388111412
750 1.1324372571218668
751 1.1324372571218668
752 1.1324372571218668
753 1.2337220398216915
754 1.2337220398216915
755 1.2337220398216915
756 1.423123345880294
757 1.423123345880294
758 1.423123345880294
759 1.3438019700166306
760 1.3438019700166306
761 1.3438019700166306
762 1.074378616372754
763 1.074378616372754
764 1.074378616372754
765 1.090083582901887
766 1.090083582901887
767 1.090083582901887
768 0.8131533106305119
769 0.8131533106305119
770 0.8131533106305119
771 1.2650491343751444
772 1.2650491343751444
773 1.2650491343751444
774 1.234043914327772
775 1.234043914327772
776 1.234043914327772
777 0.4029167201615209
778 0.4029167201615209
779 0.4029167201615209
780 1.367569653612324
781 1.367569653612324
782 1.367569653612324
783 1.0121046377944543
784 1.0121046377944543
785 1.0121046377944543
786 0.8332903113199397
787 0.8332903113199397
788 0.8332903113199397
789 1.2624268908836707
790 1.2624268908836707
791 1.2624268908836707
792 1.2304447053905136
793 1.2304447053905136
794 1.2304447053905136
795 1.0122472048722198
796 1.0122472048722198
797 1.0122472048722198
798 1.257152240705147
799 1.257152240705147
800 1.257152240705147
801 1.6642938820030824
802 1.6642938820030824
803 1.6642938820030824
804 0.9850001618654984
805 0.9850001618654984
806 0.9850001618654984
807 1.3077986602488
808 1.3077986602488
809 1.3077986602488
810 1.4675703109444913
811 1.4675703109444913
812 1.4675703109444913
813 1.0010552982284335
814 1.0010552982284335
815 1.0010552982284335
816 1.0930759285310165
817 1.0930759285310165
818 1.0930759285310165
819 1.5743609297890138
820 1.5743609297890138
821 1.5743609297890138
822 0.930446484718006
823 0.930446484718006
824 0.930446484718006
825 1.1593947911426452
826 1.1593947911426452
827 1.1593947911426452
828 1.7211556537377992
829 1.7211556537377992
830 1.7211556537377992
831 1.3779857501664954
832 1.3779857501664954
833 1.3779857501664954
834 1.4313225298488694
835 1.4313225298488694
836 1.4313225298488694
837 1.1826031342864027
838 1.1826031342864027
839 1.1826031342864027
840 1.4829741195029897
841 1.4829741195029897
842 1.4829741195029897
843 1.3737392066829441
844 1.3737392066829441
845 1.3737392066829441
846 1.4396802164055638
847 1.4396802164055638
848 1.4396802164055638
849 1.0183487309848283
850 1.0183487309848283
851 1.0183487309848283
852 1.610922322682966
853 1.610922322682966
854 1.610922322682966
855 0.9926431587213567
856 0.9926431587213567
857 0.9926431587213567
858 0.9663462730479631
859 0.9663462730479631
860 0.9663462730479631
861 1.0351101644389904
862 1.0351101644389904
863 1.0351101644389904
864 0.9828297558699908
865 0.9828297558699908
866 0.9828297558699908
867 1.2277162981793004
868 1.2277162981793004
869 1.2277162981793004
870 1.2716024296742023
871 1.2716024296742023
872 1.2716024296742023
873 0.27724841782505605
874 0.27724841782505605
875 0.27724841782505605
876 0.9880274094367836
877 0.9880274094367836
878 0.9880274094367836
879 1.2739492948617686
880 1.2739492948617686
881 1.2739492948617686
882 0.8794403895751657
883 0.8794403895751657
884 0.8794403895751657
885 1.0117403266017764
886 1.0117403266017764
887 1.0117403266017764
888 0.8609359961910958
889 0.8609359961910958
890 0.8609359961910958
891 1.0745169175244722
892 1.0745169175244722
893 1.0745169175244722
894 1.0629049196864495
895 1.0629049196864495
896 1.0629049196864495
897 1.528527699278238
898 1.528527699278238
899 1.528527699278238
900 0.9083783943244885
901 0.9083783943244885
902 0.9083783943244885
903 1.3607525066569965
904 1.3607525066569965
905 1.3607525066569965
906 1.4119644869705714
907 1.4119644869705714
908 1.4119644869705714
909 0.6393563259720754
910 0.6393563259720754
911 0.6393563259720754
912 0.5163782872165814
913 0.5163782872165814
914 0.5163782872165814
915 1.3947660044419365
916 1.3947660044419365
917 1.3947660044419365
918 1.417550996960723
919 1.417550996960723
920 1.417550996960723
921 1.089216057555671
922 1.089216057555671
923 1.089216057555671
924 0.626108253546643
925 0.626108253546643
926 0.626108253546643
927 0.9762041893175143
928 0.9762041893175143
929 0.9762041893175143
930 0.5864507616952449
931 0.5864507616952449
932 0.5864507616952449
933 1.1736466822929597
934 1.1736466822929597
935 1.1736466822929597
936 0.7600032977007656
937 0.7600032977007656
938 0.7600032977007656
939 1.2404674370836275
940 1.2404674370836275
941 1.2404674370836275
942 1.112162340368006
943 1.112162340368006
944 1.112162340368006
945 0.7960911564362041
946 0.7960911564362041
947 0.7960911564362041
948 1.266431503431928
949 1.266431503431928
950 1.266431503431928
951 1.1111125786002298
952 1.1111125786002298
953 1.1111125786002298
954 1.1898771972520816
955 1.1898771972520816
956 1.1898771972520816
957 1.1679241967400784
958 1.1679241967400784
959 1.1679241967400784
960 0.926953300242453
961 0.926953300242453
962 0.926953300242453
963 0.7951065436635958
964 0.7951065436635958
965 0.7951065436635958
966 1.4202280288055413
967 1.4202280288055413
968 1.4202280288055413
969 1.6154410584985701
970 1.6154410584985701
971 1.6154410584985701
972 1.6656818176233896
973 1.6656818176233896
974 1.6656818176233896
975 0.9006218581157621
976 0.9006218581157621
977 0.9006218581157621
978 1.357853606985143
979 1.357853606985143
980 1.357853606985143
981 1.250817172847238
982 1.250817172847238
983 1.250817172847238
984 1.1512006343418344
985 1.1512006343418344
986 1.1512006343418344
987 1.3554767234401526
988 1.3554767234401526
989 1.3554767234401526
990 1.4323868390001628
991 1.4323868390001628
992 1.4323868390001628
993 1.2887822749044313
994 1.2887822749044313
995 1.2887822749044313
996 0.8867978321210267
997 0.8867978321210267
998 0.8867978321210267
999 1.1227657098352157
1000 1.1227657098352157
1001 1.1227657098352157
1002 1.5539106417751154
1003 1.5539106417751154
1004 1.5539106417751154
1005 1.2918743894733922
1006 1.2918743894733922
1007 1.2918743894733922
1008 0.9782174088053845
1009 0.9782174088053845
1010 0.9782174088053845
1011 1.1321308870019449
1012 1.1321308870019449
1013 1.1321308870019449
1014 1.5282917892036072
1015 1.5282917892036072
1016 1.5282917892036072
1017 0.7791212079729544
1018 0.7791212079729544
1019 0.7791212079729544
1020 0.9080358167616435
1021 0.9080358167616435
1022 0.9080358167616435
1023 1.3067804246129238
1024 1.3067804246129238
1025 1.3067804246129238
1026 1.3780060766788087
1027 1.3780060766788087
1028 1.3780060766788087
1029 1.4711054673711506
1030 1.4711054673711506
1031 1.4711054673711506
1032 1.3731404551417334
1033 1.3731404551417334
1034 1.3731404551417334
1035 1.2910561261336284
1036 1.2910561261336284
1037 1.2910561261336284
1038 2.5452242197694743
1039 2.5452242197694743
1040 2.5452242197694743
1041 3.784113926765729
1042 3.784113926765729
1043 3.784113926765729
1044 4.415046004715243
1045 4.415046004715243
1046 4.415046004715243
1047 2.771477389231766
1048 2.771477389231766
1049 2.771477389231766
1050 3.080493676883315
1051 3.080493676883315
1052 3.080493676883315
1053 5.277435058865801
1054 5.277435058865801
1055 5.277435058865801
1056 3.761824455610161
1057 3.761824455610161
1058 3.761824455610161
1059 3.1052482699110087
1060 3.1052482699110087
1061 3.1052482699110087
1062 3.3941895596715606
1063 3.3941895596715606
1064 3.3941895596715606
1065 4.0383746216134915
1066 4.0383746216134915
1067 4.0383746216134915
1068 3.950396550352192
1069 3.950396550352192
1070 3.950396550352192
1071 4.432805101440784
1072 4.432805101440784
1073 4.432805101440784
1074 3.7947998470957134
1075 3.7947998470957134
1076 3.7947998470957134
1077 4.966722647077862
1078 4.966722647077862
1079 4.966722647077862
1080 2.6870579364427085
1081 2.6870579364427085
1082 2.6870579364427085
1083 1.7144359526140365
1084 1.7144359526140365
1085 1.7144359526140365
1086 4.827058996477341
1087 4.827058996477341
1088 4.827058996477341
1089 5.032126166819053
1090 5.032126166819053
1091 5.032126166819053
1092 2.8322605446472955
1093 2.8322605446472955
1094 2.8322605446472955
1095 3.8575197483193375
1096 3.8575197483193375
1097 3.8575197483193375
1098 3.8095151421186397
1099 3.8095151421186397
1100 3.8095151421186397
1101 3.29628230985076
1102 3.29628230985076
1103 3.29628230985076
1104 4.1206784658027615
1105 4.1206784658027615
1106 4.1206784658027615
1107 0.8695141936031654
1108 0.8695141936031654
1109 0.8695141936031654
1110 1.2216239164448075
1111 1.2216239164448075
1112 1.2216239164448075
1113 1.280638723303465
1114 1.280638723303465
1115 1.280638723303465
1116 1.083913576378037
1117 1.083913576378037
1118 1.083913576378037
1119 0.9058810786693475
1120 0.9058810786693475
1121 0.9058810786693475
1122 1.396228356777608
1123 1.396228356777608
1124 1.396228356777608
1125 1.4124447292232076
1126 1.4124447292232076
1127 1.4124447292232076
1128 1.7738930877501926
1129 1.7738930877501926
1130 1.7738930877501926
1131 0.7571306825373476
1132 0.7571306825373476
1133 3.2548586436578986
1134 3.2548586436578986
1135 3.2548586436578986
1136 2.2520500086545354
1137 2.2520500086545354
1138 2.2520500086545354
1139 2.4514236886774974
1140 2.4514236886774974
1141 2.4514236886774974
1142 3.654135773862748
1143 3.654135773862748
1144 3.654135773862748
1145 3.153443205813358
1146 3.153443205813358
1147 3.153443205813358
1148 3.3708603526800474
1149 3.3708603526800474
1150 3.3708603526800474
1151 2.7036909210300175
1152 2.7036909210300175
1153 2.7036909210300175
1154 2.6279005669294975
1155 2.6279005669294975
1156 2.6279005669294975
1157 2.8852647039770103
1158 2.8852647039770103
1159 2.8852647039770103
1160 1.5114949224545036
1161 1.5114949224545036
1162 1.5114949224545036
1163 2.198812173048356
1164 2.198812173048356
1165 2.198812173048356
1166 2.88467717503401
1167 2.88467717503401
1168 2.88467717503401
1169 2.8627316578854747
1170 2.8627316578854747
1171 2.8627316578854747
1172 2.4815250240592333
1173 2.4815250240592333
1174 2.4815250240592333
1175 2.8125402174696483
1176 2.8125402174696483
1177 2.8125402174696483
1178 2.1027941552771563
1179 2.1027941552771563
1180 0.5912867745375504
1181 0.5912867745375504
1182 0.5912867745375504
1183 0.823898429055784
1184 0.823898429055784
1185 0.823898429055784
1186 0.7513973080548654
1187 0.7513973080548654
1188 0.7513973080548654
1189 0.7614635887531601
1190 0.7614635887531601
1191 0.7614635887531601
1192 0.7220347357197737
1193 0.7220347357197737
1194 0.7220347357197737
1195 0.515569350521361
1196 0.515569350521361
1197 0.515569350521361
1198 0.7296813926816283
1199 0.7296813926816283
1200 0.7296813926816283
1201 0.7531772809877417
1202 0.7531772809877417
1203 0.7531772809877417
1204 0.9849459459819283
1205 0.9849459459819283
1206 0.9849459459819283
1207 0.8051768602708573
1208 0.8051768602708573
1209 0.8051768602708573
1210 0.9888263291604535
1211 0.9888263291604535
1212 0.9888263291604535
1213 0.6543391296995588
1214 0.6543391296995588
1215 0.6543391296995588
1216 0.6614059717836844
1217 0.6614059717836844
1218 0.6614059717836844
1219 0.6780950174403944
1220 0.6780950174403944
1221 0.6780950174403944
1222 0.4641787922068492
1223 0.4641787922068492
1224 0.4641787922068492
1225 0.3961537264325109
1226 0.3961537264325109
1227 0.3961537264325109
1228 0.6340105857354347
1229 0.6340105857354347
1230 0.6340105857354347
1231 0.3695916578114245
1232 0.3695916578114245
1233 0.3695916578114245
1234 0.4719453855359484
1235 0.4719453855359484
1236 0.4719453855359484
1237 0.9198363961598859
1238 0.9198363961598859
1239 0.9198363961598859
1240 0.6698461080324586
1241 0.6698461080324586
1242 0.6698461080324586
1243 0.6706500388708151
1244 0.6706500388708151
1245 0.6706500388708151
1246 0.5508503229259807
1247 0.5508503229259807
1248 0.5508503229259807
1249 0.537843257346895
1250 0.537843257346895
1251 0.537843257346895
1252 0.887225875560252
1253 0.887225875560252
1254 0.887225875560252
1255 0.7214880445422559
1256 0.7214880445422559
1257 0.7214880445422559
1258 0.816144842752438
1259 0.816144842752438
1260 0.816144842752438
1261 0.61073844369596
1262 0.61073844369596
1263 0.61073844369596
1264 0.4932026564067729
1265 0.4932026564067729
1266 0.4932026564067729
1267 0.899188345349427
1268 0.899188345349427
1269 0.899188345349427
1270 0.392091190327804
1271 0.392091190327804
1272 0.392091190327804
1273 0.3326442733648756
1274 0.3326442733648756
1275 0.3326442733648756
1276 0.4652226302528323
1277 0.4652226302528323
1278 0.4652226302528323
1279 0.40519479459617336
1280 0.40519479459617336
1281 0.40519479459617336
1282 0.6452511690064461
1283 0.6452511690064461
1284 0.6452511690064461
1285 0.4088667016924392
1286 0.4088667016924392
1287 0.4088667016924392
1288 0.4226030431688125
1289 0.4226030431688125
1290 0.4226030431688125
1291 0.6328151818597431
1292 0.6328151818597431
1293 0.6328151818597431
1294 0.6734404472315441
1295 0.6734404472315441
1296 0.6734404472315441
1297 0.3917486862830624
1298 0.3917486862830624
1299 0.3917486862830624
1300 0.496462098100486
1301 0.496462098100486
1302 0.496462098100486
1303 0.6055809626355643
1304 0.6055809626355643
1305 0.6055809626355643
1306 0.6896037857286077
1307 0.6896037857286077
1308 0.6896037857286077
1309 0.8472381696160273
1310 0.8472381696160273
1311 0.8472381696160273
1312 0.5670042617748561
1313 0.5670042617748561
1314 0.5670042617748561
1315 0.5984572932613023
1316 0.5984572932613023
1317 0.5984572932613023
1318 0.22015679578201414
1319 0.22015679578201414
1320 0.22015679578201414
1321 0.46944710723358485
1322 0.46944710723358485
1323 0.46944710723358485
1324 0.6480327263478725
1325 0.6480327263478725
1326 0.6480327263478725
1327 0.644286072571607
1328 0.644286072571607
1329 0.644286072571607
1330 0.5139557342630332
1331 0.5139557342630332
1332 0.5139557342630332
1333 0.6685962387536133
1334 0.6685962387536133
1335 0.6685962387536133
1336 0.5780357412050525
1337 0.5780357412050525
1338 0.5780357412050525
1339 0.6442403268346307
1340 0.6442403268346307
1341 0.6442403268346307
1342 0.9319545111105727
1343 0.9319545111105727
1344 0.9319545111105727
1345 0.5867227329063031
1346 0.5867227329063031
1347 0.5867227329063031
1348 0.512508639196848
1349 0.512508639196848
1350 0.512508639196848
1351 0.38762691491553436
1352 0.38762691491553436
1353 0.38762691491553436
1354 0.7744875065353567
1355 0.7744875065353567
1356 0.7744875065353567
1357 0.5992549362739815
1358 0.5992549362739815
1359 0.5992549362739815
1360 0.748827669216974
1361 0.748827669216974
1362 0.748827669216974
1363 0.6016427678227618
1364 0.6016427678227618
1365 0.6016427678227618
1366 0.7448363338158087
1367 0.7448363338158087
1368 0.7448363338158087
1369 0.951924034683124
1370 0.951924034683124
1371 0.951924034683124
1372 0.8068692800650606
1373 0.8068692800650606
1374 0.8068692800650606
1375 0.3610508137863838
1376 0.3610508137863838
1377 0.3610508137863838
1378 0.7532024791441678
1379 0.7532024791441678
1380 0.7532024791441678
1381 0.4725380445459041
1382 0.4725380445459041
1383 0.4725380445459041
1384 0.6654369333533616
1385 0.6654369333533616
1386 0.6654369333533616
1387 0.2431203411397591
1388 0.2431203411397591
1389 0.2431203411397591
1390 0.5235649554451582
1391 0.5235649554451582
1392 0.5235649554451582
1393 0.6674332477002259
1394 0.6674332477002259
1395 0.6674332477002259
1396 0.6173474250290498
1397 0.6173474250290498
1398 0.6173474250290498
1399 0.6221634083668013
1400 0.6221634083668013
1401 0.6221634083668013
1402 0.6767967366726205
1403 0.6767967366726205
1404 0.6767967366726205
1405 0.4628199094013032
1406 0.4628199094013032
1407 0.4628199094013032
1408 0.67363332227135
1409 0.67363332227135
1410 0.67363332227135
1411 0.6882524900434628
1412 0.6882524900434628
1413 0.6882524900434628
1414 0.42431243286849096
1415 0.42431243286849096
1416 0.42431243286849096
1417 0.7164773946362573
1418 0.7164773946362573
1419 0.7164773946362573
1420 0.7445599852305538
1421 0.7445599852305538
1422 0.7445599852305538
1423 0.6135656161115558
1424 0.6135656161115558
1425 0.6135656161115558
1426 0.5804299369315974
1427 0.5804299369315974
1428 0.5804299369315974
1429 0.5429569330906973
1430 0.5429569330906973
1431 0.5429569330906973
1432 0.45078549906997467
1433 0.45078549906997467
1434 0.45078549906997467
1435 0.802399753693077
1436 0.802399753693077
1437 0.802399753693077
1438 0.6490711286524631
1439 0.6490711286524631
1440 0.6490711286524631
1441 0.7156155768042007
1442 0.7156155768042007
1443 0.7156155768042007
1444 0.4679234635314288
1445 0.4679234635314288
1446 0.4679234635314288
1447 0.7643604600329559
1448 0.7643604600329559
1449 0.7643604600329559
1450 0.7957336523398555
1451 0.7957336523398555
1452 0.7957336523398555
1453 0.6843678270900937
1454 0.6843678270900937
1455 0.6843678270900937
1456 0.47552668094237527
1457 0.47552668094237527
1458 0.47552668094237527
1459 0.6691245750831638
1460 0.6691245750831638
1461 0.6691245750831638
1462 0.6954260320459659
1463 0.6954260320459659
1464 0.6954260320459659
1465 0.571220863797756
1466 0.571220863797756
1467 0.571220863797756
1468 0.848226271909182
1469 0.848226271909182
1470 0.848226271909182
1471 0.6733081903710237
1472 0.6733081903710237
1473 0.6733081903710237
1474 0.5454855794316631
1475 0.5454855794316631
1476 0.5454855794316631
1477 0.8520989933586263
1478 0.8520989933586263
1479 0.8520989933586263
1480 0.5186770783624708
1481 0.5186770783624708
1482 0.5186770783624708
1483 0.5637640082104763
1484 0.5637640082104763
1485 0.5637640082104763
1486 0.3932046541610001
1487 0.3932046541610001
1488 0.3932046541610001
1489 0.8098658422674647
1490 0.8098658422674647
1491 0.8098658422674647
1492 0.6018371752732423
1493 0.6018371752732423
1494 0.6018371752732423
1495 0.7332565732340186
1496 0.7332565732340186
1497 0.7332565732340186
1498 0.4990069609602522
1499 0.4990069609602522
1500 0.4990069609602522
1501 0.5717924209496087
1502 0.5717924209496087
1503 0.5717924209496087
1504 0.5771366719286667
1505 0.18564261423983625
1506 0.18564261423983625
1507 0.18564261423983625
1508 0.1711896659656905
1509 0.1711896659656905
1510 0.1711896659656905
1511 0.1
1512 0.1
1513 0.1
1514 0.21968129422397187
1515 0.21968129422397187
1516 0.21968129422397187
1517 0.18997694006209628
1518 0.18997694006209628
1519 0.18997694006209628
1520 0.17709188844563659
1521 0.17709188844563659
1522 0.17709188844563659
1523 0.2072043693028486
1524 0.2072043693028486
1525 0.2072043693028486
1526 0.19965498703722293
1527 0.19965498703722293
1528 0.19965498703722293
1529 0.16041658624447663
1530 0.16041658624447663
1531 0.16041658624447663
1532 0.10597869738935256
1533 0.10597869738935256
1534 0.10597869738935256
1535 0.20634379870652708
1536 0.20634379870652708
1537 0.20634379870652708
1538 0.1
1539 0.1
1540 0.1
1541 0.18943105746799818
1542 0.18943105746799818
1543 0.18943105746799818
1544 0.24694035869625597
1545 0.24694035869625597
1546 0.24694035869625597
1547 0.19902688294617774
1548 0.19902688294617774
1549 0.19902688294617774
1550 0.1732404852431858
1551 0.1732404852431858
1552 0.1732404852431858
1553 0.20165720324240938
1554 0.20165720324240938
1555 0.20165720324240938
1556 0.16468656660557338
1557 0.16468656660557338
1558 0.16468656660557338
1559 0.2367592526800301
1560 0.2367592526800301
1561 0.2367592526800301
1562 0.2228905777838173
1563 0.2228905777838173
1564 0.2228905777838173
1565 0.2778724802485042
1566 0.2778724802485042
1567 0.2778724802485042
1568 0.18348102783220194
1569 0.18348102783220194
1570 0.18348102783220194
1571 0.12928889344080416
1572 0.12928889344080416
1573 0.12928889344080416
1574 0.19131608121004293
1575 0.19131608121004293
1576 0.19131608121004293
1577 0.24828153054170565
1578 0.24828153054170565
1579 0.24828153054170565
1580 0.19840517529011378
1581 0.19840517529011378
1582 0.19840517529011378
1583 0.19782511764492056
1584 0.19782511764492056
1585 0.19782511764492056
1586 0.16896140286222122
1587 0.16896140286222122
1588 0.16896140286222122
1589 0.21102347311943334
1590 0.21102347311943334
1591 0.21102347311943334
1592 0.18561110492882438
1593 0.18561110492882438
1594 0.18561110492882438
1595 0.28653721885731054
1596 0.28653721885731054
1597 0.28653721885731054
1598 0.2585758598707103
1599 0.2585758598707103
1600 0.2585758598707103
1601 0.21293042594151543
1602 0.21293042594151543
1603 0.21293042594151543
1604 0.29572457687033415
1605 0.29572457687033415
1606 0.29572457687033415
1607 0.18473952990517276
1608 0.18473952990517276
1609 0.18473952990517276
1610 0.22725925478775905
1611 0.22725925478775905
1612 0.22725925478775905
1613 0.2047195754712993
1614 0.2047195754712993
1615 0.2047195754712993
1616 0.1601604287762353
1617 0.1601604287762353
1618 0.1601604287762353
1619 0.138253448605905
1620 0.138253448605905
1621 0.138253448605905
1622 0.1743981860190752
1623 0.1743981860190752
1624 0.1743981860190752
1625 0.17798246518120864
1626 0.17798246518120864
1627 0.17798246518120864
1628 0.1920683406684131
1629 0.1920683406684131
1630 0.1920683406684131
1631 0.18921072335532788
1632 0.18921072335532788
1633 0.18921072335532788
1634 0.1803006129686107
1635 0.1803006129686107
1636 0.1803006129686107
1637 0.16584409965186417
1638 0.16584409965186417
1639 0.16584409965186417
1640 0.1
1641 0.1
1642 0.1
1643 0.17734030971895265
1644 0.17734030971895265
1645 0.17734030971895265
1646 0.21556174524926636
1647 0.21556174524926636
1648 0.21556174524926636
1649 0.2954778565809766
1650 0.2954778565809766
1651 0.2954778565809766
1652 0.2264743360927963
1653 0.2264743360927963
1654 0.2264743360927963
1655 0.15905381782180117
1656 1.3157922547313472
1657 1.3157922547313472
1658 1.3157922547313472
1659 1.1120479733305375
1660 1.1120479733305375
1661 1.1120479733305375
1662 1.953226214910898
1663 1.953226214910898
1664 1.953226214910898
1665 1.9708143180615494
1666 1.9708143180615494
1667 1.9708143180615494
1668 0.9858640315076941
1669 0.9858640315076941
1670 0.9858640315076941
1671 1.1063624951692572
1672 1.1063624951692572
1673 1.1063624951692572
1674 1.2143135199767212
1675 1.2143135199767212
1676 1.2143135199767212
1677 1.3343464811154928
1678 1.3343464811154928
1679 1.3343464811154928
1680 0.8833136132334333
1681 0.8833136132334333
1682 0.8833136132334333
1683 1.6904501205989801
1684 1.6904501205989801
1685 1.6904501205989801
1686 2.036244577808158
1687 2.036244577808158
1688 2.036244577808158
1689 2.3531630290989427
1690 2.3531630290989427
1691 2.3531630290989427
1692 1.734966176020876
1693 1.734966176020876
1694 1.734966176020876
1695 2.688479901986254
1696 2.688479901986254
1697 2.688479901986254
1698 3.519721386780269
1699 3.519721386780269
1700 3.519721386780269
1701 3.7250592413838355
1702 3.7250592413838355
1703 3.7250592413838355
1704 3.0783809976404974
1705 3.0783809976404974
1706 3.0783809976404974
1707 3.9291675573917173
1708 3.9291675573917173
1709 3.9291675573917173
1710 3.3487743446942426
1711 3.3487743446942426
1712 3.3487743446942426
1713 2.6287925036295325
1714 2.6287925036295325
1715 2.6287925036295325
1716 3.8652002758495287
1717 3.8652002758495287
1718 3.8652002758495287
1719 2.380572092813087
1720 2.380572092813087
1721 2.380572092813087
1722 2.5516170860096548
1723 2.5516170860096548
1724 2.5516170860096548
1725 1.252942778996153
1726 1.252942778996153
1727 1.252942778996153
1728 3.985401441456875
1729 3.985401441456875
1730 3.985401441456875
1731 3.351637703082855
1732 3.351637703082855
1733 3.351637703082855
1734 4.7187850217762355
1735 4.7187850217762355
1736 4.7187850217762355
1737 2.9097587975624912
1738 2.9097587975624912
1739 2.9097587975624912
1740 4.1289264848165255
1741 4.1289264848165255
1742 4.1289264848165255
1743 3.011315999637289
1744 3.011315999637289
1745 3.011315999637289
1746 3.158822610289494
1747 3.158822610289494
1748 3.158822610289494
1749 3.5800978484794865
1750 3.5800978484794865
1751 3.5800978484794865
1752 2.6197479577082263
1753 2.6197479577082263
1754 2.6197479577082263
1755 3.5066626298035444
1756 3.5066626298035444
1757 3.5066626298035444
1758 3.7206413550263866
1759 3.7206413550263866
1760 3.7206413550263866
1761 3.385692672061519
1762 3.385692672061519
1763 3.385692672061519
1764 2.532709905402858
1765 2.532709905402858
1766 2.532709905402858
1767 3.903472299032658
1768 3.903472299032658
1769 3.903472299032658
1770 3.01325090740334
1771 3.01325090740334
1772 3.01325090740334
1773 3.637302895861749
1774 3.637302895861749
1775 3.637302895861749
1776 2.460430914698706
1777 2.460430914698706
1778 2.460430914698706
1779 4.676919695809295
1780 4.676919695809295
1781 4.676919695809295
1782 3.239080778278712
1783 3.239080778278712
1784 3.239080778278712
1785 2.8266436121164595
1786 2.8266436121164595
1787 2.8266436121164595
1788 1.7536178259363129
1789 1.7536178259363129
1790 1.7536178259363129
1791 3.3342690890433837
1792 3.3342690890433837
1793 3.3342690890433837
1794 2.401347293834239
1795 2.401347293834239
1796 2.401347293834239
1797 2.581912669078399
1798 2.581912669078399
1799 2.581912669078399
1800 2.834328321917251
1801 2.834328321917251
1802 2.834328321917251
1803 4.288430643659257
1804 4.288430643659257
1805 4.288430643659257
1806 4.679442079971792
1807 4.679442079971792
1808 4.679442079971792
1809 3.1729515821262897
1810 3.1729515821262897
1811 3.1729515821262897
1812 3.5142266941843463
1813 3.5142266941843463
1814 3.5142266941843463
1815 0.7043194001226432
1816 0.7043194001226432
1817 0.7043194001226432
1818 0.7423378968475637
1819 0.7423378968475637
1820 0.7423378968475637
1821 0.7386458412455846
1822 0.7386458412455846
1823 0.7386458412455846
1824 0.5698940430843644
1825 0.5698940430843644
1826 0.5698940430843644
1827 0.7671048935232712
1828 0.7671048935232712
1829 0.7671048935232712
1830 0.9230811653298856
1831 0.9230811653298856
1832 0.9230811653298856
1833 0.7249801312973199
1834 0.7249801312973199
1835 0.7249801312973199
1836 0.9903304534514377
1837 0.9903304534514377
1838 0.9903304534514377
1839 0.5022634472911308
1840 0.5022634472911308
1841 0.5022634472911308
1842 0.5663329681307363
1843 0.5663329681307363
1844 0.5663329681307363
1845 0.8247622372186119
1846 0.8247622372186119
1847 0.8247622372186119
1848 0.7989870560530151
1849 0.7989870560530151
1850 0.7989870560530151
1851 0.5576836201787743
1852 0.5576836201787743
1853 0.5576836201787743
1854 0.46231260769635807
1855 0.46231260769635807
1856 0.46231260769635807
1857 0.6484223990710304
1858 0.6484223990710304
1859 0.6484223990710304
1860 0.7819969332258542
1861 0.7819969332258542
1862 0.7819969332258542
1863 0.7586640841837662
1864 0.7586640841837662
1865 0.7586640841837662
1866 0.4048215987572953
1867 0.4048215987572953
1868 0.4048215987572953
1869 0.7011695450441646
1870 0.7011695450441646
1871 0.7011695450441646
1872 0.7211172662457658
1873 0.7211172662457658
1874 0.7211172662457658
1875 0.836235224345768
1876 0.836235224345768
1877 0.836235224345768
1878 0.6474779081267296
1879 0.6474779081267296
1880 0.6474779081267296
1881 0.5960574466313812
1882 0.5960574466313812
1883 0.5960574466313812
1884 0.5146220334377107
1885 0.5146220334377107
1886 0.5146220334377107
1887 0.8396467387075561
1888 0.8396467387075561
1889 0.8396467387075561
1890 0.809988848765089
1891 0.809988848765089
1892 0.809988848765089
1893 0.619676301464854
1894 0.619676301464854
1895 0.619676301464854
1896 0.4061987182848624
1897 0.4061987182848624
1898 0.4061987182848624
1899 0.7163007598391851
1900 0.7163007598391851
1901 0.7163007598391851
1902 0.729028403080052
1903 0.729028403080052
1904 0.729028403080052
1905 0.5186150868656997
1906 0.5186150868656997
1907 4.055181476575396
1908 4.055181476575396
1909 4.055181476575396
1910 4.67798708290048
1911 4.67798708290048
1912 4.67798708290048
1913 2.055725734090958
1914 2.055725734090958
1915 2.055725734090958
1916 3.010220518728609
1917 3.010220518728609
1918 3.010220518728609
1919 3.161749335668716
1920 3.161749335668716
1921 3.161749335668716
1922 4.059319934102481
1923 4.059319934102481
1924 4.059319934102481
1925 5.0816944496250525
1926 5.0816944496250525
1927 5.0816944496250525
1928 4.206107516531276
1929 4.206107516531276
1930 4.206107516531276
1931 5.055659681965237
1932 5.055659681965237
1933 5.055659681965237
1934 5.028968745316946
1935 5.028968745316946
1936 5.028968745316946
1937 3.317826466260462
1938 3.317826466260462
1939 3.317826466260462
1940 5.256074648035188
1941 5.256074648035188
1942 5.256074648035188
1943 3.524741194545173
1944 3.524741194545173
1945 3.524741194545173
1946 5.504779067845709
1947 5.504779067845709
1948 5.504779067845709
1949 3.5272207724872082
1950 3.5272207724872082
1951 3.5272207724872082
1952 3.478995077456702
1953 3.478995077456702
1954 3.478995077456702
1955 2.2940096569016193
1956 2.2940096569016193
1957 2.2940096569016193
1958 5.156549625441586
1959 5.156549625441586
1960 5.156549625441586
1961 3.145920172623104
1962 3.145920172623104
1963 3.145920172623104
1964 3.819811632739106
1965 3.819811632739106
1966 3.819811632739106
1967 4.8139926572787335
1968 4.8139926572787335
1969 4.8139926572787335
1970 1.6106805819273005
1971 1.6106805819273005
1972 1.6106805819273005
1973 5.072780633667727
1974 5.072780633667727
1975 5.072780633667727
1976 4.638812067545096
1977 4.638812067545096
1978 4.638812067545096
1979 4.612337476054076
1980 4.612337476054076
1981 4.612337476054076
1982 2.822486936100924
1983 2.822486936100924
1984 2.822486936100924
1985 3.9063753527180642
1986 3.9063753527180642
1987 3.9063753527180642
1988 3.3084235374448463
1989 3.3084235374448463
1990 3.3084235374448463
1991 4.802512024652595
1992 4.802512024652595
1993 2.735169885247807
1994 2.735169885247807
1995 2.735169885247807
1996 2.756952363461479
1997 2.756952363461479
1998 2.756952363461479
1999 3.1040173549627488
