0 1.4570241330841174
1 1.4570241330841174
2 1.4570241330841174
3 1.4570241330841174
4 1.4570241330841174
5 1.9686406674584833
6 1.9686406674584833
7 1.9686406674584833
8 1.9686406674584833
9 1.9686406674584833
10 2.1760794212642813
11 2.1760794212642813
12 2.1760794212642813
13 2.1760794212642813
14 2.1760794212642813
15 1.413231321889648
16 1.413231321889648
17 1.413231321889648
18 1.413231321889648
19 1.413231321889648
20 1.6340859439251556
21 1.6340859439251556
22 1.6340859439251556
23 1.6340859439251556
24 1.6340859439251556
25 2.4333198976614683
26 2.4333198976614683
27 2.4333198976614683
28 2.4333198976614683
29 2.4333198976614683
30 1.8042525822975881
31 1.8042525822975881
32 1.8042525822975881
33 1.8042525822975881
34 1.8042525822975881
35 1.5202627586845465
36 1.5202627586845465
37 1.5202627586845465
38 1.5202627586845465
39 1.5202627586845465
40 1.0730436613667735
41 1.0730436613667735
42 1.0730436613667735
43 1.0730436613667735
44 1.0730436613667735
45 1.6516415407782574
46 1.6516415407782574
47 1.6516415407782574
48 1.6516415407782574
49 1.6516415407782574
50 1.5403679390287546
51 1.5403679390287546
52 1.5403679390287546
53 1.5403679390287546
54 1.5403679390287546
55 2.12541801406293
56 2.12541801406293
57 2.12541801406293
58 2.12541801406293
59 2.12541801406293
60 1.354508809696882
61 1.354508809696882
62 1.354508809696882
63 1.354508809696882
64 1.354508809696882
65 1.0560429529802473
66 1.0560429529802473
67 1.0560429529802473
68 1.0560429529802473
69 1.0560429529802473
70 1.7953309380574096
71 1.7953309380574096
72 1.7953309380574096
73 1.7953309380574096
74 1.7953309380574096
75 1.2066192040972072
76 1.2066192040972072
77 1.2066192040972072
78 1.2066192040972072
79 1.2066192040972072
80 1.6808902876411909
81 1.6808902876411909
82 1.6808902876411909
83 1.6808902876411909
84 1.6808902876411909
85 1.4599167710144103
86 1.4599167710144103
87 1.4599167710144103
88 1.4599167710144103
89 1.4599167710144103
90 1.867459532246687
91 1.867459532246687
92 1.867459532246687
93 1.867459532246687
94 1.867459532246687
95 1.8930842619318486
96 1.8930842619318486
97 1.8930842619318486
98 1.8930842619318486
99 1.8930842619318486
100 1.2662949718721908
101 1.2662949718721908
102 1.2662949718721908
103 1.2662949718721908
104 1.2662949718721908
105 1.5602801425195916
106 1.5602801425195916
107 1.5602801425195916
108 1.5602801425195916
109 1.5602801425195916
110 1.505225324229926
111 1.505225324229926
112 1.505225324229926
113 1.505225324229926
114 1.505225324229926
115 1.3246437330330396
116 1.3246437330330396
117 3.5454636411922147
118 3.5454636411922147
119 3.5454636411922147
120 3.5454636411922147
121 3.5454636411922147
122 3.798009198746692
123 3.798009198746692
124 3.798009198746692
125 3.798009198746692
126 3.798009198746692
127 3.855449585730146
128 3.855449585730146
129 3.855449585730146
130 3.855449585730146
131 3.855449585730146
132 2.9458723857550435
133 2.9458723857550435
134 2.9458723857550435
135 2.9458723857550435
136 2.9458723857550435
137 4.302795018320978
138 4.302795018320978
139 4.302795018320978
140 4.302795018320978
141 4.302795018320978
142 2.4496643388092547
143 2.4496643388092547
144 2.4496643388092547
145 2.4496643388092547
146 2.4496643388092547
147 3.615356676729388
148 3.615356676729388
149 3.615356676729388
150 3.615356676729388
151 3.615356676729388
152 2.3593767549765756
153 2.3593767549765756
154 2.3593767549765756
155 2.3593767549765756
156 2.3593767549765756
157 3.3624609594235007
158 3.3624609594235007
159 3.3624609594235007
160 3.3624609594235007
161 3.3624609594235007
162 3.939501808309465
163 3.939501808309465
164 3.939501808309465
165 3.939501808309465
166 3.939501808309465
167 3.1798993261349437
168 3.1798993261349437
169 3.1798993261349437
170 3.1798993261349437
171 3.1798993261349437
172 3.6238879551119063
173 3.6238879551119063
174 3.6238879551119063
175 3.6238879551119063
176 3.6238879551119063
177 4.586575542615367
178 4.586575542615367
179 4.586575542615367
180 4.586575542615367
181 4.586575542615367
182 3.454416604992287
183 3.454416604992287
184 3.454416604992287
185 3.454416604992287
186 3.454416604992287
187 3.9813412116072717
188 3.9813412116072717
189 3.9813412116072717
190 3.9813412116072717
191 3.9813412116072717
192 2.3854527010348843
193 2.3854527010348843
194 2.3854527010348843
195 2.3854527010348843
196 2.3854527010348843
197 4.6759516508664145
198 4.6759516508664145
199 4.6759516508664145
200 4.6759516508664145
201 4.6759516508664145
202 4.258795006660205
203 4.258795006660205
204 4.258795006660205
205 4.258795006660205
206 4.258795006660205
207 3.6745264540393574
208 3.6745264540393574
209 3.6745264540393574
210 3.6745264540393574
211 3.6745264540393574
212 5.1956251166454175
213 5.1956251166454175
214 5.1956251166454175
215 5.1956251166454175
216 5.1956251166454175
217 2.4497244573884362
218 0.7637905146388013
219 0.7637905146388013
220 0.7637905146388013
221 0.7637905146388013
222 0.7637905146388013
223 0.8958717456495257
224 0.8958717456495257
225 0.8958717456495257
226 0.8958717456495257
227 0.8958717456495257
228 0.5772970779576917
229 0.5772970779576917
230 0.5772970779576917
231 0.5772970779576917
232 0.5772970779576917
233 0.6714467376119762
234 0.6714467376119762
235 0.6714467376119762
236 0.6714467376119762
237 0.6714467376119762
238 0.634963664086775
239 0.634963664086775
240 0.634963664086775
241 0.634963664086775
242 0.634963664086775
243 0.9245608169668094
244 0.9245608169668094
245 0.9245608169668094
246 0.9245608169668094
247 0.9245608169668094
248 0.4465174447837593
249 0.4465174447837593
250 0.4465174447837593
251 0.4465174447837593
252 0.4465174447837593
253 0.5908294791682881
254 0.5908294791682881
255 0.5908294791682881
256 0.5908294791682881
257 0.5908294791682881
258 0.505246689939286
259 0.505246689939286
260 0.505246689939286
261 0.505246689939286
262 0.505246689939286
263 0.8785674631749546
264 0.8785674631749546
265 0.8785674631749546
266 0.8785674631749546
267 0.8785674631749546
268 0.5313556884489932
269 0.5313556884489932
270 0.5313556884489932
271 0.5313556884489932
272 0.5313556884489932
273 0.7087112541343674
274 0.7087112541343674
275 0.7087112541343674
276 0.7087112541343674
277 0.7087112541343674
278 0.5954072896503044
279 0.5954072896503044
280 0.5954072896503044
281 0.5954072896503044
282 0.5954072896503044
283 0.6112364461643041
284 0.6112364461643041
285 0.6112364461643041
286 0.6112364461643041
287 0.6112364461643041
288 0.4192442745569086
289 0.4192442745569086
290 0.4192442745569086
291 0.4192442745569086
292 0.4192442745569086
293 0.5883752212011644
294 0.5883752212011644
295 0.5883752212011644
296 0.5883752212011644
297 0.5883752212011644
298 0.7535035573816621
299 0.7535035573816621
300 0.7535035573816621
301 0.7535035573816621
302 0.7535035573816621
303 1.0227682984120734
304 1.0227682984120734
305 1.0227682984120734
306 1.0227682984120734
307 1.0227682984120734
308 0.764758410963263
309 0.764758410963263
310 0.764758410963263
311 0.764758410963263
312 0.764758410963263
313 0.6751621735560884
314 0.6751621735560884
315 0.6751621735560884
316 0.6751621735560884
317 0.6751621735560884
318 0.5103538069584311
319 0.5103538069584311
320 0.5103538069584311
321 0.5103538069584311
322 0.5103538069584311
323 0.4545319785249591
324 0.4545319785249591
325 0.4545319785249591
326 0.4545319785249591
327 0.4545319785249591
328 0.4654334266452792
329 0.4654334266452792
330 0.4654334266452792
331 0.4654334266452792
332 0.4654334266452792
333 0.6871470020798368
334 0.6871470020798368
335 0.6871470020798368
336 0.6871470020798368
337 0.6871470020798368
338 0.4102712422990483
339 0.4102712422990483
340 2.559360825720227
341 2.559360825720227
342 2.559360825720227
343 2.559360825720227
344 2.559360825720227
345 2.96109177601208
346 2.96109177601208
347 2.96109177601208
348 2.96109177601208
349 2.96109177601208
350 3.219290991917976
351 3.219290991917976
352 3.219290991917976
353 3.219290991917976
354 3.219290991917976
355 1.892798776284489
356 1.892798776284489
357 1.892798776284489
358 1.892798776284489
359 1.892798776284489
360 3.4519784879902202
361 3.4519784879902202
362 3.4519784879902202
363 3.4519784879902202
364 3.750989920968122
365 3.750989920968122
366 3.750989920968122
367 3.750989920968122
368 3.750989920968122
369 5.34813528251718
370 5.34813528251718
371 5.34813528251718
372 5.34813528251718
373 5.34813528251718
374 4.053950255256286
375 4.053950255256286
376 4.053950255256286
377 4.053950255256286
378 4.053950255256286
379 5.8623003397124
380 5.8623003397124
381 5.8623003397124
382 5.8623003397124
383 5.8623003397124
384 3.482097384981853
385 3.482097384981853
386 3.482097384981853
387 3.482097384981853
388 3.482097384981853
389 6.16010887345728
390 6.16010887345728
391 6.16010887345728
392 6.16010887345728
393 6.16010887345728
394 5.106953578024516
395 5.106953578024516
396 5.106953578024516
397 5.106953578024516
398 5.106953578024516
399 4.651849710019564
400 4.651849710019564
401 4.651849710019564
402 4.651849710019564
403 4.651849710019564
404 2.765182382409649
405 2.765182382409649
406 2.765182382409649
407 2.765182382409649
408 2.765182382409649
409 3.944125267866732
410 3.944125267866732
411 3.944125267866732
412 3.944125267866732
413 3.944125267866732
414 5.888393588657283
415 3.405950222530913
416 3.405950222530913
417 3.405950222530913
418 3.405950222530913
419 3.405950222530913
420 4.25616962500045
421 4.25616962500045
422 4.25616962500045
423 4.25616962500045
424 4.25616962500045
425 3.5102569034111073
426 3.5102569034111073
427 3.5102569034111073
428 3.5102569034111073
429 3.5102569034111073
430 3.8870118540552534
431 3.8870118540552534
432 3.8870118540552534
433 3.8870118540552534
434 3.8870118540552534
435 4.0453552405871225
436 4.0453552405871225
437 4.0453552405871225
438 4.0453552405871225
439 4.0453552405871225
440 2.3628850556435155
441 2.3628850556435155
442 2.3628850556435155
443 2.3628850556435155
444 2.3628850556435155
445 3.4313040607192153
446 3.4313040607192153
447 3.4313040607192153
448 3.4313040607192153
449 3.4313040607192153
450 4.367628320271248
451 4.367628320271248
452 4.367628320271248
453 4.367628320271248
454 4.367628320271248
455 5.679407271731092
456 5.679407271731092
457 5.679407271731092
458 5.679407271731092
459 5.679407271731092
460 2.7432682073537884
461 1.1204625086113489
462 1.1204625086113489
463 1.1204625086113489
464 1.1204625086113489
465 1.1204625086113489
466 2.02493103173185
467 2.02493103173185
468 2.02493103173185
469 2.02493103173185
470 2.02493103173185
471 2.13881243820808
472 2.13881243820808
473 2.13881243820808
474 2.13881243820808
475 2.13881243820808
476 1.582015898262232
477 1.582015898262232
478 1.582015898262232
479 1.582015898262232
480 1.582015898262232
481 1.3453367539315004
482 1.3453367539315004
483 1.3453367539315004
484 1.3453367539315004
485 1.3453367539315004
486 1.5862370020936516
487 1.5862370020936516
488 1.5862370020936516
489 1.5862370020936516
490 1.5862370020936516
491 1.1539925709038659
492 1.1539925709038659
493 1.1539925709038659
494 1.1539925709038659
495 1.1539925709038659
496 1.7751924186131118
497 1.7751924186131118
498 3.000416083279746
499 3.000416083279746
500 3.000416083279746
501 3.000416083279746
502 3.000416083279746
503 2.469407219231249
504 2.469407219231249
505 2.469407219231249
506 2.469407219231249
507 2.469407219231249
508 2.618712748720643
509 2.618712748720643
510 2.618712748720643
511 2.618712748720643
512 2.618712748720643
513 2.564746879178077
514 2.564746879178077
515 2.564746879178077
516 2.564746879178077
517 2.564746879178077
518 3.8693158322743404
519 3.8693158322743404
520 3.8693158322743404
521 3.8693158322743404
522 3.8693158322743404
523 3.0913985563175768
524 3.0913985563175768
525 3.0913985563175768
526 3.0913985563175768
527 3.0913985563175768
528 2.666132519658225
529 2.666132519658225
530 2.666132519658225
531 2.666132519658225
532 2.666132519658225
533 3.0624585340516592
534 3.0624585340516592
535 3.0624585340516592
536 3.0624585340516592
537 3.0624585340516592
538 3.811551183904072
539 3.811551183904072
540 3.811551183904072
541 3.811551183904072
542 3.811551183904072
543 3.7238521165100495
544 3.7238521165100495
545 3.7238521165100495
546 3.7238521165100495
547 3.7238521165100495
548 3.4623958884465385
549 3.4623958884465385
550 3.4623958884465385
551 3.4623958884465385
552 3.4623958884465385
553 2.589805186293357
554 2.589805186293357
555 2.589805186293357
556 2.589805186293357
557 2.589805186293357
558 2.857973285942255
559 2.857973285942255
560 2.857973285942255
561 2.857973285942255
562 2.857973285942255
563 3.7327822565378965
564 3.7327822565378965
565 3.7327822565378965
566 3.7327822565378965
567 3.7327822565378965
568 3.345043187868292
569 3.345043187868292
570 3.345043187868292
571 3.345043187868292
572 3.345043187868292
573 3.0923688429250813
574 3.0923688429250813
575 3.0923688429250813
576 3.0923688429250813
577 3.0923688429250813
578 2.9419035955814774
579 2.9419035955814774
580 2.9419035955814774
581 2.9419035955814774
582 2.9419035955814774
583 2.9453347086548933
584 2.9453347086548933
585 2.9453347086548933
586 2.9453347086548933
587 2.9453347086548933
588 2.9720519877231872
589 2.9720519877231872
590 2.9720519877231872
591 2.9720519877231872
592 2.9720519877231872
593 3.580151840907122
594 3.580151840907122
595 3.580151840907122
596 3.580151840907122
597 3.580151840907122
598 4.258332895332071
599 4.258332895332071
600 4.258332895332071
601 4.258332895332071
602 4.258332895332071
603 4.621895479812324
604 4.621895479812324
605 4.621895479812324
606 4.621895479812324
607 4.621895479812324
608 4.167170274335929
609 4.167170274335929
610 4.167170274335929
611 4.167170274335929
612 4.167170274335929
613 3.1322429590829364
614 3.1322429590829364
615 3.1322429590829364
616 3.1322429590829364
617 3.1322429590829364
618 2.6392896166596405
619 2.6392896166596405
620 2.6392896166596405
621 2.6392896166596405
622 2.6392896166596405
623 3.7718716197207125
624 3.7718716197207125
625 3.7718716197207125
626 3.7718716197207125
627 3.7718716197207125
628 2.998573580877192
629 2.998573580877192
630 2.998573580877192
631 2.998573580877192
632 2.998573580877192
633 3.391956959434263
634 3.391956959434263
635 3.391956959434263
636 3.391956959434263
637 3.391956959434263
638 4.0456590100507555
639 4.0456590100507555
640 4.0456590100507555
641 4.0456590100507555
642 4.0456590100507555
643 3.300683436803456
644 3.300683436803456
645 3.300683436803456
646 3.300683436803456
647 3.300683436803456
648 2.3109537341657145
649 2.3109537341657145
650 2.3109537341657145
651 2.3109537341657145
652 2.3109537341657145
653 2.72069074707009
654 2.72069074707009
655 2.72069074707009
656 2.72069074707009
657 2.72069074707009
658 2.6174305422402258
659 2.6174305422402258
660 2.6174305422402258
661 2.6174305422402258
662 2.6174305422402258
663 3.3341530860185316
664 3.3341530860185316
665 3.3341530860185316
666 3.3341530860185316
667 3.3341530860185316
668 4.821885958336036
669 4.821885958336036
670 4.821885958336036
671 4.821885958336036
672 4.821885958336036
673 3.1226835114683595
674 3.1226835114683595
675 3.1226835114683595
676 3.1226835114683595
677 3.1226835114683595
678 4.167769882176104
679 4.167769882176104
680 4.167769882176104
681 4.167769882176104
682 4.167769882176104
683 3.223624542553796
684 3.223624542553796
685 3.223624542553796
686 3.223624542553796
687 3.223624542553796
688 4.041666068198018
689 4.041666068198018
690 4.041666068198018
691 4.041666068198018
692 4.041666068198018
693 3.7675832751049976
694 3.7675832751049976
695 3.7675832751049976
696 3.7675832751049976
697 3.7675832751049976
698 4.968460218151096
699 4.968460218151096
700 4.968460218151096
701 4.968460218151096
702 4.968460218151096
703 3.420057244766197
704 3.420057244766197
705 3.420057244766197
706 3.420057244766197
707 3.420057244766197
708 3.2449910815713774
709 3.2449910815713774
710 3.2449910815713774
711 3.2449910815713774
712 3.2449910815713774
713 1.5644837117512316
714 1.5644837117512316
715 1.5644837117512316
716 1.5644837117512316
717 1.5644837117512316
718 3.6145122683104893
719 3.6145122683104893
720 3.6145122683104893
721 3.6145122683104893
722 3.6145122683104893
723 2.2643425000335338
724 2.2643425000335338
725 2.2643425000335338
726 2.2643425000335338
727 2.2643425000335338
728 3.480388745192255
729 3.480388745192255
730 3.480388745192255
731 3.480388745192255
732 3.480388745192255
733 3.227237844212007
734 3.227237844212007
735 3.227237844212007
736 3.227237844212007
737 3.227237844212007
738 3.2740465163895274
739 3.2740465163895274
740 3.2740465163895274
741 3.2740465163895274
742 3.2740465163895274
743 3.8629789823717338
744 3.8629789823717338
745 3.8629789823717338
746 3.8629789823717338
747 3.8629789823717338
748 3.7828320951362455
749 3.7828320951362455
750 3.7828320951362455
751 3.7828320951362455
752 3.7828320951362455
753 3.0810212400836448
754 3.0810212400836448
755 3.0810212400836448
756 3.0810212400836448
757 3.0810212400836448
758 3.5472158463704675
759 3.5472158463704675
760 3.5472158463704675
761 3.5472158463704675
762 3.5472158463704675
763 2.332466632506079
764 2.332466632506079
765 2.332466632506079
766 2.332466632506079
767 2.332466632506079
768 3.7373261351495968
769 3.7373261351495968
770 3.7373261351495968
771 3.7373261351495968
772 3.7373261351495968
773 3.125756730115846
774 3.125756730115846
775 3.125756730115846
776 3.125756730115846
777 3.125756730115846
778 2.9314041012336856
779 2.9314041012336856
780 2.9314041012336856
781 0.559199684683105
782 0.559199684683105
783 0.559199684683105
784 0.559199684683105
785 0.559199684683105
786 0.6968687274994976
787 0.6968687274994976
788 0.6968687274994976
789 0.6968687274994976
790 0.6968687274994976
791 0.6601742349509467
792 0.6601742349509467
793 0.6601742349509467
794 0.6601742349509467
795 0.6601742349509467
796 0.8555048096868882
797 0.8555048096868882
798 0.8555048096868882
799 0.8555048096868882
800 0.8555048096868882
801 0.8150288783862071
802 0.8150288783862071
803 0.8150288783862071
804 0.8150288783862071
805 0.8150288783862071
806 0.28295454651926527
807 0.28295454651926527
808 0.28295454651926527
809 0.28295454651926527
810 0.28295454651926527
811 0.3529331837534041
812 0.3529331837534041
813 3.5406921119625823
814 3.5406921119625823
815 3.5406921119625823
816 3.5406921119625823
817 3.5406921119625823
818 3.2548281647389268
819 3.2548281647389268
820 3.2548281647389268
821 3.2548281647389268
822 3.2548281647389268
823 2.678394470303428
824 2.678394470303428
825 2.678394470303428
826 2.678394470303428
827 2.678394470303428
828 4.266739883968801
829 4.266739883968801
830 4.266739883968801
831 4.266739883968801
832 4.266739883968801
833 3.4144380751184933
834 3.4144380751184933
835 3.4144380751184933
836 3.4144380751184933
837 3.4144380751184933
838 4.870197866142071
839 4.870197866142071
840 4.870197866142071
841 4.870197866142071
842 4.870197866142071
843 3.2252154899045298
844 3.2252154899045298
845 3.2252154899045298
846 3.2252154899045298
847 3.2252154899045298
848 2.5666860994811547
849 2.5666860994811547
850 2.5666860994811547
851 2.5666860994811547
852 2.5666860994811547
853 3.350331848722276
854 3.350331848722276
855 3.350331848722276
856 3.350331848722276
857 3.350331848722276
858 4.686507574955424
859 4.686507574955424
860 4.686507574955424
861 4.686507574955424
862 4.686507574955424
863 2.5239481528696635
864 2.5239481528696635
865 2.5239481528696635
866 2.5239481528696635
867 2.5239481528696635
868 4.486643824342616
869 4.486643824342616
870 4.486643824342616
871 4.486643824342616
872 4.486643824342616
873 4.11551686711839
874 4.11551686711839
875 4.11551686711839
876 4.11551686711839
877 4.11551686711839
878 3.5598493805920564
879 3.5598493805920564
880 3.5598493805920564
881 3.5598493805920564
882 3.5598493805920564
883 4.53170384967301
884 4.53170384967301
885 4.53170384967301
886 4.53170384967301
887 4.53170384967301
888 4.191425905650802
889 4.191425905650802
890 4.191425905650802
891 4.191425905650802
892 4.191425905650802
893 4.073998067762617
894 4.073998067762617
895 4.073998067762617
896 4.073998067762617
897 4.073998067762617
898 2.459423475443706
899 2.459423475443706
900 2.459423475443706
901 2.459423475443706
902 2.459423475443706
903 3.5702659199912947
904 3.5702659199912947
905 3.5702659199912947
906 3.5702659199912947
907 3.5702659199912947
908 4.874157163364623
909 4.874157163364623
910 4.874157163364623
911 4.874157163364623
912 4.874157163364623
913 3.357525505010556
914 3.357525505010556
915 3.357525505010556
916 3.357525505010556
917 3.357525505010556
918 4.091433601195913
919 4.091433601195913
920 4.091433601195913
921 4.091433601195913
922 4.091433601195913
923 4.222822180822995
924 4.222822180822995
925 4.222822180822995
926 4.222822180822995
927 4.222822180822995
928 3.159004077463708
929 3.159004077463708
930 3.159004077463708
931 3.159004077463708
932 3.159004077463708
933 4.354074690755903
934 4.354074690755903
935 4.354074690755903
936 4.354074690755903
937 4.354074690755903
938 2.6556353561382045
939 2.6556353561382045
940 2.6556353561382045
941 2.6556353561382045
942 2.6556353561382045
943 2.6806745118992974
944 2.6806745118992974
945 2.6806745118992974
946 2.6806745118992974
947 2.6806745118992974
948 3.5960652665740676
949 3.5960652665740676
950 3.5960652665740676
951 3.5960652665740676
952 3.5960652665740676
953 4.305239022733083
954 4.305239022733083
955 4.305239022733083
956 4.305239022733083
957 4.305239022733083
958 3.277201479266749
959 3.277201479266749
960 3.277201479266749
961 3.277201479266749
962 3.277201479266749
963 5.480501730753575
964 5.480501730753575
965 5.480501730753575
966 5.480501730753575
967 5.480501730753575
968 3.447970199833942
969 3.447970199833942
970 3.447970199833942
971 3.447970199833942
972 3.447970199833942
973 4.289298061736385
974 4.289298061736385
975 4.289298061736385
976 4.289298061736385
977 4.289298061736385
978 2.3257891097517454
979 2.3257891097517454
980 2.3257891097517454
981 2.3257891097517454
982 2.3257891097517454
983 2.6753362405558905
984 2.6753362405558905
985 2.6753362405558905
986 2.6753362405558905
987 2.6753362405558905
988 3.3332437057521886
989 3.3332437057521886
990 3.3332437057521886
991 3.3332437057521886
992 3.3332437057521886
993 3.2642185389904057
994 3.2642185389904057
995 3.2642185389904057
996 3.2642185389904057
997 3.2642185389904057
998 3.9178318683811417
999 3.9178318683811417
1000 3.9178318683811417
1001 3.9178318683811417
1002 3.9178318683811417
1003 5.010254858648721
1004 5.010254858648721
1005 5.010254858648721
1006 5.010254858648721
1007 5.010254858648721
1008 3.414132354785326
1009 3.414132354785326
1010 3.414132354785326
1011 3.414132354785326
1012 3.414132354785326
1013 2.654629635611526
1014 2.654629635611526
1015 2.654629635611526
1016 2.654629635611526
1017 2.654629635611526
1018 3.4560499037714636
1019 3.4560499037714636
1020 3.4560499037714636
1021 3.4560499037714636
1022 3.4560499037714636
1023 4.789690849823486
1024 4.789690849823486
1025 4.789690849823486
1026 4.789690849823486
1027 4.789690849823486
1028 2.8048306592356407
1029 2.8048306592356407
1030 2.8048306592356407
1031 2.8048306592356407
1032 2.8048306592356407
1033 3.2939312249638015
1034 3.2939312249638015
1035 3.2939312249638015
1036 3.2939312249638015
1037 3.2939312249638015
1038 3.7255812820241005
1039 3.7255812820241005
1040 3.7255812820241005
1041 3.7255812820241005
1042 3.7255812820241005
1043 4.820259839708537
1044 4.820259839708537
1045 4.820259839708537
1046 4.820259839708537
1047 4.820259839708537
1048 4.176380470420183
1049 4.176380470420183
1050 4.176380470420183
1051 4.176380470420183
1052 4.176380470420183
1053 4.250332458599925
1054 4.250332458599925
1055 4.250332458599925
1056 4.250332458599925
1057 4.250332458599925
1058 3.8334624059756073
1059 3.8334624059756073
1060 3.8334624059756073
1061 3.8334624059756073
1062 3.8334624059756073
1063 3.52720131473777
1064 3.52720131473777
1065 3.52720131473777
1066 3.52720131473777
1067 3.52720131473777
1068 3.8034001227142906
1069 3.8034001227142906
1070 3.8034001227142906
1071 3.8034001227142906
1072 3.8034001227142906
1073 3.547199650912158
1074 3.547199650912158
1075 3.547199650912158
1076 3.547199650912158
1077 3.547199650912158
1078 3.8430384618827467
1079 3.8430384618827467
1080 3.8430384618827467
1081 3.8430384618827467
1082 3.8430384618827467
1083 5.033149485305137
1084 5.033149485305137
1085 5.033149485305137
1086 5.033149485305137
1087 5.033149485305137
1088 3.4503577053110153
1089 3.4503577053110153
1090 3.4503577053110153
1091 3.4503577053110153
1092 3.4503577053110153
1093 2.42339294307996
1094 2.42339294307996
1095 2.42339294307996
1096 2.42339294307996
1097 2.42339294307996
1098 3.5927243929438433
1099 3.5927243929438433
1100 3.5927243929438433
1101 3.5927243929438433
1102 3.5927243929438433
1103 4.820426447844386
1104 4.820426447844386
1105 4.820426447844386
1106 4.820426447844386
1107 4.820426447844386
1108 3.5836791061266333
1109 3.5836791061266333
1110 3.5836791061266333
1111 3.5836791061266333
1112 3.5836791061266333
1113 3.302357882130652
1114 3.302357882130652
1115 3.302357882130652
1116 3.302357882130652
1117 3.302357882130652
1118 2.9124730219657238
1119 2.9124730219657238
1120 2.9124730219657238
1121 2.9124730219657238
1122 2.9124730219657238
1123 2.5566063321063086
1124 2.5566063321063086
1125 2.5566063321063086
1126 2.5566063321063086
1127 2.5566063321063086
1128 3.423795598782194
1129 3.423795598782194
1130 3.423795598782194
1131 3.423795598782194
1132 3.423795598782194
1133 2.3372449437737384
1134 2.3372449437737384
1135 2.3372449437737384
1136 2.3372449437737384
1137 2.3372449437737384
1138 4.041581036838274
1139 4.041581036838274
1140 4.041581036838274
1141 4.041581036838274
1142 4.041581036838274
1143 3.45402238755804
1144 3.45402238755804
1145 3.45402238755804
1146 3.45402238755804
1147 3.45402238755804
1148 2.992294179020873
1149 2.992294179020873
1150 2.992294179020873
1151 2.992294179020873
1152 2.992294179020873
1153 2.990664492864642
1154 2.990664492864642
1155 2.990664492864642
1156 2.990664492864642
1157 2.990664492864642
1158 2.086771732446052
1159 2.086771732446052
1160 2.086771732446052
1161 2.086771732446052
1162 2.086771732446052
1163 2.567236288320748
1164 2.567236288320748
1165 2.567236288320748
1166 2.567236288320748
1167 2.567236288320748
1168 2.850405436162417
1169 2.850405436162417
1170 3.9977245019807834
1171 3.9977245019807834
1172 3.9977245019807834
1173 3.9977245019807834
1174 3.9977245019807834
1175 4.755141981902592
1176 4.755141981902592
1177 4.755141981902592
1178 4.755141981902592
1179 4.755141981902592
1180 3.712078193625716
1181 3.712078193625716
1182 3.712078193625716
1183 3.712078193625716
1184 3.712078193625716
1185 2.7125394180528613
1186 2.7125394180528613
1187 2.7125394180528613
1188 2.7125394180528613
1189 2.7125394180528613
1190 1.8396668017010656
1191 1.8396668017010656
1192 1.8396668017010656
1193 1.8396668017010656
1194 1.8396668017010656
1195 2.892490376130528
1196 2.892490376130528
1197 2.892490376130528
1198 2.892490376130528
1199 2.892490376130528
1200 3.4582155997808126
1201 3.4582155997808126
1202 3.4582155997808126
1203 3.4582155997808126
1204 3.4582155997808126
1205 3.219657036018914
1206 3.219657036018914
1207 3.219657036018914
1208 3.219657036018914
1209 3.219657036018914
1210 2.753822312027635
1211 2.753822312027635
1212 2.753822312027635
1213 2.753822312027635
1214 2.753822312027635
1215 3.3920384039085794
1216 3.3920384039085794
1217 3.3920384039085794
1218 3.3920384039085794
1219 3.3920384039085794
1220 3.156943607825933
1221 3.156943607825933
1222 3.156943607825933
1223 3.156943607825933
1224 3.156943607825933
1225 3.89018233131197
1226 3.89018233131197
1227 3.89018233131197
1228 3.89018233131197
1229 3.89018233131197
1230 3.024305553156718
1231 3.024305553156718
1232 3.024305553156718
1233 3.024305553156718
1234 3.024305553156718
1235 3.7278544267703055
1236 3.7278544267703055
1237 3.7278544267703055
1238 3.7278544267703055
1239 3.7278544267703055
1240 3.3476724025710713
1241 3.3476724025710713
1242 3.3476724025710713
1243 3.3476724025710713
1244 3.3476724025710713
1245 3.4755348343775787
1246 3.4755348343775787
1247 3.4755348343775787
1248 3.4755348343775787
1249 3.4755348343775787
1250 3.9310481552204966
1251 3.9310481552204966
1252 3.9310481552204966
1253 3.9310481552204966
1254 3.9310481552204966
1255 2.60792722401017
1256 2.60792722401017
1257 2.60792722401017
1258 2.60792722401017
1259 2.60792722401017
1260 3.0262679820021896
1261 3.0262679820021896
1262 3.0262679820021896
1263 3.0262679820021896
1264 3.0262679820021896
1265 3.604962919989189
1266 3.604962919989189
1267 3.604962919989189
1268 3.604962919989189
1269 3.604962919989189
1270 1.598568684492537
1271 1.598568684492537
1272 1.598568684492537
1273 1.598568684492537
1274 1.598568684492537
1275 3.6570221360687523
1276 3.6570221360687523
1277 3.6570221360687523
1278 3.6570221360687523
1279 3.6570221360687523
1280 3.115688191065653
1281 3.115688191065653
1282 3.115688191065653
1283 3.115688191065653
1284 3.115688191065653
1285 3.364728112686687
1286 3.364728112686687
1287 3.364728112686687
1288 3.364728112686687
1289 3.364728112686687
1290 3.179754864863297
1291 3.179754864863297
1292 3.179754864863297
1293 3.179754864863297
1294 3.179754864863297
1295 4.670342829034624
1296 4.670342829034624
1297 4.670342829034624
1298 4.670342829034624
1299 4.670342829034624
1300 3.2594646647371426
1301 3.2594646647371426
1302 3.2594646647371426
1303 3.2594646647371426
1304 3.2594646647371426
1305 3.9483704810538858
1306 3.9483704810538858
1307 3.9483704810538858
1308 3.9483704810538858
1309 3.9483704810538858
1310 4.672206697539327
1311 4.672206697539327
1312 4.672206697539327
1313 4.672206697539327
1314 4.672206697539327
1315 3.6894443281629545
1316 3.6894443281629545
1317 3.6894443281629545
1318 3.6894443281629545
1319 3.6894443281629545
1320 4.429777666368095
1321 4.429777666368095
1322 4.429777666368095
1323 4.429777666368095
1324 4.429777666368095
1325 4.156928652907618
1326 4.156928652907618
1327 4.156928652907618
1328 4.156928652907618
1329 4.156928652907618
1330 2.25952321170665
1331 2.25952321170665
1332 2.25952321170665
1333 2.25952321170665
1334 2.25952321170665
1335 4.40283169749786
1336 4.40283169749786
1337 4.40283169749786
1338 4.40283169749786
1339 4.40283169749786
1340 4.09226064860564
1341 4.09226064860564
1342 4.09226064860564
1343 4.09226064860564
1344 4.09226064860564
1345 2.8175352592836855
1346 2.8175352592836855
1347 2.8175352592836855
1348 2.8175352592836855
1349 2.8175352592836855
1350 1.9979052307621812
1351 1.9979052307621812
1352 1.9979052307621812
1353 1.9979052307621812
1354 1.9979052307621812
1355 3.376374824493361
1356 3.376374824493361
1357 3.376374824493361
1358 3.376374824493361
1359 3.376374824493361
1360 3.3497979141913565
1361 3.3497979141913565
1362 3.3497979141913565
1363 3.3497979141913565
1364 3.3497979141913565
1365 5.10057072084358
1366 5.10057072084358
1367 5.10057072084358
1368 5.10057072084358
1369 5.10057072084358
1370 3.1767884355758156
1371 3.1767884355758156
1372 3.1767884355758156
1373 3.1767884355758156
1374 3.1767884355758156
1375 3.4065464477132292
1376 3.4065464477132292
1377 3.4065464477132292
1378 3.4065464477132292
1379 3.4065464477132292
1380 4.011864588046721
1381 4.011864588046721
1382 4.011864588046721
1383 4.011864588046721
1384 4.011864588046721
1385 3.6343212919548282
1386 3.6343212919548282
1387 3.6343212919548282
1388 3.6343212919548282
1389 3.6343212919548282
1390 3.0170220802564254
1391 3.0170220802564254
1392 3.0170220802564254
1393 3.0170220802564254
1394 3.0170220802564254
1395 2.2866398176562024
1396 2.2866398176562024
1397 2.2866398176562024
1398 2.2866398176562024
1399 2.2866398176562024
1400 4.065783853811369
1401 4.065783853811369
1402 4.065783853811369
1403 4.065783853811369
1404 4.065783853811369
1405 4.33722735695304
1406 4.33722735695304
1407 4.33722735695304
1408 4.33722735695304
1409 4.33722735695304
1410 3.951820119075308
1411 3.951820119075308
1412 3.951820119075308
1413 3.951820119075308
1414 3.951820119075308
1415 3.7314281722645894
1416 3.7314281722645894
1417 3.7314281722645894
1418 3.7314281722645894
1419 3.7314281722645894
1420 4.2070331431403085
1421 4.2070331431403085
1422 4.2070331431403085
1423 4.2070331431403085
1424 4.2070331431403085
1425 3.559527795009601
1426 3.559527795009601
1427 3.559527795009601
1428 3.559527795009601
1429 3.559527795009601
1430 4.051481929414231
1431 4.051481929414231
1432 4.051481929414231
1433 4.051481929414231
1434 4.051481929414231
1435 3.724826303360623
1436 3.724826303360623
1437 3.724826303360623
1438 3.724826303360623
1439 3.724826303360623
1440 2.9739699641304838
1441 2.9739699641304838
1442 2.9739699641304838
1443 2.9739699641304838
1444 2.9739699641304838
1445 2.954063058872935
1446 2.954063058872935
1447 2.954063058872935
1448 2.954063058872935
1449 2.954063058872935
1450 3.0171440467708286
1451 3.0171440467708286
1452 3.0171440467708286
1453 3.0171440467708286
1454 3.0171440467708286
1455 2.373991010569924
1456 2.373991010569924
1457 2.373991010569924
1458 2.373991010569924
1459 2.373991010569924
1460 3.4415450191522785
1461 3.4415450191522785
1462 3.4415450191522785
1463 3.4415450191522785
1464 3.4415450191522785
1465 2.617358112607972
1466 2.617358112607972
1467 2.617358112607972
1468 2.617358112607972
1469 2.617358112607972
1470 3.001047048683903
1471 3.001047048683903
1472 3.001047048683903
1473 3.001047048683903
1474 3.001047048683903
1475 4.182777083614865
1476 4.182777083614865
1477 4.182777083614865
1478 4.182777083614865
1479 4.182777083614865
1480 3.0831106730146063
1481 3.0831106730146063
1482 3.0831106730146063
1483 3.0831106730146063
1484 3.0831106730146063
1485 3.3590505122153416
1486 3.3590505122153416
1487 3.3590505122153416
1488 3.3590505122153416
1489 3.3590505122153416
1490 4.269262782681895
1491 4.269262782681895
1492 4.269262782681895
1493 4.269262782681895
1494 4.269262782681895
1495 3.57028262037084
1496 3.57028262037084
1497 3.57028262037084
1498 3.57028262037084
1499 3.57028262037084
1500 3.483128786028387
1501 3.483128786028387
1502 3.483128786028387
1503 3.483128786028387
1504 3.483128786028387
1505 3.099226633109254
1506 3.099226633109254
1507 3.099226633109254
1508 3.099226633109254
1509 3.099226633109254
1510 3.864783346946489
1511 3.864783346946489
1512 3.864783346946489
1513 3.864783346946489
1514 3.864783346946489
1515 3.966454222803032
1516 3.966454222803032
1517 3.966454222803032
1518 3.966454222803032
1519 3.966454222803032
1520 3.8996423150158783
1521 3.8996423150158783
1522 3.8996423150158783
1523 3.8996423150158783
1524 3.8996423150158783
1525 4.182566500689526
1526 4.182566500689526
1527 4.182566500689526
1528 4.182566500689526
1529 4.182566500689526
1530 2.9442491750009605
1531 2.9442491750009605
1532 2.9442491750009605
1533 2.9442491750009605
1534 2.9442491750009605
1535 2.9109670949411375
1536 2.9109670949411375
1537 2.9109670949411375
1538 2.9109670949411375
1539 2.9109670949411375
1540 3.8751008593929765
1541 3.8751008593929765
1542 3.8751008593929765
1543 3.8751008593929765
1544 3.8751008593929765
1545 2.948455587890133
1546 2.948455587890133
1547 2.948455587890133
1548 2.948455587890133
1549 2.948455587890133
1550 3.0697750969908046
1551 3.0697750969908046
1552 3.0697750969908046
1553 3.0697750969908046
1554 3.0697750969908046
1555 3.45495759706412
1556 3.45495759706412
1557 3.45495759706412
1558 3.45495759706412
1559 3.45495759706412
1560 2.986617109606125
1561 2.986617109606125
1562 2.986617109606125
1563 2.986617109606125
1564 2.986617109606125
1565 4.085282826007954
1566 4.085282826007954
1567 4.085282826007954
1568 4.085282826007954
1569 4.085282826007954
1570 3.9724153287151327
1571 3.9724153287151327
1572 3.9724153287151327
1573 3.9724153287151327
1574 3.9724153287151327
1575 3.6426433848882374
1576 3.6426433848882374
1577 3.6426433848882374
1578 3.6426433848882374
1579 3.6426433848882374
1580 2.233306677687417
1581 2.233306677687417
1582 2.233306677687417
1583 2.233306677687417
1584 2.233306677687417
1585 2.901491131667881
1586 2.901491131667881
1587 2.901491131667881
1588 2.901491131667881
1589 2.901491131667881
1590 2.7407583079029587
1591 2.7407583079029587
1592 2.7407583079029587
1593 2.7407583079029587
1594 2.7407583079029587
1595 2.546733523016087
1596 2.546733523016087
1597 2.546733523016087
1598 2.546733523016087
1599 2.546733523016087
1600 4.088924108025915
1601 4.088924108025915
1602 4.088924108025915
1603 4.088924108025915
1604 4.088924108025915
1605 3.414734096691835
1606 3.414734096691835
1607 3.414734096691835
1608 3.414734096691835
1609 3.414734096691835
1610 3.0233869438955336
1611 3.0233869438955336
1612 3.0233869438955336
1613 3.0233869438955336
1614 3.0233869438955336
1615 4.016267216234011
1616 4.016267216234011
1617 4.016267216234011
1618 4.016267216234011
1619 4.016267216234011
1620 3.6862598862108746
1621 3.6862598862108746
1622 3.6862598862108746
1623 3.6862598862108746
1624 3.6862598862108746
1625 4.0601815705065185
1626 4.0601815705065185
1627 4.0601815705065185
1628 4.0601815705065185
1629 4.0601815705065185
1630 2.4350327017181232
1631 2.4350327017181232
1632 2.4350327017181232
1633 2.4350327017181232
1634 2.4350327017181232
1635 3.834302618526471
1636 3.834302618526471
1637 3.834302618526471
1638 3.834302618526471
1639 3.834302618526471
1640 4.725884369970947
1641 4.725884369970947
1642 4.725884369970947
1643 4.725884369970947
1644 4.725884369970947
1645 2.8461477798859627
1646 2.8461477798859627
1647 2.8461477798859627
1648 2.8461477798859627
1649 2.8461477798859627
1650 1.8576651039056942
1651 1.8576651039056942
1652 1.8576651039056942
1653 1.8576651039056942
1654 1.8576651039056942
1655 3.4347088391268237
1656 3.4347088391268237
1657 3.4347088391268237
1658 3.4347088391268237
1659 3.4347088391268237
1660 3.9306942716638287
1661 3.9306942716638287
1662 3.9306942716638287
1663 3.9306942716638287
1664 3.9306942716638287
1665 3.4310255074703155
1666 3.4310255074703155
1667 3.4310255074703155
1668 3.4310255074703155
1669 3.4310255074703155
1670 4.2380157466826365
1671 4.2380157466826365
1672 4.2380157466826365
1673 4.2380157466826365
1674 4.2380157466826365
1675 2.8110996486423367
1676 2.8110996486423367
1677 2.8110996486423367
1678 2.8110996486423367
1679 2.8110996486423367
1680 3.400643830874536
1681 3.400643830874536
1682 3.400643830874536
1683 3.400643830874536
1684 3.400643830874536
1685 3.0344342656209173
1686 3.0344342656209173
1687 3.0344342656209173
1688 3.0344342656209173
1689 3.0344342656209173
1690 3.9954534494174556
1691 3.9954534494174556
1692 3.9954534494174556
1693 3.9954534494174556
1694 3.9954534494174556
1695 3.742614119380101
1696 3.742614119380101
1697 3.742614119380101
1698 3.742614119380101
1699 3.742614119380101
1700 4.408427098062926
1701 4.408427098062926
1702 4.408427098062926
1703 4.408427098062926
1704 4.408427098062926
1705 4.006708387972707
1706 4.006708387972707
1707 4.006708387972707
1708 4.006708387972707
1709 4.006708387972707
1710 3.8692542616315326
1711 3.8692542616315326
1712 3.8692542616315326
1713 3.8692542616315326
1714 3.8692542616315326
1715 3.8809888155548853
1716 3.8809888155548853
1717 3.8809888155548853
1718 3.8809888155548853
1719 3.8809888155548853
1720 2.1171736732751563
1721 2.1171736732751563
1722 2.1171736732751563
1723 2.1171736732751563
1724 2.1171736732751563
1725 4.256971880128049
1726 4.256971880128049
1727 4.256971880128049
1728 4.256971880128049
1729 4.256971880128049
1730 3.1107773025121923
1731 3.1107773025121923
1732 3.1107773025121923
1733 3.1107773025121923
1734 3.1107773025121923
1735 3.223748422798646
1736 3.223748422798646
1737 3.223748422798646
1738 3.223748422798646
1739 3.223748422798646
1740 3.4453590360986923
1741 3.4453590360986923
1742 3.4453590360986923
1743 3.4453590360986923
1744 3.4453590360986923
1745 3.2205445860208153
1746 3.2205445860208153
1747 3.2205445860208153
1748 3.2205445860208153
1749 3.2205445860208153
1750 4.117265274592798
1751 4.117265274592798
1752 4.117265274592798
1753 4.117265274592798
1754 4.117265274592798
1755 4.363264331166797
1756 4.363264331166797
1757 4.363264331166797
1758 4.363264331166797
1759 4.363264331166797
1760 3.5606020537427967
1761 3.5606020537427967
1762 3.5606020537427967
1763 3.5606020537427967
1764 3.5606020537427967
1765 4.643557923297146
1766 4.643557923297146
1767 4.643557923297146
1768 4.643557923297146
1769 4.643557923297146
1770 3.1262077360421423
1771 3.1262077360421423
1772 3.1262077360421423
1773 3.1262077360421423
1774 3.1262077360421423
1775 3.0514106658015185
1776 3.0514106658015185
1777 3.0514106658015185
1778 3.0514106658015185
1779 3.0514106658015185
1780 3.3496539687785747
1781 3.3496539687785747
1782 3.3496539687785747
1783 3.3496539687785747
1784 3.3496539687785747
1785 3.0750200928502123
1786 3.0750200928502123
1787 3.0750200928502123
1788 3.0750200928502123
1789 3.0750200928502123
1790 3.0316124675080824
1791 3.0316124675080824
1792 3.0316124675080824
1793 3.0316124675080824
1794 3.0316124675080824
1795 2.6134084730943927
1796 2.6134084730943927
1797 2.6134084730943927
1798 2.6134084730943927
1799 2.6134084730943927
1800 2.9636597571730188
1801 2.9636597571730188
1802 2.9636597571730188
1803 2.9636597571730188
1804 2.9636597571730188
1805 2.2386408691183393
1806 2.2386408691183393
1807 2.2386408691183393
1808 2.2386408691183393
1809 2.2386408691183393
1810 4.262698993681717
1811 4.262698993681717
1812 4.262698993681717
1813 4.262698993681717
1814 4.262698993681717
1815 4.326825435914758
1816 4.326825435914758
1817 4.326825435914758
1818 4.326825435914758
1819 4.326825435914758
1820 4.654450631334193
1821 4.654450631334193
1822 4.654450631334193
1823 4.654450631334193
1824 4.654450631334193
1825 4.133611936833537
1826 4.133611936833537
1827 4.133611936833537
1828 4.133611936833537
1829 4.133611936833537
1830 3.630975928651731
1831 3.630975928651731
1832 3.630975928651731
1833 3.630975928651731
1834 3.630975928651731
1835 3.3137710018857276
1836 3.3137710018857276
1837 3.3137710018857276
1838 3.3137710018857276
1839 3.3137710018857276
1840 3.5887624533199975
1841 3.5887624533199975
1842 3.5887624533199975
1843 3.5887624533199975
1844 3.5887624533199975
1845 4.120934366603416
1846 4.120934366603416
1847 4.120934366603416
1848 4.120934366603416
1849 4.120934366603416
1850 1.6036387249517279
1851 1.6036387249517279
1852 1.6036387249517279
1853 1.6036387249517279
1854 1.6036387249517279
1855 1.7470928514839603
1856 1.7470928514839603
1857 1.7470928514839603
1858 1.7470928514839603
1859 1.7470928514839603
1860 1.4525557884098677
1861 1.4525557884098677
1862 1.4525557884098677
1863 1.4525557884098677
1864 1.4525557884098677
1865 1.4316704141403334
1866 1.4316704141403334
1867 1.4316704141403334
1868 1.4316704141403334
1869 1.4316704141403334
1870 2.0057533138193313
1871 2.0057533138193313
1872 2.0057533138193313
1873 2.0057533138193313
1874 2.0057533138193313
1875 1.8574579607213362
1876 1.8574579607213362
1877 1.8574579607213362
1878 1.8574579607213362
1879 1.8574579607213362
1880 1.3102471298048237
1881 1.3102471298048237
1882 1.3102471298048237
1883 1.3102471298048237
1884 1.3102471298048237
1885 1.2274920892330596
1886 1.2274920892330596
1887 1.2274920892330596
1888 1.2274920892330596
1889 1.2274920892330596
1890 0.788933232232394
1891 0.788933232232394
1892 0.788933232232394
1893 0.788933232232394
1894 0.788933232232394
1895 1.2585290850701512
1896 1.2585290850701512
1897 1.2585290850701512
1898 1.2585290850701512
1899 1.2585290850701512
1900 1.4973330800310332
1901 1.4973330800310332
1902 1.4973330800310332
1903 1.4973330800310332
1904 1.4973330800310332
1905 1.6043283680247522
1906 1.6043283680247522
1907 1.6043283680247522
1908 1.6043283680247522
1909 1.6043283680247522
1910 1.3325911148636655
1911 1.3325911148636655
1912 1.3325911148636655
1913 1.3325911148636655
1914 1.3325911148636655
1915 1.8315940127600252
1916 1.8315940127600252
1917 1.8315940127600252
1918 1.8315940127600252
1919 1.8315940127600252
1920 1.8452519213705905
1921 1.8452519213705905
1922 1.8452519213705905
1923 1.8452519213705905
1924 1.8452519213705905
1925 1.088960659210454
1926 1.088960659210454
1927 1.088960659210454
1928 1.088960659210454
1929 1.088960659210454
1930 1.5824009874425475
1931 1.5824009874425475
1932 1.5824009874425475
1933 1.5824009874425475
1934 1.5824009874425475
1935 2.3018187494688944
1936 2.3018187494688944
1937 2.3018187494688944
1938 2.3018187494688944
1939 2.3018187494688944
1940 1.6056454441169175
1941 1.6056454441169175
1942 1.6056454441169175
1943 1.6056454441169175
1944 1.6056454441169175
1945 1.3926268327755205
1946 1.3926268327755205
1947 1.3926268327755205
1948 1.3926268327755205
1949 1.3926268327755205
1950 1.9591390973793192
1951 1.9591390973793192
1952 1.9591390973793192
1953 1.9591390973793192
1954 1.9591390973793192
1955 1.9424231399025809
1956 1.9424231399025809
1957 1.9424231399025809
1958 1.9424231399025809
1959 1.9424231399025809
1960 1.6462788572061418
1961 1.6462788572061418
1962 1.6462788572061418
1963 1.6462788572061418
1964 1.6462788572061418
1965 1.8853150362740085
1966 1.8853150362740085
1967 1.8853150362740085
1968 1.8853150362740085
1969 1.8853150362740085
1970 0.9063446783253177
1971 0.9063446783253177
1972 0.9063446783253177
1973 0.9063446783253177
1974 0.9063446783253177
1975 1.2921184486569726
1976 1.2921184486569726
1977 1.2921184486569726
1978 1.2921184486569726
1979 1.2921184486569726
1980 1.2241804094582598
1981 1.2241804094582598
1982 1.2241804094582598
1983 1.2241804094582598
1984 1.2241804094582598
1985 1.9886362132527098
1986 1.9886362132527098
1987 1.9886362132527098
1988 1.9886362132527098
1989 1.9886362132527098
1990 1.6530365731781311
1991 1.6530365731781311
1992 1.6530365731781311
1993 1.6530365731781311
1994 1.6530365731781311
1995 1.0284402044413739
1996 1.0284402044413739
1997 1.0284402044413739
1998 1.0284402044413739
1999 1.0284402044413739
