0 3.404854128360219
1 3.404854128360219
2 3.5055474380874543
3 3.5055474380874543
4 4.675833108013176
5 4.675833108013176
6 4.893232464624357
7 4.893232464624357
8 1.927573848345602
9 1.927573848345602
10 2.1787485213172593
11 2.1787485213172593
12 2.8486229359378985
13 2.8486229359378985
14 1.9476858647861879
15 1.9476858647861879
16 2.6052516437797246
17 2.6052516437797246
18 2.746678215106036
19 2.746678215106036
20 2.1827495344631163
21 2.4712671337365633
22 2.4712671337365633
23 1.8164320357834884
24 1.8164320357834884
25 2.22849186594761
26 2.22849186594761
27 1.9074354490588021
28 1.9074354490588021
29 2.2534806394843905
30 2.2534806394843905
31 2.2120296328280307
32 2.2120296328280307
33 1.8106523602748241
34 1.8106523602748241
35 2.059247653813768
36 2.059247653813768
37 1.695738994113983
38 1.695738994113983
39 1.6392313796775313
40 1.6392313796775313
41 1.1660455093285798
42 1.1660455093285798
43 2.7701131362411697
44 2.7701131362411697
45 2.0284361408753466
46 2.0284361408753466
47 1.945762110733172
48 1.945762110733172
49 1.8879036382979886
50 1.8879036382979886
51 1.9994699504046929
52 1.9994699504046929
53 1.1782209771664676
54 1.1782209771664676
55 1.1662553963279543
56 1.1662553963279543
57 1.1917706631989162
58 1.1917706631989162
59 1.1782356562596927
60 1.1782356562596927
61 1.0042813550056173
62 1.0042813550056173
63 0.9309120207150413
64 0.9309120207150413
65 1.0995730873958633
66 1.0995730873958633
67 1.3621912825012923
68 1.3621912825012923
69 0.8838039352472346
70 0.8838039352472346
71 1.314711459120256
72 1.314711459120256
73 1.4233472681885122
74 1.4233472681885122
75 1.159473093197413
76 1.159473093197413
77 1.1595886870773533
78 1.1595886870773533
79 1.1024227686601495
80 1.1024227686601495
81 1.3369154765041076
82 1.3369154765041076
83 1.1675338793475538
84 1.1675338793475538
85 1.0947374678127113
86 1.0947374678127113
87 0.9101831265077283
88 0.9101831265077283
89 1.0079247047449655
90 1.0079247047449655
91 0.7588431284280539
92 0.7588431284280539
93 1.2212883694822227
94 1.2212883694822227
95 1.204990743190984
96 1.204990743190984
97 1.1538413436790689
98 1.1538413436790689
99 1.2821703060960858
100 1.2821703060960858
101 0.9534785774879095
102 0.9534785774879095
103 1.079206843352941
104 1.079206843352941
105 2.87231604822351
106 1.624886878716309
107 1.624886878716309
108 1.6158653041833726
109 1.6158653041833726
110 1.7528656378434428
111 1.7528656378434428
112 1.8247499165568515
113 1.8247499165568515
114 1.9161978423096113
115 1.9161978423096113
116 1.662393915579376
117 1.662393915579376
118 2.4108966863867107
119 2.4108966863867107
120 1.8806287763836351
121 1.8806287763836351
122 2.129114700606368
123 2.129114700606368
124 1.2487193555246496
125 1.2487193555246496
126 2.347004369860553
127 2.347004369860553
128 2.970700111291135
129 2.970700111291135
130 3.631632462671674
131 3.631632462671674
132 3.4440766311942723
133 1.1898021031165955
134 1.1898021031165955
135 1.238548632424937
136 1.238548632424937
137 4.132604256166007
138 4.132604256166007
139 4.331404336323494
140 4.331404336323494
141 3.399145382822974
142 3.399145382822974
143 3.9691595469929704
144 3.9691595469929704
145 4.701693464396226
146 4.701693464396226
147 2.5403511797116014
148 2.5403511797116014
149 4.986169517647236
150 4.986169517647236
151 3.890407555265341
152 3.890407555265341
153 5.109573126565622
154 5.109573126565622
155 3.218324964961541
156 3.218324964961541
157 3.647868903400707
158 3.647868903400707
159 3.2916396010923066
160 3.2916396010923066
161 3.2857652741587664
162 3.2857652741587664
163 2.8534640506320184
164 2.8534640506320184
165 3.0816445107617247
166 3.0816445107617247
167 3.257628487166858
168 3.257628487166858
169 3.9955307992611266
170 3.9955307992611266
171 3.1496691117322335
172 3.1496691117322335
173 3.590923744755773
174 3.590923744755773
175 3.5589539173534446
176 3.5589539173534446
177 5.155774161152152
178 5.155774161152152
179 2.925434973232532
180 2.925434973232532
181 4.012699232497757
182 4.012699232497757
183 4.93547764636161
184 4.93547764636161
185 3.276955580395033
186 3.276955580395033
187 4.14337168173124
188 4.14337168173124
189 4.397419751984375
190 4.397419751984375
191 4.527550802060777
192 4.527550802060777
193 3.4532458696859774
194 3.4532458696859774
195 0.7463421645796547
196 0.7463421645796547
197 0.5581568816327348
198 0.5581568816327348
199 0.8893502998661926
200 0.8893502998661926
201 0.7969635333407583
202 0.7969635333407583
203 0.8412244799177857
204 0.8412244799177857
205 0.6354393143412973
206 0.6354393143412973
207 0.6732439451168254
208 0.6732439451168254
209 0.6784095004179315
210 0.6784095004179315
211 0.7609296333285057
212 0.7609296333285057
213 0.7260563042297604
214 0.7260563042297604
215 0.5787314937885573
216 0.5787314937885573
217 0.6316036301404325
218 0.6316036301404325
219 0.861316746225425
220 0.861316746225425
221 0.5042605361723334
222 0.5042605361723334
223 0.43856206054420754
224 0.43856206054420754
225 0.7419654428067503
226 0.7419654428067503
227 0.7019570109359519
228 0.7019570109359519
229 1.1883050262614359
230 1.1883050262614359
231 1.374833286226694
232 1.374833286226694
233 0.8670720048835295
234 0.8670720048835295
235 1.2395867018035815
236 1.2395867018035815
237 1.204868622572343
238 1.204868622572343
239 1.1075324390288654
240 1.1075324390288654
241 1.6288179328602332
242 1.6288179328602332
243 1.1715897265370647
244 1.1715897265370647
245 0.8176033522612789
246 0.8176033522612789
247 1.1093019756146654
248 1.1093019756146654
249 1.164902509320521
250 1.164902509320521
251 1.4088979818011962
252 1.4088979818011962
253 1.2647882656025875
254 1.2647882656025875
255 1.3599267442525145
256 1.3599267442525145
257 1.1577819255450095
258 1.1577819255450095
259 1.0573806236149028
260 1.0573806236149028
261 3.1390107991047067
262 1.692445420451343
263 1.692445420451343
264 2.436052797275761
265 2.436052797275761
266 1.8712768580205865
267 1.8712768580205865
268 2.579929274946638
269 2.579929274946638
270 2.3000488916142676
271 2.3000488916142676
272 2.7541006964620616
273 2.7541006964620616
274 2.460435911296003
275 2.460435911296003
276 2.7806018429895163
277 2.7806018429895163
278 2.527144182390058
279 2.527144182390058
280 1.914584897248191
281 1.914584897248191
282 3.387246277615547
283 3.387246277615547
284 2.0683135336149423
285 2.0683135336149423
286 2.482558110327177
287 2.482558110327177
288 3.266961695259618
289 3.266961695259618
290 2.5092959001074795
291 2.5092959001074795
292 1.832355417617664
293 1.832355417617664
294 2.2142553952067217
295 2.2142553952067217
296 1.6366161068769107
297 1.6366161068769107
298 2.1468163832415263
299 2.1468163832415263
300 2.200356324294863
301 2.200356324294863
302 2.1887890370635406
303 0.7421149456081177
304 0.7421149456081177
305 0.719330157634503
306 0.719330157634503
307 0.6897749628464718
308 0.6897749628464718
309 0.7329463205468878
310 0.7329463205468878
311 0.7146663826421589
312 0.7146663826421589
313 0.7854312543026558
314 0.7854312543026558
315 0.7064218738663675
316 0.7064218738663675
317 0.7254199364806188
318 0.7254199364806188
319 0.640320217134681
320 0.640320217134681
321 0.5917727932449537
322 0.5917727932449537
323 0.6730582839862651
324 0.6730582839862651
325 0.6103469407564662
326 0.6103469407564662
327 0.6427358218143624
328 0.6427358218143624
329 0.3608074759327776
330 0.3608074759327776
331 0.728919144493908
332 0.728919144493908
333 0.6066620967952021
334 0.6066620967952021
335 0.5890157330320664
336 0.5890157330320664
337 0.5874109867000121
338 0.5874109867000121
339 0.659823867943669
340 0.659823867943669
341 0.6566661550783788
342 0.6566661550783788
343 0.6045335022205334
344 0.6045335022205334
345 0.6461204673718292
346 0.6461204673718292
347 0.5940276949267614
348 0.5940276949267614
349 0.7116004854471503
350 0.7116004854471503
351 0.6630013455514991
352 0.6630013455514991
353 0.6354668888233449
354 0.6354668888233449
355 2.8040952478904755
356 2.8040952478904755
357 3.0130187550879137
358 3.0130187550879137
359 2.9630763073310247
360 2.9630763073310247
361 2.4127098839986396
362 2.4127098839986396
363 1.8397822640809547
364 1.8397822640809547
365 1.765892490306569
366 1.765892490306569
367 2.3891582857489655
368 2.3891582857489655
369 3.0553490655112103
370 3.0553490655112103
371 2.3769316641639957
372 2.3769316641639957
373 2.37298517852735
374 2.37298517852735
375 2.252081956198036
376 2.252081956198036
377 2.2193286173372133
378 2.2193286173372133
379 2.3515646866179614
380 2.3515646866179614
381 2.469089996615645
382 2.469089996615645
383 2.420682262578082
384 2.420682262578082
385 2.783963671844391
386 2.783963671844391
387 3.0161255504359405
388 3.0161255504359405
389 3.3276947165881263
390 3.3276947165881263
391 2.8892771458299062
392 2.8892771458299062
393 2.2069262342159806
394 2.2069262342159806
395 1.9686250781989652
396 1.9686250781989652
397 2.5584182332586165
398 2.5584182332586165
399 2.3338749229963063
400 2.3338749229963063
401 2.804677061027415
402 2.804677061027415
403 2.599922163400215
404 2.599922163400215
405 2.426243180214273
406 2.426243180214273
407 2.5937899481327804
408 2.5937899481327804
409 2.8122024676796746
410 2.8122024676796746
411 2.3145369074674154
412 2.3145369074674154
413 2.408287849402014
414 2.408287849402014
415 2.7102276658696143
416 2.7102276658696143
417 2.610020376980041
418 2.610020376980041
419 3.0615372203327973
420 3.0615372203327973
421 1.4988726620923685
422 1.4988726620923685
423 1.950089843955957
424 1.950089843955957
425 2.5479657691238535
426 2.5479657691238535
427 2.1942832492772486
428 2.1942832492772486
429 2.902273096688197
430 2.902273096688197
431 2.2302621296101948
432 2.2302621296101948
433 2.9638177171684266
434 2.9638177171684266
435 2.5337605826798115
436 2.5337605826798115
437 2.5056374769432552
438 2.5056374769432552
439 2.992222425355655
440 2.992222425355655
441 2.866597632576908
442 2.866597632576908
443 2.619655743127569
444 2.619655743127569
445 2.836564657414252
446 1.9061535814447255
447 1.9061535814447255
448 1.6658362618810372
449 0.6541799214684729
450 0.6541799214684729
451 0.5668413808186001
452 0.5668413808186001
453 0.6849713804820822
454 0.6849713804820822
455 0.6882566696386353
456 0.6882566696386353
457 0.6789903783402312
458 0.6789903783402312
459 1.3711183340073505
460 1.3711183340073505
461 1.5237017051315185
462 1.5237017051315185
463 1.56415997425546
464 1.56415997425546
465 2.1816956013857167
466 2.1816956013857167
467 1.4068195125361456
468 1.4068195125361456
469 1.3318076683369622
470 1.3318076683369622
471 1.8101390344083237
472 1.8101390344083237
473 1.8012828491091726
474 1.8012828491091726
475 1.0751360975594553
476 1.0751360975594553
477 1.3284063445577974
478 1.3284063445577974
479 1.7068771704489656
480 1.7068771704489656
481 1.7282109257620013
482 1.7282109257620013
483 1.851630597879769
484 1.851630597879769
485 2.865566220055061
486 2.865566220055061
487 2.9416857892908217
488 2.9416857892908217
489 2.570132374142384
490 2.570132374142384
491 2.174314753247746
492 2.174314753247746
493 2.924716342927862
494 2.924716342927862
495 3.272406469998508
496 3.272406469998508
497 2.925685700302419
498 2.925685700302419
499 2.789662864768467
500 2.789662864768467
501 3.2984827303811257
502 3.2984827303811257
503 3.17052472677466
504 3.17052472677466
505 3.2038282757882968
506 3.2038282757882968
507 2.748302941465807
508 2.748302941465807
509 3.109715463692116
510 3.109715463692116
511 2.699085483465544
512 2.699085483465544
513 3.2530317543253524
514 3.2530317543253524
515 2.9507867483254744
516 2.9507867483254744
517 3.3075360436109857
518 3.3075360436109857
519 3.0572182990798877
520 3.0572182990798877
521 3.5639850327109373
522 3.5639850327109373
523 2.5806429784605944
524 2.5806429784605944
525 3.3488828462215663
526 3.3488828462215663
527 3.354867488597743
528 3.354867488597743
529 2.6694049994566087
530 2.6694049994566087
531 4.061503202079416
532 4.061503202079416
533 3.660713057457907
534 3.660713057457907
535 3.321690312450694
536 3.321690312450694
537 3.225838753699218
538 3.225838753699218
539 2.7154300486037584
540 2.7154300486037584
541 2.2411705220507128
542 2.2411705220507128
543 2.2734682479886086
544 2.2734682479886086
545 3.0160052538771223
546 3.0160052538771223
547 2.9734176612664247
548 2.9734176612664247
549 4.556654232346673
550 4.556654232346673
551 6.221475895023223
552 6.221475895023223
553 4.5304772147738825
554 4.5304772147738825
555 5.1345044102428
556 5.1345044102428
557 3.560150628564064
558 3.560150628564064
559 4.091934560138491
560 4.091934560138491
561 6.514276395664609
562 6.514276395664609
563 4.347769210276814
564 4.347769210276814
565 3.2636521707918615
566 3.2636521707918615
567 4.297006137839011
568 4.297006137839011
569 3.2212568241368844
570 3.2212568241368844
571 4.625261299489315
572 2.17680876817031
573 2.17680876817031
574 2.8991309456779097
575 2.8991309456779097
576 2.3115576286791697
577 2.3115576286791697
578 3.0602670824612055
579 3.0602670824612055
580 1.920147966249943
581 1.920147966249943
582 3.47781773738618
583 3.47781773738618
584 2.9120965070309364
585 2.9120965070309364
586 3.310231439747307
587 3.310231439747307
588 3.182494510229684
589 3.182494510229684
590 2.428823084481491
591 2.428823084481491
592 2.914798008340211
593 2.914798008340211
594 2.704782165655381
595 2.704782165655381
596 2.2241302859060625
597 2.2241302859060625
598 3.0893240442004206
599 3.0893240442004206
600 1.6373228606908918
601 1.6373228606908918
602 3.1056943924919165
603 3.1056943924919165
604 3.2480717630997735
605 3.2480717630997735
606 0.603696090321102
607 0.603696090321102
608 0.6127671939232306
609 0.6127671939232306
610 0.6516739633833165
611 0.6516739633833165
612 0.7476844180257747
613 0.7476844180257747
614 0.8378401518629909
615 0.8378401518629909
616 0.7299770781772512
617 0.7299770781772512
618 0.6352433562530351
619 0.6352433562530351
620 0.5142348877257368
621 0.5142348877257368
622 0.6487445983326063
623 0.6487445983326063
624 0.5466455615175575
625 0.5466455615175575
626 0.647241597762306
627 0.647241597762306
628 0.6028895180805548
629 0.6028895180805548
630 0.5233033172109722
631 0.5233033172109722
632 0.7150932202875557
633 0.7150932202875557
634 0.5190676633462471
635 0.5190676633462471
636 0.6358266220165083
637 0.6358266220165083
638 0.7229971677437916
639 0.7229971677437916
640 0.6611633871928703
641 0.6611633871928703
642 0.4888314145107851
643 0.4888314145107851
644 0.7226256826900278
645 0.7226256826900278
646 0.5336302996570181
647 0.5336302996570181
648 0.5814127574965876
649 0.5814127574965876
650 0.7426795974176119
651 0.7426795974176119
652 0.6742417817352314
653 0.6742417817352314
654 0.6446428050954403
655 0.6446428050954403
656 0.6370306247670281
657 0.6370306247670281
658 0.45365439898226645
659 0.45365439898226645
660 0.5574120732319267
661 0.5574120732319267
662 0.6345611215743804
663 0.6345611215743804
664 0.4946803928504136
665 0.4946803928504136
666 0.5218515225532849
667 0.5218515225532849
668 0.6620573710875197
669 0.6620573710875197
670 0.6949780814579017
671 0.6949780814579017
672 0.7543416396797107
673 0.7543416396797107
674 0.6972289409377009
675 0.6972289409377009
676 0.5327429717205903
677 0.5327429717205903
678 0.6578630084473996
679 0.6578630084473996
680 0.6938882304533714
681 0.6938882304533714
682 0.6823453125171707
683 0.6823453125171707
684 0.8279377923916991
685 0.8279377923916991
686 0.7495310276527948
687 0.7495310276527948
688 0.5743153001949439
689 0.5743153001949439
690 0.36153450072596777
691 0.36153450072596777
692 0.48900671791340533
693 0.48900671791340533
694 0.665338946041814
695 0.665338946041814
696 0.6139382772652414
697 0.6139382772652414
698 0.553325940610852
699 0.553325940610852
700 0.6397858867740002
701 0.6397858867740002
702 0.5904129107095626
703 0.5904129107095626
704 0.7296677753590043
705 0.7296677753590043
706 0.5499614261153614
707 0.5499614261153614
708 0.5129085674181139
709 0.5129085674181139
710 0.3216942314297999
711 0.3216942314297999
712 0.6925258295224097
713 0.6925258295224097
714 0.8161678050907971
715 0.8161678050907971
716 0.799059735149022
717 3.0795492174687085
718 3.0795492174687085
719 3.3700195909832615
720 3.3700195909832615
721 3.971017812130241
722 3.971017812130241
723 2.81554158484816
724 2.81554158484816
725 2.8180363987915
726 2.8180363987915
727 2.978837553659642
728 2.978837553659642
729 2.425520841866318
730 2.425520841866318
731 2.7867610023552043
732 2.7867610023552043
733 3.2332967443470233
734 3.2332967443470233
735 2.983003268257882
736 2.983003268257882
737 2.4928575351424023
738 2.4928575351424023
739 3.0569584382708728
740 3.0569584382708728
741 2.5555969498407496
742 2.5555969498407496
743 3.0258691197654572
744 3.0258691197654572
745 3.5194440139472323
746 3.5194440139472323
747 3.50230712991804
748 3.50230712991804
749 2.4278411166252156
750 2.4278411166252156
751 3.383763117354975
752 3.383763117354975
753 2.829791282970817
754 2.829791282970817
755 3.750248863965072
756 3.750248863965072
757 2.972556146655749
758 2.972556146655749
759 2.285972661661797
760 2.285972661661797
761 3.3555385932309783
762 3.3555385932309783
763 3.321642256339049
764 3.321642256339049
765 4.039590424499527
766 4.039590424499527
767 2.722185693540745
768 2.722185693540745
769 3.8285671466024636
770 3.8285671466024636
771 4.101372738540673
772 4.101372738540673
773 3.2882760549931986
774 3.2882760549931986
775 2.8982778174707584
776 2.8982778174707584
777 3.1114303844021802
778 3.1114303844021802
779 2.8035444212359177
780 2.8035444212359177
781 3.3787592499407277
782 3.3787592499407277
783 3.334112017593463
784 3.334112017593463
785 3.2860744158155732
786 3.2860744158155732
787 4.47458061878528
788 4.47458061878528
789 3.6363319326169647
790 3.6363319326169647
791 3.985390225876472
792 3.985390225876472
793 3.5929513074988297
794 3.5929513074988297
795 3.005855069478143
796 1.3518216019358826
797 1.3518216019358826
798 2.5137357340845314
799 2.5137357340845314
800 1.984322739666442
801 1.984322739666442
802 2.1108430104401954
803 2.1108430104401954
804 2.576555428708228
805 2.576555428708228
806 2.41166267480867
807 2.41166267480867
808 2.0007679565011225
809 2.0007679565011225
810 2.0888050845653323
811 2.0888050845653323
812 2.6805339486596984
813 2.6805339486596984
814 1.0938506970792532
815 1.0938506970792532
816 2.02416477119361
817 2.02416477119361
818 1.6075906875736559
819 1.6075906875736559
820 2.483844712603044
821 2.483844712603044
822 1.7142192198972963
823 1.7142192198972963
824 2.5302847705852756
825 2.5302847705852756
826 1.2318350806794696
827 1.2318350806794696
828 1.806363366543689
829 1.806363366543689
830 2.2750511067601606
831 2.2750511067601606
832 2.221133345322947
833 2.221133345322947
834 2.2110910754055966
835 2.2110910754055966
836 1.7542377615115703
837 1.7542377615115703
838 2.12626668554536
839 2.12626668554536
840 1.9700638980306928
841 1.9700638980306928
842 2.050551465517418
843 2.050551465517418
844 1.9021618393252884
845 1.9021618393252884
846 1.7109489418257227
847 1.7109489418257227
848 1.8550266700067288
849 1.8550266700067288
850 2.2016324011098356
851 2.2016324011098356
852 2.1004127954660547
853 2.1004127954660547
854 2.7317431373433854
855 2.7317431373433854
856 2.343468067203037
857 2.343468067203037
858 1.4904569088000048
859 1.4904569088000048
860 1.663334807224336
861 1.663334807224336
862 1.972991031842897
863 1.972991031842897
864 2.109765321651703
865 2.109765321651703
866 2.4228695100309485
867 2.4228695100309485
868 1.7406097352797192
869 1.7406097352797192
870 2.6274984713902216
871 2.6274984713902216
872 2.209362681461619
873 2.209362681461619
874 1.9402008717858807
875 1.9402008717858807
876 1.470198961262363
877 1.470198961262363
878 2.712312490427892
879 2.712312490427892
880 1.4661120406414638
881 1.4661120406414638
882 0.559547301799387
883 0.559547301799387
884 0.6186455711864925
885 0.6186455711864925
886 0.621005706050843
887 0.621005706050843
888 0.663766156436827
889 0.663766156436827
890 0.5898215884916338
891 0.5898215884916338
892 0.6100009064185453
893 0.6100009064185453
894 0.7457111665516253
895 0.7457111665516253
896 0.48219738712474536
897 0.48219738712474536
898 0.6087384537307953
899 0.6087384537307953
900 0.5537564472997849
901 0.5537564472997849
902 0.6634347841470309
903 0.6634347841470309
904 0.621405433251259
905 0.621405433251259
906 0.5525523583405074
907 0.5525523583405074
908 0.5562023001978053
909 0.5562023001978053
910 0.609805490396042
911 0.609805490396042
912 0.6534776508988408
913 0.6534776508988408
914 0.6619653946669047
915 0.6619653946669047
916 0.4935097273427662
917 0.4935097273427662
918 0.6078515963588983
919 0.6078515963588983
920 0.8699301211418893
921 0.8699301211418893
922 0.6226455852626039
923 0.6226455852626039
924 0.6157547045093349
925 0.6157547045093349
926 0.6478468551238172
927 0.6478468551238172
928 0.6572880305212585
929 0.6572880305212585
930 0.7203599897622027
931 0.7203599897622027
932 0.609841661173366
933 0.609841661173366
934 0.6427603984231952
935 0.6427603984231952
936 0.707842944179762
937 0.707842944179762
938 0.5694852167732136
939 0.5694852167732136
940 0.6823150015454276
941 0.6823150015454276
942 0.7508331316835009
943 0.7508331316835009
944 0.6223168888445921
945 0.6223168888445921
946 0.7791358809515301
947 0.7791358809515301
948 0.5103185293173784
949 0.5103185293173784
950 0.6143930982874367
951 0.6143930982874367
952 0.6240695991828114
953 0.6240695991828114
954 0.766112370077598
955 0.766112370077598
956 0.657804288613152
957 0.657804288613152
958 0.8179588863686273
959 0.8179588863686273
960 0.6825549574507753
961 0.6825549574507753
962 2.3832624592038405
963 2.3832624592038405
964 3.068455299659097
965 3.068455299659097
966 2.581797976676214
967 2.581797976676214
968 2.579235044892361
969 2.579235044892361
970 1.4546405864253795
971 1.4546405864253795
972 2.343754088557694
973 2.343754088557694
974 2.950433263567724
975 2.950433263567724
976 3.158221983931168
977 3.158221983931168
978 3.1609974056217065
979 3.1609974056217065
980 2.9954777707103624
981 2.9954777707103624
982 2.51828832503222
983 2.51828832503222
984 3.3785542318843285
985 3.3785542318843285
986 2.4511831557334776
987 2.4511831557334776
988 3.200249434158533
989 3.200249434158533
990 3.162894361107097
991 3.162894361107097
992 2.93605420214996
993 2.93605420214996
994 3.7523618656122215
995 3.7523618656122215
996 3.0825322026090785
997 3.0825322026090785
998 2.3500585505575593
999 2.3500585505575593
1000 3.3003391362000545
1001 3.3003391362000545
1002 2.5573489967100307
1003 1.2839251230122137
1004 1.2839251230122137
1005 1.2160726275334963
1006 1.2160726275334963
1007 0.9703007394860875
1008 0.9703007394860875
1009 0.6317446170329326
1010 0.6317446170329326
1011 1.4974996538603098
1012 1.4974996538603098
1013 1.1753612606293173
1014 1.1753612606293173
1015 1.2245207095839261
1016 1.2245207095839261
1017 1.1389690091602767
1018 1.1389690091602767
1019 1.337739621799513
1020 1.337739621799513
1021 1.2247299590773457
1022 0.748314338190139
1023 0.748314338190139
1024 0.7163536830080397
1025 0.7163536830080397
1026 0.606095808116259
1027 0.606095808116259
1028 0.8042260135163115
1029 0.8042260135163115
1030 0.9166180494943941
1031 0.9166180494943941
1032 0.7379524336547892
1033 0.7379524336547892
1034 0.621876597197909
1035 0.621876597197909
1036 0.5703796098528359
1037 0.5703796098528359
1038 0.6972972938045255
1039 0.6972972938045255
1040 0.48111419595167737
1041 0.48111419595167737
1042 0.7323469369365154
1043 0.7323469369365154
1044 0.6931646767435021
1045 0.6931646767435021
1046 0.5480102421434297
1047 0.5480102421434297
1048 0.6822469632142781
1049 0.6822469632142781
1050 0.4334848437750921
1051 0.4334848437750921
1052 0.6992051923419582
1053 0.6992051923419582
1054 0.7432965425815671
1055 0.7432965425815671
1056 0.46429903686049534
1057 0.46429903686049534
1058 0.7250883182975942
1059 0.7250883182975942
1060 0.783680039918377
1061 0.783680039918377
1062 0.7551742248989842
1063 0.7551742248989842
1064 0.5315753858135696
1065 0.5315753858135696
1066 0.6412662750367102
1067 0.6412662750367102
1068 0.5215969510517947
1069 0.5215969510517947
1070 0.7134286480598918
1071 0.7134286480598918
1072 0.7954773030084585
1073 0.7954773030084585
1074 0.4472858300069551
1075 0.4472858300069551
1076 0.7781625425328417
1077 0.7781625425328417
1078 0.5747331346670224
1079 0.5747331346670224
1080 0.650822740686571
1081 0.650822740686571
1082 0.646013938312174
1083 0.646013938312174
1084 0.4819564820701785
1085 0.4819564820701785
1086 0.5365556170281591
1087 0.5365556170281591
1088 0.6229864740906895
1089 0.6229864740906895
1090 0.5741368816781104
1091 0.5741368816781104
1092 0.6790158012969152
1093 0.6790158012969152
1094 0.6872367120229689
1095 0.6872367120229689
1096 0.6413871826721725
1097 0.6413871826721725
1098 0.822472718060466
1099 0.822472718060466
1100 0.6019231758650745
1101 0.6019231758650745
1102 0.8287199760867032
1103 0.8287199760867032
1104 0.49453253430605754
1105 0.49453253430605754
1106 0.4138030244525136
1107 0.4138030244525136
1108 0.7719578963324495
1109 0.7719578963324495
1110 0.5018392284328645
1111 0.5018392284328645
1112 0.7010572383993721
1113 0.7010572383993721
1114 0.8051385744442985
1115 0.8051385744442985
1116 0.599266903005853
1117 0.599266903005853
1118 0.7721348123438573
1119 2.6766906295154507
1120 2.6766906295154507
1121 2.9100048003249226
1122 2.9100048003249226
1123 2.398436559351892
1124 2.398436559351892
1125 2.7808347549614174
1126 2.7808347549614174
1127 3.1138533639378747
1128 3.1138533639378747
1129 2.3694187902270176
1130 2.3694187902270176
1131 3.3873439613242304
1132 3.3873439613242304
1133 3.322372324165142
1134 3.322372324165142
1135 3.377292476484742
1136 3.377292476484742
1137 3.013371862157036
1138 3.013371862157036
1139 2.2485635524947463
1140 2.2485635524947463
1141 2.4534687223424094
1142 2.4534687223424094
1143 3.318421750838562
1144 3.318421750838562
1145 2.508899788776591
1146 2.508899788776591
1147 2.2142831925257758
1148 2.2142831925257758
1149 2.4128828176296664
1150 2.4128828176296664
1151 2.6386835822629315
1152 2.6386835822629315
1153 1.5060547818711236
1154 1.5060547818711236
1155 2.7209760951422224
1156 2.7209760951422224
1157 2.395519594752411
1158 2.395519594752411
1159 2.109300209581585
1160 2.109300209581585
1161 2.160979146028466
1162 2.160979146028466
1163 2.4634668093794083
1164 2.4634668093794083
1165 2.4707570548018993
1166 2.4707570548018993
1167 2.2075334979086856
1168 2.2075334979086856
1169 2.5038654882120106
1170 2.5038654882120106
1171 1.990879670200097
1172 1.990879670200097
1173 3.1633557697099195
1174 3.1633557697099195
1175 2.556295654606588
1176 2.556295654606588
1177 2.253113557624632
1178 2.253113557624632
1179 3.0476235527351347
1180 3.0476235527351347
1181 2.1891868717377068
1182 2.1891868717377068
1183 2.761025958340854
1184 2.761025958340854
1185 3.101103677627222
1186 3.101103677627222
1187 2.4777902576910997
1188 2.4777902576910997
1189 3.4832103354067234
1190 3.4832103354067234
1191 3.3374550543017447
1192 3.3374550543017447
1193 2.73337683239297
1194 2.73337683239297
1195 2.208620550060824
1196 2.208620550060824
1197 2.0016033621776597
1198 2.0016033621776597
1199 2.119489854481612
1200 2.119489854481612
1201 1.803477441649686
1202 1.803477441649686
1203 2.595604229759826
1204 2.595604229759826
1205 2.1782619401955263
1206 2.1782619401955263
1207 2.2533786508883646
1208 2.2533786508883646
1209 1.9642331405478115
1210 1.9642331405478115
1211 3.0793258706775153
1212 3.0793258706775153
1213 2.573049094383051
1214 2.573049094383051
1215 3.6707530441152647
1216 3.6707530441152647
1217 2.776146135340275
1218 2.776146135340275
1219 1.8922455493904788
1220 1.8922455493904788
1221 2.47826471795655
1222 2.47826471795655
1223 2.902478752995005
1224 2.902478752995005
1225 0.610059728326078
1226 0.610059728326078
1227 0.767793093589364
1228 0.767793093589364
1229 0.4071429588713965
1230 0.4071429588713965
1231 0.6771646502789339
1232 0.6771646502789339
1233 0.5775211967871052
1234 0.5775211967871052
1235 0.6115984620145429
1236 0.6115984620145429
1237 0.7656634041674882
1238 0.7656634041674882
1239 0.7015536284793655
1240 0.7015536284793655
1241 0.772869313948626
1242 0.772869313948626
1243 0.5446662797625916
1244 0.5446662797625916
1245 0.6819465469735396
1246 0.6819465469735396
1247 0.9154597431644044
1248 0.9154597431644044
1249 0.4916103732997855
1250 0.4916103732997855
1251 0.6413452932595508
1252 0.6413452932595508
1253 0.6996901297774317
1254 0.6996901297774317
1255 0.6749297201702049
1256 0.6749297201702049
1257 0.682094664532326
1258 0.682094664532326
1259 0.5639658979174462
1260 0.5639658979174462
1261 0.6862765200216326
1262 0.6862765200216326
1263 0.7720491947068528
1264 0.7720491947068528
1265 0.775252831558425
1266 0.775252831558425
1267 0.4334058539003768
1268 0.4334058539003768
1269 0.6000588952966259
1270 0.6000588952966259
1271 0.7172841998050385
1272 0.7172841998050385
1273 0.7836624183055103
1274 0.7836624183055103
1275 0.9869338229895831
1276 0.9869338229895831
1277 0.4052274388337787
1278 0.4052274388337787
1279 0.7730873188553689
1280 0.7730873188553689
1281 0.7649109047838851
1282 0.7649109047838851
1283 0.5600748290427827
1284 0.5600748290427827
1285 0.3383123281425076
1286 0.3383123281425076
1287 0.4303939480642148
1288 0.4303939480642148
1289 0.6294719000826654
1290 0.6294719000826654
1291 0.7523217803003315
1292 0.7523217803003315
1293 0.536048486455445
1294 0.536048486455445
1295 0.6447597745655749
1296 0.6447597745655749
1297 0.5134541646987218
1298 0.5134541646987218
1299 0.6618393531151382
1300 0.6618393531151382
1301 0.6690855568426017
1302 0.6690855568426017
1303 0.7230159672172275
1304 0.7230159672172275
1305 0.782920979765301
1306 0.782920979765301
1307 0.7116192887981914
1308 0.7116192887981914
1309 0.6511101796685775
1310 0.6511101796685775
1311 0.5351182733071859
1312 0.5351182733071859
1313 0.688797866981873
1314 0.688797866981873
1315 0.7535759201277635
1316 0.7535759201277635
1317 0.6134879854155043
1318 0.6134879854155043
1319 0.5638568359582088
1320 0.5638568359582088
1321 0.7562044008847747
1322 0.7562044008847747
1323 0.6148901359350397
1324 0.6148901359350397
1325 0.6915669807901528
1326 0.6915669807901528
1327 0.5205550461070887
1328 0.5205550461070887
1329 0.6573312871009792
1330 0.6573312871009792
1331 0.7536559262669378
1332 2.834380466440746
1333 2.834380466440746
1334 2.187029757016988
1335 2.187029757016988
1336 3.329523886658091
1337 3.329523886658091
1338 1.9624150027675997
1339 1.9624150027675997
1340 2.783563766663587
1341 2.783563766663587
1342 2.8458818253559364
1343 2.8458818253559364
1344 2.0795754736720182
1345 2.0795754736720182
1346 3.1924163675574366
1347 3.1924163675574366
1348 3.883348362151866
1349 3.883348362151866
1350 3.103224161152313
1351 3.103224161152313
1352 2.870437798578393
1353 2.870437798578393
1354 2.2696959154058454
1355 2.2696959154058454
1356 1.5747660937928394
1357 3.809468929647499
1358 3.809468929647499
1359 4.518666081018301
1360 4.518666081018301
1361 3.609047822000852
1362 3.609047822000852
1363 3.191940654526309
1364 3.191940654526309
1365 4.329662926112775
1366 4.329662926112775
1367 4.552835439716017
1368 4.552835439716017
1369 5.102788449103004
1370 5.102788449103004
1371 4.0942825703068335
1372 4.0942825703068335
1373 0.5648403852400947
1374 0.5648403852400947
1375 0.4186970609070807
1376 0.4186970609070807
1377 0.7370022952001724
1378 0.7370022952001724
1379 0.6796020745593246
1380 0.6796020745593246
1381 0.5801471465339572
1382 0.5801471465339572
1383 0.6900468790100078
1384 0.6900468790100078
1385 0.6358255720353776
1386 0.6358255720353776
1387 0.7825900974532265
1388 0.7825900974532265
1389 0.7822191877699527
1390 0.7822191877699527
1391 0.5902941297274951
1392 0.5902941297274951
1393 0.8806690228447156
1394 0.8806690228447156
1395 0.3878478245660962
1396 0.3878478245660962
1397 0.44665912912283845
1398 0.44665912912283845
1399 0.4919915707005099
1400 0.4919915707005099
1401 0.5770817887173004
1402 0.5770817887173004
1403 0.6218840301345032
1404 0.6218840301345032
1405 0.6501813760523607
1406 0.6501813760523607
1407 0.7184888644189872
1408 0.7184888644189872
1409 0.7808352394402633
1410 0.7808352394402633
1411 0.37996933487926143
1412 0.37996933487926143
1413 0.735614105283573
1414 0.735614105283573
1415 0.5558125137010249
1416 0.5558125137010249
1417 0.7431081642030771
1418 0.7431081642030771
1419 0.693360241032309
1420 0.693360241032309
1421 0.6820660182887549
1422 0.6820660182887549
1423 0.744778868561373
1424 0.744778868561373
1425 0.7815688922463483
1426 0.7815688922463483
1427 0.45057904980272306
1428 0.45057904980272306
1429 0.4666652831333882
1430 0.4666652831333882
1431 0.9365825109838444
1432 0.9365825109838444
1433 0.6011855477372108
1434 0.6011855477372108
1435 0.46856476025658983
1436 0.46856476025658983
1437 0.6072783373589747
1438 0.6072783373589747
1439 0.5913974865367739
1440 0.5913974865367739
1441 0.41405736309789587
1442 0.41405736309789587
1443 0.5563190032538625
1444 0.5563190032538625
1445 0.4530814239610238
1446 0.4530814239610238
1447 0.690714594019414
1448 0.690714594019414
1449 0.6570902828153685
1450 0.6570902828153685
1451 0.4851201790354731
1452 0.4851201790354731
1453 0.6322653465397042
1454 0.6322653465397042
1455 0.36012175610460767
1456 0.36012175610460767
1457 0.4604680611840646
1458 0.4604680611840646
1459 0.7063248910847011
1460 0.7063248910847011
1461 0.6657314721411516
1462 0.6657314721411516
1463 0.7860721965296318
1464 0.7860721965296318
1465 0.6904933482968434
1466 0.6904933482968434
1467 0.5640336252921141
1468 0.5640336252921141
1469 0.678870278913723
1470 0.678870278913723
1471 0.7419696172331933
1472 0.7419696172331933
1473 0.7672419131719159
1474 0.7672419131719159
1475 0.776852658278601
1476 0.776852658278601
1477 0.6354004565848947
1478 0.6354004565848947
1479 0.7301769934919083
1480 0.7301769934919083
1481 0.617162551124084
1482 0.617162551124084
1483 0.8736389851732651
1484 0.8736389851732651
1485 0.6834105317781389
1486 0.6834105317781389
1487 0.7432057428711698
1488 0.7432057428711698
1489 0.6702712237098324
1490 0.6702712237098324
1491 0.5695041350764054
1492 2.557293615257026
1493 2.557293615257026
1494 3.821288455400617
1495 3.821288455400617
1496 2.769939986397924
1497 2.769939986397924
1498 3.145642397231055
1499 3.145642397231055
1500 3.297472915177947
1501 3.297472915177947
1502 2.8889768473003663
1503 2.8889768473003663
1504 3.172690064595285
1505 3.172690064595285
1506 2.709670339076155
1507 2.709670339076155
1508 3.371492751451658
1509 3.371492751451658
1510 2.3739910020367203
1511 2.3739910020367203
1512 1.879023033554867
1513 1.879023033554867
1514 2.3500448110021632
1515 2.3500448110021632
1516 3.2723867956515025
1517 0.647672602415691
1518 0.647672602415691
1519 0.5798345048376986
1520 0.5798345048376986
1521 3.408191051935371
1522 3.408191051935371
1523 3.173252256694695
1524 3.173252256694695
1525 3.5584700213172598
1526 3.5584700213172598
1527 3.1068591025138277
1528 3.1068591025138277
1529 2.928314593329461
1530 2.928314593329461
1531 4.221559177325088
1532 4.221559177325088
1533 3.122044114180204
1534 3.122044114180204
1535 3.083633612267929
1536 3.083633612267929
1537 4.345603644310206
1538 4.345603644310206
1539 4.274331492544982
1540 4.274331492544982
1541 3.929223298792368
1542 3.929223298792368
1543 4.775763974398192
1544 4.775763974398192
1545 4.961224479350462
1546 4.961224479350462
1547 3.523478607372003
1548 3.523478607372003
1549 4.239348511543755
1550 4.239348511543755
1551 4.1517439232283575
1552 4.1517439232283575
1553 4.119345464329763
1554 4.119345464329763
1555 3.9501769203485697
1556 3.9501769203485697
1557 4.356539031289545
1558 4.356539031289545
1559 3.928709396604496
1560 3.928709396604496
1561 3.994282789891097
1562 3.994282789891097
1563 3.8955744940585433
1564 3.8955744940585433
1565 2.5548075248748807
1566 2.5548075248748807
1567 3.97981972326203
1568 3.97981972326203
1569 3.745005579610511
1570 3.745005579610511
1571 2.1906912875849063
1572 2.1906912875849063
1573 4.449565205243743
1574 4.449565205243743
1575 3.1014090854772207
1576 3.1014090854772207
1577 3.945737522327088
1578 3.945737522327088
1579 3.662373822983826
1580 3.662373822983826
1581 4.14245457643936
1582 4.14245457643936
1583 1.8804272269830162
1584 1.8804272269830162
1585 4.983360011320785
1586 4.983360011320785
1587 4.198326552687488
1588 4.198326552687488
1589 3.6738457340107975
1590 3.6738457340107975
1591 2.9333627160636038
1592 2.9333627160636038
1593 4.5667038370617705
1594 4.5667038370617705
1595 3.2645174168670072
1596 3.2645174168670072
1597 5.260142107528747
1598 5.260142107528747
1599 3.56038147042512
1600 3.56038147042512
1601 4.528662201686563
1602 4.528662201686563
1603 3.688633428329899
1604 3.688633428329899
1605 3.8664855386900157
1606 3.8664855386900157
1607 3.372606658738214
1608 3.372606658738214
1609 4.375099492439174
1610 4.375099492439174
1611 3.3104985038494124
1612 3.3104985038494124
1613 3.8359075229203334
1614 3.994554662936006
1615 3.994554662936006
1616 4.063523998235241
1617 4.063523998235241
1618 3.437623858592266
1619 3.437623858592266
1620 3.483528838106629
1621 3.483528838106629
1622 3.553593680985294
1623 3.553593680985294
1624 4.228649935087854
1625 4.228649935087854
1626 3.1058310685397448
1627 3.1058310685397448
1628 4.26703323516913
1629 4.26703323516913
1630 2.378398650611374
1631 2.378398650611374
1632 2.339130399137232
1633 2.339130399137232
1634 2.6167033116813907
1635 2.6167033116813907
1636 2.4573712749739127
1637 2.4573712749739127
1638 2.209684363848495
1639 2.209684363848495
1640 2.283030078358366
1641 2.283030078358366
1642 2.421071751952113
1643 2.421071751952113
1644 2.818301611217303
1645 2.818301611217303
1646 2.868273764746678
1647 2.868273764746678
1648 2.6741862820352083
1649 2.6741862820352083
1650 2.341421450720677
1651 2.341421450720677
1652 1.8886139540018492
1653 1.8886139540018492
1654 2.8524484522536966
1655 2.8524484522536966
1656 3.2759643597749397
1657 3.2759643597749397
1658 2.6871744501872343
1659 2.6871744501872343
1660 2.5990695324420328
1661 2.5990695324420328
1662 2.284549126503395
1663 2.284549126503395
1664 2.8381966651230934
1665 2.8381966651230934
1666 2.4271465394728144
1667 2.4271465394728144
1668 2.904081882253609
1669 2.904081882253609
1670 2.646422594433147
1671 2.646422594433147
1672 2.3836772249157554
1673 2.3836772249157554
1674 2.4168522054499726
1675 2.4168522054499726
1676 2.2654469434033784
1677 2.2654469434033784
1678 2.1620670837925315
1679 2.1620670837925315
1680 2.292450494381937
1681 2.292450494381937
1682 2.1756938271317203
1683 2.1756938271317203
1684 3.7558896416213914
1685 3.7558896416213914
1686 2.2254457389988858
1687 2.2254457389988858
1688 2.5736026533150373
1689 2.5736026533150373
1690 2.41474978669081
1691 2.41474978669081
1692 2.537877305448331
1693 2.537877305448331
1694 1.9843327064194785
1695 1.9843327064194785
1696 2.6374191263893474
1697 2.6374191263893474
1698 2.877750109510551
1699 2.877750109510551
1700 2.5035464044584135
1701 2.5035464044584135
1702 2.0025046984685866
1703 2.0025046984685866
1704 2.8193416297263494
1705 2.8193416297263494
1706 2.310262795741208
1707 2.310262795741208
1708 2.2546199138183507
1709 2.2546199138183507
1710 2.7702982669654075
1711 2.7702982669654075
1712 2.532999665635589
1713 2.532999665635589
1714 3.0354856589003023
1715 3.0354856589003023
1716 1.4660810346111937
1717 1.4660810346111937
1718 2.5184731225082264
1719 2.5184731225082264
1720 3.0046611367933274
1721 3.0046611367933274
1722 2.6380811582506394
1723 2.6380811582506394
1724 2.499482446968674
1725 2.499482446968674
1726 2.191207178526786
1727 2.191207178526786
1728 1.976692530744685
1729 1.976692530744685
1730 2.662855978343727
1731 2.662855978343727
1732 2.144828572562161
1733 2.144828572562161
1734 3.233694916413269
1735 3.233694916413269
1736 2.3034150785342686
1737 2.3034150785342686
1738 2.8153149333963623
1739 2.8153149333963623
1740 2.3534001812908696
1741 2.3534001812908696
1742 2.1263045651563193
1743 2.1263045651563193
1744 3.0739229219963335
1745 3.0739229219963335
1746 2.1082012080332504
1747 2.1082012080332504
1748 3.311095504776091
1749 3.311095504776091
1750 1.9041360617815926
1751 1.9041360617815926
1752 2.4423609391234393
1753 2.4423609391234393
1754 2.548731375972693
1755 2.548731375972693
1756 1.4964758979360486
1757 1.4964758979360486
1758 2.2668418392703504
1759 2.2668418392703504
1760 1.878531904183323
1761 1.878531904183323
1762 2.5784997782339802
1763 2.5784997782339802
1764 2.1147520470739756
1765 2.1147520470739756
1766 2.6398350410673057
1767 2.6398350410673057
1768 2.079077927068794
1769 2.079077927068794
1770 2.8952124542957085
1771 2.8952124542957085
1772 2.4435259182003874
1773 2.4435259182003874
1774 2.150381657916116
1775 2.150381657916116
1776 2.3084621899103213
1777 2.3084621899103213
1778 2.0783790196247907
1779 2.0783790196247907
1780 2.561871600395451
1781 2.561871600395451
1782 2.2886425169612514
1783 2.2886425169612514
1784 2.9903672062304225
1785 2.9903672062304225
1786 2.0893430625799247
1787 2.0893430625799247
1788 2.4771531972055674
1789 2.4771531972055674
1790 2.7065931510056327
1791 2.7065931510056327
1792 2.403454180165996
1793 2.403454180165996
1794 2.891961666864368
1795 2.891961666864368
1796 2.5854392231719965
1797 2.5854392231719965
1798 2.991167423192053
1799 2.991167423192053
1800 2.6964083850501823
1801 2.6964083850501823
1802 2.7756296254546657
1803 2.7756296254546657
1804 3.017529854550214
1805 3.017529854550214
1806 2.93390660495608
1807 2.93390660495608
1808 2.747531757791402
1809 0.3713297459331846
1810 0.3713297459331846
1811 0.6517266626298726
1812 0.6517266626298726
1813 0.7226278090377511
1814 0.7226278090377511
1815 0.7646380554510807
1816 0.7646380554510807
1817 0.6644271879221906
1818 0.6644271879221906
1819 0.7764136368734215
1820 0.7764136368734215
1821 0.8284311849692891
1822 0.8284311849692891
1823 0.7475061236264188
1824 0.7475061236264188
1825 0.9646860326014262
1826 0.9646860326014262
1827 0.619568320364856
1828 0.619568320364856
1829 0.6824969856707135
1830 0.6824969856707135
1831 0.7755688712010782
1832 0.7755688712010782
1833 0.769449282045006
1834 0.769449282045006
1835 0.6606653183519479
1836 0.6606653183519479
1837 0.39310344325202873
1838 0.39310344325202873
1839 0.819766132800592
1840 0.819766132800592
1841 1.00008165805209
1842 1.00008165805209
1843 0.5709173188499365
1844 0.5709173188499365
1845 0.7101330092305171
1846 0.7101330092305171
1847 0.5705993044538176
1848 0.5705993044538176
1849 0.7040535350911125
1850 2.2192772375891936
1851 2.2192772375891936
1852 3.5012553961315778
1853 3.5012553961315778
1854 2.6479964302859202
1855 2.6479964302859202
1856 3.1032923460142907
1857 3.1032923460142907
1858 1.2496069850150902
1859 1.2496069850150902
1860 2.3962452392257085
1861 2.3962452392257085
1862 2.7654078882377795
1863 2.7654078882377795
1864 2.573359737627918
1865 2.573359737627918
1866 3.1807557556806074
1867 3.1807557556806074
1868 2.991901523699427
1869 2.991901523699427
1870 3.317602333731616
1871 3.317602333731616
1872 2.612982583275305
1873 2.612982583275305
1874 3.4749062039942435
1875 3.4749062039942435
1876 3.3070263995227447
1877 3.3070263995227447
1878 3.4077916510522144
1879 3.4077916510522144
1880 2.3080382924345395
1881 2.3080382924345395
1882 2.0347346476388566
1883 2.0347346476388566
1884 3.1938860126240516
1885 3.1938860126240516
1886 2.7819821773614355
1887 2.7819821773614355
1888 3.640098545088088
1889 3.640098545088088
1890 6.6799054502768165
1891 6.6799054502768165
1892 5.075843861863891
1893 5.075843861863891
1894 4.167097694773961
1895 4.167097694773961
1896 4.993176831493199
1897 4.993176831493199
1898 3.8937912799267274
1899 3.8937912799267274
1900 4.4047519321878195
1901 4.4047519321878195
1902 4.35569154772259
1903 4.35569154772259
1904 4.6438727968337945
1905 4.6438727968337945
1906 3.508905792140591
1907 3.508905792140591
1908 5.580786626153873
1909 5.580786626153873
1910 4.163598612734651
1911 4.163598612734651
1912 4.1230963330886885
1913 4.1230963330886885
1914 4.111170266823927
1915 2.0543837889212715
1916 2.0543837889212715
1917 2.6928071022997355
1918 2.6928071022997355
1919 2.605812398344467
1920 2.605812398344467
1921 2.5954609850738137
1922 2.5954609850738137
1923 2.8355057578335012
1924 2.8355057578335012
1925 2.0310745692507317
1926 2.0310745692507317
1927 2.718291405005172
1928 2.718291405005172
1929 1.8518337794829702
1930 1.8518337794829702
1931 2.1194277354587263
1932 2.1194277354587263
1933 2.2253274908781346
1934 2.2253274908781346
1935 2.1154537994367693
1936 2.1154537994367693
1937 2.058059066555071
1938 2.058059066555071
1939 2.1779410395283634
1940 2.1779410395283634
1941 2.694824517761197
1942 2.694824517761197
1943 2.0876189694996423
1944 2.0876189694996423
1945 1.8274745676150297
1946 1.8274745676150297
1947 1.98127094917386
1948 1.98127094917386
1949 1.708579336898504
1950 1.708579336898504
1951 2.2357012797735045
1952 2.2357012797735045
1953 1.6006968702364224
1954 1.6006968702364224
1955 2.1646755131377526
1956 2.1646755131377526
1957 2.124549905181385
1958 2.124549905181385
1959 1.6920668082014159
1960 1.6920668082014159
1961 2.2635711927846502
1962 2.2635711927846502
1963 2.5634012262416745
1964 2.5634012262416745
1965 2.8393698483202017
1966 2.8393698483202017
1967 1.7503596943463344
1968 1.7503596943463344
1969 2.501923933980708
1970 2.501923933980708
1971 1.3458378709636318
1972 1.3458378709636318
1973 1.7506803628361651
1974 1.7506803628361651
1975 2.0926363594965327
1976 2.0926363594965327
1977 2.090944815070622
1978 2.090944815070622
1979 1.2252730929537874
1980 1.2252730929537874
1981 2.4898306828202355
1982 2.4898306828202355
1983 1.7034237332671907
1984 1.7034237332671907
1985 1.856822893777836
1986 1.856822893777836
1987 1.7978597228010054
1988 1.7978597228010054
1989 2.2889543547953886
1990 2.2889543547953886
1991 2.1610342603939148
1992 2.1610342603939148
1993 1.9766145653899572
1994 1.9766145653899572
1995 1.5396136580175939
1996 1.5396136580175939
1997 1.8521664058766174
1998 1.8521664058766174
1999 1.897412378881473
