0 0.8493254467864866
1 0.8493254467864866
2 0.8493254467864866
3 0.7677395142866711
4 0.7677395142866711
5 0.7677395142866711
6 0.5042042201313521
7 0.5042042201313521
8 0.5042042201313521
9 0.5179817827748767
10 1.399586122601776
11 1.399586122601776
12 1.399586122601776
13 1.3732758664057323
14 1.3732758664057323
15 1.3732758664057323
16 0.7454267667007455
17 0.7454267667007455
18 0.7454267667007455
19 2.1527010953203285
20 2.1527010953203285
21 2.1527010953203285
22 1.8751716511054366
23 1.8751716511054366
24 1.8751716511054366
25 0.8859616264758221
26 0.8859616264758221
27 0.8859616264758221
28 0.8771523480458124
29 0.8771523480458124
30 0.8771523480458124
31 2.4819688215345166
32 2.4819688215345166
33 2.4819688215345166
34 2.6695807814023516
35 2.6695807814023516
36 2.6695807814023516
37 2.291912640047806
38 2.291912640047806
39 2.291912640047806
40 1.9380866310700051
41 1.9380866310700051
42 1.9380866310700051
43 1.179207492119627
44 1.179207492119627
45 1.179207492119627
46 1.5452052090466974
47 1.5452052090466974
48 1.5452052090466974
49 1.8919833572580758
50 1.8919833572580758
51 1.8919833572580758
52 2.1775746705916292
53 2.1775746705916292
54 2.1775746705916292
55 0.9927408665519465
56 0.9927408665519465
57 0.9927408665519465
58 1.7516660390871666
59 2.1722377673053317
60 2.1722377673053317
61 2.1722377673053317
62 2.7914903721515625
63 2.7914903721515625
64 2.7914903721515625
65 3.628976685257464
66 3.628976685257464
67 3.628976685257464
68 2.438309489638123
69 2.438309489638123
70 2.438309489638123
71 1.5968689803529825
72 1.5968689803529825
73 1.5968689803529825
74 1.5733404332815963
75 1.5733404332815963
76 1.5733404332815963
77 1.4734467567773706
78 1.4734467567773706
79 1.4734467567773706
80 3.128445883861979
81 3.128445883861979
82 3.128445883861979
83 1.6900318948210469
84 1.6900318948210469
85 1.6900318948210469
86 3.4281959475410995
87 3.4281959475410995
88 3.4281959475410995
89 0.8820843720990716
90 0.8820843720990716
91 0.8820843720990716
92 0.7705370106419525
93 0.7705370106419525
94 0.7705370106419525
95 4.120405189309271
96 4.120405189309271
97 4.120405189309271
98 1.993031601248119
99 1.993031601248119
100 1.993031601248119
101 3.5963285208794398
102 3.5963285208794398
103 3.5963285208794398
104 2.218616473451938
105 2.218616473451938
106 2.218616473451938
107 4.350994727989994
108 4.350994727989994
109 4.350994727989994
110 2.4395366632073423
111 2.4395366632073423
112 2.4395366632073423
113 2.6759975000775165
114 2.6759975000775165
115 2.6759975000775165
116 2.1396136851849636
117 2.1396136851849636
118 2.1396136851849636
119 0.988444185815206
120 0.988444185815206
121 0.988444185815206
122 2.0083642653750355
123 2.0083642653750355
124 2.0083642653750355
125 3.451476947683063
126 3.451476947683063
127 3.451476947683063
128 2.1017327647051216
129 2.1017327647051216
130 2.1017327647051216
131 2.4553263905076252
132 2.4553263905076252
133 2.4553263905076252
134 1.9237123257233857
135 1.9237123257233857
136 1.9237123257233857
137 4.677644329655308
138 4.677644329655308
139 4.677644329655308
140 3.7701701291070795
141 3.7701701291070795
142 3.7701701291070795
143 3.477385880998918
144 3.477385880998918
145 3.477385880998918
146 1.2515975584789008
147 1.2515975584789008
148 1.2515975584789008
149 0.9551522775233434
150 0.9551522775233434
151 0.9551522775233434
152 3.681245256345097
153 3.681245256345097
154 3.681245256345097
155 1.0113927596322332
156 1.0113927596322332
157 1.0113927596322332
158 2.930591665202239
159 2.930591665202239
160 2.930591665202239
161 1.8979281090030151
162 1.8979281090030151
163 1.8979281090030151
164 2.0726868220390577
165 2.0726868220390577
166 2.0726868220390577
167 2.265093527109868
168 2.265093527109868
169 2.265093527109868
170 0.1
171 0.1
172 0.1
173 1.296820245062221
174 1.296820245062221
175 1.296820245062221
176 1.7291436833681773
177 1.7291436833681773
178 1.7291436833681773
179 1.8315251196559044
180 1.8315251196559044
181 1.8315251196559044
182 1.5858870539699808
183 1.5858870539699808
184 1.5858870539699808
185 1.7751803461031872
186 1.7751803461031872
187 1.7751803461031872
188 1.3773981853296955
189 1.3773981853296955
190 1.3773981853296955
191 0.9877215195323783
192 0.9877215195323783
193 0.9877215195323783
194 2.6735610610829457
195 2.6735610610829457
196 2.6735610610829457
197 1.7878438216463215
198 1.7878438216463215
199 1.7878438216463215
200 4.505062624120109
201 4.505062624120109
202 4.505062624120109
203 2.846447261551749
204 2.846447261551749
205 2.846447261551749
206 0.9029589800230955
207 0.9029589800230955
208 0.9029589800230955
209 3.168665708592991
210 3.168665708592991
211 3.168665708592991
212 0.9416566805608639
213 0.9416566805608639
214 0.9416566805608639
215 2.402188397800689
216 2.402188397800689
217 2.402188397800689
218 2.892263670026111
219 2.892263670026111
220 2.892263670026111
221 2.615935866417724
222 2.615935866417724
223 2.615935866417724
224 1.5580465505767012
225 1.5580465505767012
226 1.5580465505767012
227 2.7386590455292517
228 2.7386590455292517
229 2.7386590455292517
230 0.6828636737795948
231 0.6828636737795948
232 0.6828636737795948
233 3.1476895468019412
234 3.1476895468019412
235 3.1476895468019412
236 2.665386369749105
237 2.665386369749105
238 2.665386369749105
239 1.20788823143633
240 1.20788823143633
241 1.20788823143633
242 0.6846538108114268
243 0.6846538108114268
244 0.6846538108114268
245 2.204365251754941
246 2.204365251754941
247 2.204365251754941
248 1.7069124086824186
249 1.7069124086824186
250 1.7069124086824186
251 1.6107060877568247
252 1.6107060877568247
253 1.6107060877568247
254 0.8139745269091498
255 0.7701041453316869
256 0.7701041453316869
257 0.7701041453316869
258 0.1
259 0.1
260 0.1
261 0.8568794258169798
262 0.8568794258169798
263 0.8568794258169798
264 0.5659123631303158
265 0.5659123631303158
266 0.5659123631303158
267 0.4559662111132893
268 0.4559662111132893
269 0.4559662111132893
270 0.1
271 0.1
272 0.1
273 1.0255439083498261
274 1.0255439083498261
275 1.0255439083498261
276 0.34442250499843313
277 0.34442250499843313
278 0.34442250499843313
279 0.314433693680402
280 0.314433693680402
281 0.314433693680402
282 0.3989368544526421
283 0.3989368544526421
284 0.3989368544526421
285 0.9072136813760476
286 0.9072136813760476
287 0.9072136813760476
288 0.35074283132726425
289 0.35074283132726425
290 0.35074283132726425
291 1.2422360146229559
292 1.2422360146229559
293 1.2422360146229559
294 0.43146697706818815
295 0.43146697706818815
296 0.43146697706818815
297 0.7801377829041198
298 1.3673934210105314
299 1.3673934210105314
300 1.3673934210105314
301 2.4134555512081883
302 2.4134555512081883
303 2.4134555512081883
304 3.3058957849412254
305 3.3058957849412254
306 3.3058957849412254
307 3.5958562367777547
308 3.5958562367777547
309 0.8528607184320758
310 0.8528607184320758
311 0.8528607184320758
312 1.780339980814445
313 1.780339980814445
314 1.780339980814445
315 0.5265330663624179
316 0.5265330663624179
317 0.5265330663624179
318 3.7517729915905527
319 3.7517729915905527
320 3.7517729915905527
321 3.127491625295832
322 3.127491625295832
323 3.127491625295832
324 2.742393087195012
325 2.742393087195012
326 2.742393087195012
327 3.7797972811225637
328 3.7797972811225637
329 3.7797972811225637
330 2.2820732080550363
331 2.2820732080550363
332 2.2820732080550363
333 5.285253036483583
334 5.285253036483583
335 5.285253036483583
336 1.8479023157360075
337 1.8479023157360075
338 1.8479023157360075
339 4.796693506132835
340 4.796693506132835
341 4.796693506132835
342 2.771390931993897
343 2.771390931993897
344 2.771390931993897
345 2.7595974916860184
346 2.7595974916860184
347 2.7595974916860184
348 2.9522143525409557
349 2.9522143525409557
350 2.9522143525409557
351 3.6322603217584413
352 3.6322603217584413
353 3.6322603217584413
354 2.561648525626539
355 2.561648525626539
356 2.561648525626539
357 4.922999595136595
358 4.922999595136595
359 4.922999595136595
360 0.9494933688355798
361 0.9494933688355798
362 0.9494933688355798
363 2.97384206071679
364 2.97384206071679
365 1.4929081473099295
366 1.4929081473099295
367 1.4929081473099295
368 0.1
369 0.1
370 0.1
371 3.956531116311847
372 3.956531116311847
373 3.956531116311847
374 0.1
375 0.1
376 0.1
377 4.537354931177396
378 4.537354931177396
379 4.537354931177396
380 2.5297641393940467
381 2.5297641393940467
382 2.5297641393940467
383 4.973550494235508
384 4.973550494235508
385 4.973550494235508
386 0.9340072183076282
387 0.9340072183076282
388 0.9340072183076282
389 1.3216524564205794
390 1.3216524564205794
391 1.3216524564205794
392 0.9635578407934207
393 0.9635578407934207
394 0.9635578407934207
395 1.310256820805978
396 1.310256820805978
397 1.310256820805978
398 0.1
399 0.1
400 0.1
401 0.6443710835670788
402 0.6443710835670788
403 0.6443710835670788
404 1.269238507224652
405 1.269238507224652
406 1.269238507224652
407 2.146341815576517
408 2.146341815576517
409 2.146341815576517
410 0.4803183718132904
411 0.4803183718132904
412 0.4803183718132904
413 1.4442259712388539
414 1.4442259712388539
415 1.4442259712388539
416 0.787886768620148
417 0.787886768620148
418 0.787886768620148
419 0.28685981414563166
420 0.28685981414563166
421 0.28685981414563166
422 0.6031574216013865
423 0.6031574216013865
424 0.6031574216013865
425 0.8603877407604308
426 0.8603877407604308
427 0.8603877407604308
428 0.9947963354281029
429 0.9947963354281029
430 0.9947963354281029
431 0.7679537745007379
432 0.7679537745007379
433 0.7679537745007379
434 1.0491881483136973
435 1.0491881483136973
436 1.0491881483136973
437 1.406510068623305
438 1.406510068623305
439 1.406510068623305
440 1.039970478937788
441 1.039970478937788
442 1.039970478937788
443 0.824168718073935
444 0.824168718073935
445 0.824168718073935
446 1.345092436778178
447 1.345092436778178
448 1.345092436778178
449 1.345881840388551
450 1.345881840388551
451 1.345881840388551
452 0.8685177022926123
453 0.8685177022926123
454 0.8685177022926123
455 0.9025836742618739
456 0.9025836742618739
457 0.9025836742618739
458 1.167666307527518
459 1.167666307527518
460 1.167666307527518
461 1.6996936815175707
462 1.6996936815175707
463 1.6996936815175707
464 1.0535115548082408
465 1.0535115548082408
466 1.0535115548082408
467 0.8527447856874097
468 0.8527447856874097
469 0.8527447856874097
470 1.2111872993232777
471 1.2111872993232777
472 1.2111872993232777
473 1.8354366883877362
474 1.8354366883877362
475 1.8354366883877362
476 0.761122662232216
477 0.761122662232216
478 0.761122662232216
479 1.4944350140842098
480 1.4944350140842098
481 1.4944350140842098
482 1.082836770417675
483 1.082836770417675
484 1.082836770417675
485 0.4332028226671155
486 0.4332028226671155
487 0.4332028226671155
488 1.7398302496726972
489 1.7398302496726972
490 1.7398302496726972
491 0.6932068197355581
492 0.6932068197355581
493 0.6932068197355581
494 1.598341618204375
495 1.598341618204375
496 1.598341618204375
497 1.1318468277324645
498 1.1318468277324645
499 0.3205690403345337
500 0.3205690403345337
501 0.3205690403345337
502 0.9181252902257299
503 0.9181252902257299
504 0.9181252902257299
505 0.5531706596291159
506 0.5531706596291159
507 0.5531706596291159
508 0.6493296665987417
509 0.6493296665987417
510 0.6493296665987417
511 0.27715460012941984
512 0.27715460012941984
513 0.27715460012941984
514 0.9371614437154081
515 0.9371614437154081
516 0.9371614437154081
517 0.3242595367504281
518 0.3242595367504281
519 0.3242595367504281
520 0.9010816790664563
521 0.9010816790664563
522 0.9010816790664563
523 0.5306938695961902
524 0.5306938695961902
525 0.5306938695961902
526 1.0245279227709632
527 1.0245279227709632
528 1.0245279227709632
529 0.1
530 0.1
531 0.1
532 0.5562099253906245
533 0.5562099253906245
534 0.5562099253906245
535 0.6924032247016327
536 0.6924032247016327
537 0.6924032247016327
538 1.0950821122017673
539 1.0950821122017673
540 1.0950821122017673
541 0.5200141230086193
542 0.5200141230086193
543 0.5200141230086193
544 0.26936231947828004
545 0.26936231947828004
546 1.3387097653334692
547 1.3387097653334692
548 1.3387097653334692
549 1.7672823637109318
550 1.7672823637109318
551 1.7672823637109318
552 1.7385188563767897
553 1.7385188563767897
554 1.7385188563767897
555 1.9691893249469392
556 1.9691893249469392
557 1.9691893249469392
558 0.9913594798216833
559 0.9913594798216833
560 0.9913594798216833
561 0.9562308953687785
562 0.9562308953687785
563 0.9562308953687785
564 1.7121439161674543
565 1.7121439161674543
566 1.7121439161674543
567 1.7845257378796735
568 1.7845257378796735
569 1.7845257378796735
570 1.3386574099552329
571 1.3386574099552329
572 1.3386574099552329
573 0.7238298785856935
574 0.7238298785856935
575 0.7238298785856935
576 1.7256897074521438
577 1.7256897074521438
578 1.7256897074521438
579 1.111585262693606
580 1.111585262693606
581 1.111585262693606
582 1.3201151451113695
583 1.3201151451113695
584 1.3201151451113695
585 2.553144685644627
586 2.553144685644627
587 2.553144685644627
588 1.4147200579953967
589 1.4147200579953967
590 1.4147200579953967
591 2.9229936697964476
592 2.9229936697964476
593 2.9229936697964476
594 1.4039325309530204
595 1.4039325309530204
596 1.4039325309530204
597 0.5824571218188561
598 0.5824571218188561
599 0.5824571218188561
600 2.15466982880665
601 2.15466982880665
602 2.15466982880665
603 1.9571099806944645
604 1.9571099806944645
605 1.9571099806944645
606 2.493721166979346
607 2.493721166979346
608 2.493721166979346
609 2.3935653401128207
610 2.3935653401128207
611 2.3935653401128207
612 1.4509268883420596
613 1.4509268883420596
614 1.4509268883420596
615 0.6410990028884597
616 0.6410990028884597
617 0.6410990028884597
618 1.8888227232856256
619 1.8888227232856256
620 1.8888227232856256
621 2.9281599186256235
622 2.9281599186256235
623 2.9281599186256235
624 1.8083724029644717
625 1.8083724029644717
626 1.8083724029644717
627 1.8069185351727959
628 1.8069185351727959
629 1.8069185351727959
630 1.7583542668115624
631 1.7583542668115624
632 1.7583542668115624
633 1.233492617080506
634 1.233492617080506
635 1.233492617080506
636 2.7756017603673335
637 2.7756017603673335
638 2.7756017603673335
639 2.084976506738207
640 2.084976506738207
641 2.084976506738207
642 1.650636318578909
643 1.650636318578909
644 1.650636318578909
645 1.7971545598277516
646 1.7971545598277516
647 1.7971545598277516
648 2.7168661749190712
649 2.7168661749190712
650 2.7168661749190712
651 1.593361401205044
652 1.593361401205044
653 1.593361401205044
654 1.687328026761644
655 1.687328026761644
656 1.687328026761644
657 2.1812086018175507
658 2.1812086018175507
659 2.1812086018175507
660 0.8067857610893738
661 0.8067857610893738
662 3.255222062860398
663 3.255222062860398
664 3.255222062860398
665 0.904640237924015
666 0.904640237924015
667 0.904640237924015
668 1.071861066824587
669 1.071861066824587
670 1.071861066824587
671 2.7639564071055736
672 2.7639564071055736
673 2.7639564071055736
674 2.727987031897695
675 2.727987031897695
676 2.727987031897695
677 0.8419973320754179
678 0.8419973320754179
679 0.8419973320754179
680 0.648292104685015
681 0.648292104685015
682 0.648292104685015
683 2.6588352271440647
684 2.6588352271440647
685 2.6588352271440647
686 0.9481329536498735
687 0.9481329536498735
688 0.9481329536498735
689 1.5993151400112813
690 1.5993151400112813
691 1.5993151400112813
692 1.4730665409311883
693 1.4730665409311883
694 1.4730665409311883
695 2.46121200841154
696 2.46121200841154
697 2.46121200841154
698 3.1791888011082463
699 3.1791888011082463
700 3.1791888011082463
701 1.3973381579512996
702 1.3973381579512996
703 1.3973381579512996
704 1.2334513086027883
705 3.0658909560322036
706 3.0658909560322036
707 3.0658909560322036
708 2.936461199394542
709 2.936461199394542
710 2.936461199394542
711 0.9610167124038327
712 0.9610167124038327
713 0.9610167124038327
714 4.619767919547316
715 4.619767919547316
716 4.619767919547316
717 1.6971264339176129
718 1.6971264339176129
719 1.6971264339176129
720 1.1823993880443724
721 1.1823993880443724
722 1.1823993880443724
723 2.226523174700156
724 2.226523174700156
725 2.226523174700156
726 4.303763702502207
727 4.303763702502207
728 4.303763702502207
729 2.3073653783291395
730 2.3073653783291395
731 2.3073653783291395
732 3.5803603414377014
733 3.5803603414377014
734 3.5803603414377014
735 3.7806826490598064
736 3.7806826490598064
737 3.7806826490598064
738 1.9632950311242143
739 1.9632950311242143
740 1.9632950311242143
741 2.885636476256072
742 2.885636476256072
743 2.885636476256072
744 2.870527608922462
745 2.870527608922462
746 2.870527608922462
747 0.6957037175521381
748 0.6957037175521381
749 0.6957037175521381
750 1.388586270457169
751 1.388586270457169
752 1.388586270457169
753 4.175210798090764
754 4.175210798090764
755 4.175210798090764
756 2.532865526252876
757 2.532865526252876
758 2.532865526252876
759 2.168253367215314
760 2.168253367215314
761 2.168253367215314
762 1.1990074868890561
763 1.1990074868890561
764 1.1990074868890561
765 2.8857695156220475
766 2.8857695156220475
767 2.8857695156220475
768 1.5149675362701922
769 1.5149675362701922
770 0.1
771 0.1
772 0.1
773 3.4609122721219587
774 3.4609122721219587
775 3.4609122721219587
776 3.5186140835965953
777 3.5186140835965953
778 3.5186140835965953
779 3.831999214828637
780 3.831999214828637
781 3.831999214828637
782 2.8482837188233256
783 2.8482837188233256
784 2.0171970885611903
785 2.0171970885611903
786 2.0171970885611903
787 3.7086585153519973
788 3.7086585153519973
789 3.7086585153519973
790 2.579615069513153
791 2.579615069513153
792 2.579615069513153
793 3.7211756563229628
794 3.7211756563229628
795 3.7211756563229628
796 1.2287868693946644
797 1.2287868693946644
798 1.2287868693946644
799 3.92492663266479
800 3.92492663266479
801 3.92492663266479
802 2.34779782687546
803 2.34779782687546
804 2.34779782687546
805 1.7602252841884736
806 1.7602252841884736
807 1.7602252841884736
808 3.3883602846072653
809 3.3883602846072653
810 3.3883602846072653
811 3.844111149719449
812 3.844111149719449
813 3.844111149719449
814 4.63743547078585
815 4.63743547078585
816 4.63743547078585
817 3.607034312534186
818 3.607034312534186
819 3.607034312534186
820 6.171135797640957
821 6.171135797640957
822 6.171135797640957
823 2.968095636974491
824 2.968095636974491
825 2.968095636974491
826 6.579926759530195
827 6.579926759530195
828 6.579926759530195
829 4.3893340611587215
830 4.3893340611587215
831 4.3893340611587215
832 5.929362886846018
833 5.929362886846018
834 5.929362886846018
835 1.7262823019997549
836 1.7262823019997549
837 1.7262823019997549
838 1.2239538368197587
839 2.114835960493249
840 2.114835960493249
841 2.114835960493249
842 0.5848029900469254
843 0.5848029900469254
844 0.5848029900469254
845 2.262985784255633
846 2.262985784255633
847 2.262985784255633
848 2.735716504399484
849 2.735716504399484
850 2.735716504399484
851 0.671752365698473
852 0.671752365698473
853 0.671752365698473
854 3.0992999274942195
855 3.0992999274942195
856 3.0992999274942195
857 2.1219171154662986
858 2.1219171154662986
859 2.1219171154662986
860 0.1
861 0.1
862 0.1
863 1.4264560662906707
864 1.4264560662906707
865 1.4264560662906707
866 1.0112538191019451
867 1.0112538191019451
868 1.0112538191019451
869 3.469128607384705
870 3.469128607384705
871 3.469128607384705
872 2.813672742942938
873 2.813672742942938
874 2.813672742942938
875 2.1298032105651976
876 2.1298032105651976
877 2.1298032105651976
878 2.7514073735142444
879 2.7514073735142444
880 2.7514073735142444
881 0.38347993540676817
882 0.38347993540676817
883 0.38347993540676817
884 1.3272547124376763
885 1.3272547124376763
886 1.3272547124376763
887 1.5268018618510437
888 1.5268018618510437
889 1.5268018618510437
890 1.992085691755156
891 1.992085691755156
892 1.992085691755156
893 1.4415270531087645
894 1.4415270531087645
895 1.4415270531087645
896 3.2893694847685473
897 3.2893694847685473
898 3.2893694847685473
899 1.0479523346991306
900 1.0479523346991306
901 1.0479523346991306
902 0.8614936547080378
903 0.8614936547080378
904 0.8614936547080378
905 3.9996548090837596
906 3.9996548090837596
907 3.9996548090837596
908 5.804831871769171
909 5.804831871769171
910 5.804831871769171
911 2.668951067960783
912 2.668951067960783
913 2.668951067960783
914 1.7212215971817326
915 1.7212215971817326
916 1.7212215971817326
917 3.1490819198147246
918 3.1490819198147246
919 3.1490819198147246
920 2.6665806167121726
921 2.6665806167121726
922 2.6665806167121726
923 6.013244985690793
924 6.013244985690793
925 6.013244985690793
926 5.044572682262119
927 5.044572682262119
928 5.044572682262119
929 4.929533825590772
930 4.929533825590772
931 4.929533825590772
932 6.086694076058928
933 6.086694076058928
934 6.086694076058928
935 2.6522771300963313
936 2.6522771300963313
937 1.6720489136293242
938 1.6720489136293242
939 1.6720489136293242
940 0.9798267771507442
941 0.9798267771507442
942 0.9798267771507442
943 1.083451908301233
944 1.083451908301233
945 1.083451908301233
946 2.6279745059911197
947 2.6279745059911197
948 2.6279745059911197
949 1.566351911188869
950 1.566351911188869
951 1.566351911188869
952 0.9539023737385394
953 0.9539023737385394
954 0.9539023737385394
955 1.6679094763049713
956 1.6679094763049713
957 1.6679094763049713
958 2.289054917421244
959 2.289054917421244
960 4.026298336196126
961 4.026298336196126
962 4.026298336196126
963 5.008531285820575
964 5.008531285820575
965 5.008531285820575
966 1.7576790988112612
967 1.7576790988112612
968 1.7576790988112612
969 6.985988506208706
970 6.985988506208706
971 6.985988506208706
972 2.6108673278133225
973 2.6108673278133225
974 2.6108673278133225
975 0.29342854518739836
976 0.29342854518739836
977 0.30346804923455317
978 0.30346804923455317
979 0.30346804923455317
980 1.649397558185238
981 1.649397558185238
982 1.649397558185238
983 0.5571569408323871
984 0.5571569408323871
985 0.5571569408323871
986 0.8862653504602256
987 0.8862653504602256
988 0.8862653504602256
989 0.5090826925541356
990 0.5090826925541356
991 0.5090826925541356
992 1.2603950102467467
993 1.2603950102467467
994 1.2603950102467467
995 0.2862934169992052
996 0.2862934169992052
997 0.2862934169992052
998 0.13935187573167093
999 0.13935187573167093
1000 0.13935187573167093
1001 0.2447207985381927
1002 0.2447207985381927
1003 0.2447207985381927
1004 0.23162827914219095
1005 0.23162827914219095
1006 0.23162827914219095
1007 0.19923191674775176
1008 0.19923191674775176
1009 0.19923191674775176
1010 0.16439380382772276
1011 0.16439380382772276
1012 0.16439380382772276
1013 0.2989585724008272
1014 0.2989585724008272
1015 0.2989585724008272
1016 0.2146280613877289
1017 0.2146280613877289
1018 0.2146280613877289
1019 0.25194511302076456
1020 0.25194511302076456
1021 0.25194511302076456
1022 0.2535962039157292
1023 0.2535962039157292
1024 0.2535962039157292
1025 0.1943350719019683
1026 0.1943350719019683
1027 0.1943350719019683
1028 0.27918339972950545
1029 0.27918339972950545
1030 0.27918339972950545
1031 1.477371613659065
1032 1.477371613659065
1033 1.477371613659065
1034 0.9812848569832566
1035 0.9812848569832566
1036 0.9812848569832566
1037 1.3850299911629707
1038 1.3850299911629707
1039 1.3850299911629707
1040 1.2825666542575012
1041 1.2825666542575012
1042 1.2825666542575012
1043 1.9151949716813095
1044 1.9151949716813095
1045 1.9151949716813095
1046 3.0665488996324535
1047 3.0665488996324535
1048 3.0665488996324535
1049 1.257381700567913
1050 1.257381700567913
1051 1.257381700567913
1052 1.5287642166768052
1053 1.5287642166768052
1054 1.5287642166768052
1055 0.7568360519360533
1056 0.7568360519360533
1057 0.7568360519360533
1058 2.491108495090029
1059 2.491108495090029
1060 2.491108495090029
1061 3.261136949267917
1062 3.261136949267917
1063 3.261136949267917
1064 3.4069008990299396
1065 3.4069008990299396
1066 3.4069008990299396
1067 2.237399316525611
1068 2.237399316525611
1069 2.237399316525611
1070 3.5993350640103654
1071 3.5993350640103654
1072 3.5993350640103654
1073 3.5278093695982786
1074 3.5278093695982786
1075 3.5278093695982786
1076 4.313929544789976
1077 4.313929544789976
1078 4.313929544789976
1079 4.786103073762907
1080 4.786103073762907
1081 4.786103073762907
1082 2.9599599999195907
1083 2.9599599999195907
1084 2.9599599999195907
1085 2.5111905386787114
1086 2.5111905386787114
1087 2.5111905386787114
1088 4.890931676681507
1089 4.890931676681507
1090 4.890931676681507
1091 5.03287021488233
1092 5.03287021488233
1093 5.03287021488233
1094 3.883998205413034
1095 3.883998205413034
1096 3.883998205413034
1097 0.29845122309448957
1098 0.29845122309448957
1099 0.29845122309448957
1100 5.507136044078261
1101 5.507136044078261
1102 5.507136044078261
1103 1.6270739431828631
1104 1.6270739431828631
1105 1.6270739431828631
1106 4.57187630477064
1107 4.57187630477064
1108 4.57187630477064
1109 3.779165451895373
1110 3.779165451895373
1111 3.779165451895373
1112 5.421938781733256
1113 5.421938781733256
1114 5.421938781733256
1115 5.079078412827035
1116 5.079078412827035
1117 5.079078412827035
1118 6.353101070348112
1119 6.353101070348112
1120 6.353101070348112
1121 2.938490731288745
1122 2.938490731288745
1123 1.668749627296967
1124 1.668749627296967
1125 1.668749627296967
1126 0.7584081565860079
1127 0.7584081565860079
1128 0.7584081565860079
1129 1.3727457645796122
1130 1.3727457645796122
1131 1.3727457645796122
1132 1.5561744536673674
1133 1.5561744536673674
1134 1.5561744536673674
1135 1.352125974544078
1136 1.352125974544078
1137 1.352125974544078
1138 0.6863139858569398
1139 0.6863139858569398
1140 0.6863139858569398
1141 1.1661367261947198
1142 1.1661367261947198
1143 1.1661367261947198
1144 0.10863069263272807
1145 0.10863069263272807
1146 0.10863069263272807
1147 1.441943591111924
1148 1.441943591111924
1149 1.441943591111924
1150 0.1
1151 0.1
1152 0.1
1153 0.1
1154 0.1
1155 0.1
1156 2.54042333503026
1157 2.54042333503026
1158 2.54042333503026
1159 1.3023318516230105
1160 1.3023318516230105
1161 1.3023318516230105
1162 2.447590119976486
1163 2.447590119976486
1164 2.447590119976486
1165 1.8470759915809425
1166 1.8470759915809425
1167 1.8470759915809425
1168 0.8212460690771923
1169 0.8212460690771923
1170 0.8212460690771923
1171 1.4023534255880967
1172 1.4023534255880967
1173 1.4023534255880967
1174 1.8859731171915952
1175 1.8859731171915952
1176 1.8859731171915952
1177 0.3059367119051972
1178 0.3059367119051972
1179 0.3059367119051972
1180 2.169438480551708
1181 2.169438480551708
1182 2.169438480551708
1183 3.0142182592077362
1184 3.0142182592077362
1185 3.0142182592077362
1186 2.234014802496237
1187 2.234014802496237
1188 2.234014802496237
1189 1.4226506793951519
1190 1.4226506793951519
1191 1.4226506793951519
1192 1.2064893524678915
1193 1.2064893524678915
1194 1.2064893524678915
1195 1.6904380195155089
1196 1.6904380195155089
1197 1.6904380195155089
1198 0.44410197352989056
1199 0.44410197352989056
1200 0.44410197352989056
1201 1.2262242068898772
1202 1.2262242068898772
1203 1.2262242068898772
1204 3.0376166655896144
1205 3.0376166655896144
1206 3.0376166655896144
1207 0.7028161089569692
1208 0.7028161089569692
1209 0.7028161089569692
1210 3.916572846394043
1211 3.916572846394043
1212 3.916572846394043
1213 6.2984559630695
1214 6.2984559630695
1215 6.2984559630695
1216 6.639852866534473
1217 6.639852866534473
1218 6.639852866534473
1219 3.0628862410787323
1220 3.0628862410787323
1221 3.0628862410787323
1222 2.538395608533557
1223 2.538395608533557
1224 2.538395608533557
1225 3.477608352545294
1226 3.477608352545294
1227 3.477608352545294
1228 6.289602648680667
1229 6.289602648680667
1230 6.289602648680667
1231 5.60521701028151
1232 5.60521701028151
1233 5.60521701028151
1234 0.887765918391128
1235 1.4225438162186257
1236 1.4225438162186257
1237 1.4225438162186257
1238 1.7923706125666061
1239 1.7923706125666061
1240 1.7923706125666061
1241 1.4138859230765708
1242 1.4138859230765708
1243 1.4138859230765708
1244 0.5247442225954293
1245 0.5247442225954293
1246 0.5247442225954293
1247 0.87524358131497
1248 0.87524358131497
1249 0.87524358131497
1250 1.102612398445207
1251 1.102612398445207
1252 1.102612398445207
1253 0.8424744961561321
1254 0.8424744961561321
1255 0.8424744961561321
1256 1.6118786867258676
1257 1.6118786867258676
1258 1.6118786867258676
1259 1.496977814650167
1260 1.496977814650167
1261 1.496977814650167
1262 2.1132069581132793
1263 2.1132069581132793
1264 2.1132069581132793
1265 0.8153443931668589
1266 0.8153443931668589
1267 0.8153443931668589
1268 0.4534117468597366
1269 0.4534117468597366
1270 0.4534117468597366
1271 0.8981782145384941
1272 0.8981782145384941
1273 0.8981782145384941
1274 0.4166241491067225
1275 0.4166241491067225
1276 0.4166241491067225
1277 1.1272724422806228
1278 1.1272724422806228
1279 1.1272724422806228
1280 0.8182560276328932
1281 0.8182560276328932
1282 0.8182560276328932
1283 1.7664696288695994
1284 1.7664696288695994
1285 1.7664696288695994
1286 1.2936975592711022
1287 1.2936975592711022
1288 1.2936975592711022
1289 0.6962604418863356
1290 0.6962604418863356
1291 0.6962604418863356
1292 0.838825422234782
1293 0.838825422234782
1294 0.838825422234782
1295 0.5686554121004779
1296 0.5686554121004779
1297 0.5686554121004779
1298 1.7215506517216093
1299 1.7215506517216093
1300 1.5631162434037003
1301 1.5631162434037003
1302 1.5631162434037003
1303 2.167121729674994
1304 2.167121729674994
1305 2.167121729674994
1306 0.730197065792827
1307 0.730197065792827
1308 0.730197065792827
1309 2.268458782214665
1310 2.268458782214665
1311 1.9871805294427312
1312 1.9871805294427312
1313 1.9871805294427312
1314 1.2800520720538489
1315 1.2800520720538489
1316 1.2800520720538489
1317 0.1
1318 0.1
1319 0.1
1320 1.6713401888769197
1321 1.6713401888769197
1322 1.6713401888769197
1323 0.5815344088429693
1324 0.5815344088429693
1325 0.5815344088429693
1326 0.42721166682924583
1327 0.42721166682924583
1328 0.42721166682924583
1329 0.9099276718881701
1330 0.9099276718881701
1331 0.9099276718881701
1332 2.7757368461296132
1333 2.7757368461296132
1334 2.7757368461296132
1335 2.1130964641422154
1336 2.1130964641422154
1337 2.1130964641422154
1338 1.7444063774295597
1339 1.7444063774295597
1340 1.7444063774295597
1341 1.0492158626266808
1342 1.0492158626266808
1343 1.0492158626266808
1344 0.6913456496536539
1345 0.6913456496536539
1346 0.6913456496536539
1347 2.2250649510155154
1348 2.2250649510155154
1349 2.2250649510155154
1350 1.1986487868396418
1351 1.1986487868396418
1352 1.1986487868396418
1353 1.383317417241925
1354 1.383317417241925
1355 1.383317417241925
1356 2.304624142897092
1357 2.304624142897092
1358 2.304624142897092
1359 2.2041749932801222
1360 2.2041749932801222
1361 2.2041749932801222
1362 3.3117845915992
1363 3.3117845915992
1364 3.3117845915992
1365 0.24959740859583346
1366 0.24959740859583346
1367 0.24959740859583346
1368 1.0786310152493748
1369 1.0786310152493748
1370 1.0786310152493748
1371 0.1
1372 0.1
1373 0.1
1374 1.5295553965944497
1375 1.5295553965944497
1376 1.5295553965944497
1377 0.8687294771238432
1378 0.8687294771238432
1379 0.8687294771238432
1380 2.6984692091382203
1381 2.6984692091382203
1382 2.6984692091382203
1383 1.4349464402649663
1384 1.4349464402649663
1385 1.4349464402649663
1386 1.8991824296769915
1387 1.8991824296769915
1388 1.8991824296769915
1389 0.6919569279864323
1390 0.6919569279864323
1391 0.6919569279864323
1392 1.5232428773368283
1393 1.5232428773368283
1394 1.5232428773368283
1395 1.949963351172675
1396 1.949963351172675
1397 1.949963351172675
1398 1.714113740644975
1399 1.714113740644975
1400 1.714113740644975
1401 0.4827341936404139
1402 0.4827341936404139
1403 0.4827341936404139
1404 1.2719043959993985
1405 1.2719043959993985
1406 1.2719043959993985
1407 1.3698933439419063
1408 1.3698933439419063
1409 1.3698933439419063
1410 1.8841611257263962
1411 1.8841611257263962
1412 1.8841611257263962
1413 1.88495154563807
1414 1.88495154563807
1415 1.88495154563807
1416 0.36878474189303634
1417 0.36878474189303634
1418 0.36878474189303634
1419 1.9433677740672934
1420 1.9433677740672934
1421 1.9433677740672934
1422 0.9731547013807628
1423 0.9731547013807628
1424 0.9731547013807628
1425 1.5572840067883442
1426 1.5572840067883442
1427 1.5572840067883442
1428 3.6507121277907153
1429 3.6507121277907153
1430 3.6507121277907153
1431 1.3023687342011636
1432 1.3023687342011636
1433 1.3023687342011636
1434 1.2960703195752798
1435 1.2960703195752798
1436 1.2960703195752798
1437 0.8479738728988543
1438 0.8479738728988543
1439 0.8479738728988543
1440 1.440306503834545
1441 1.440306503834545
1442 1.440306503834545
1443 0.20471642096807896
1444 0.20471642096807896
1445 0.20471642096807896
1446 1.5499285007235148
1447 1.5499285007235148
1448 1.5499285007235148
1449 2.176153624163401
1450 2.176153624163401
1451 2.176153624163401
1452 1.864241891883574
1453 1.864241891883574
1454 1.864241891883574
1455 2.2282799203047166
1456 2.2282799203047166
1457 2.2282799203047166
1458 2.600190877978391
1459 2.600190877978391
1460 2.600190877978391
1461 0.8416725882153088
1462 0.8416725882153088
1463 0.8416725882153088
1464 1.7510287644780844
1465 1.7510287644780844
1466 1.7510287644780844
1467 2.0393450659409784
1468 2.0393450659409784
1469 2.0393450659409784
1470 1.1218028111743725
1471 1.1218028111743725
1472 1.1218028111743725
1473 0.15486492925157758
1474 0.15486492925157758
1475 0.15486492925157758
1476 2.6617173726885373
1477 2.6617173726885373
1478 2.6617173726885373
1479 3.538375783424488
1480 3.538375783424488
1481 3.538375783424488
1482 3.0847384316012234
1483 3.0847384316012234
1484 3.0847384316012234
1485 3.674813846261208
1486 3.674813846261208
1487 3.674813846261208
1488 1.5326679553441318
1489 1.5326679553441318
1490 1.5326679553441318
1491 0.8930965101437125
1492 0.8930965101437125
1493 0.8930965101437125
1494 1.7102724853127418
1495 1.7102724853127418
1496 1.7102724853127418
1497 0.8686987031798121
1498 0.8686987031798121
1499 0.8686987031798121
1500 0.6656488003100162
1501 0.6656488003100162
1502 0.6656488003100162
1503 3.1101526370554122
1504 3.1101526370554122
1505 3.1101526370554122
1506 1.112497871528042
1507 1.112497871528042
1508 1.112497871528042
1509 2.4933145033615984
1510 2.4933145033615984
1511 2.4933145033615984
1512 1.822617008707748
1513 1.822617008707748
1514 1.822617008707748
1515 0.6707037454196983
1516 0.6707037454196983
1517 0.6707037454196983
1518 1.748229973594728
1519 1.748229973594728
1520 1.748229973594728
1521 2.26279177216351
1522 2.26279177216351
1523 2.26279177216351
1524 2.2873557002449108
1525 2.2873557002449108
1526 2.2873557002449108
1527 2.192135132024049
1528 2.192135132024049
1529 2.192135132024049
1530 1.79747135400614
1531 1.79747135400614
1532 1.79747135400614
1533 0.7091431287042226
1534 0.7091431287042226
1535 0.7091431287042226
1536 2.180507060757793
1537 2.180507060757793
1538 2.180507060757793
1539 1.0198277644402696
1540 1.0198277644402696
1541 1.0198277644402696
1542 1.6576429004054396
1543 1.6576429004054396
1544 1.6576429004054396
1545 0.706641210809048
1546 0.706641210809048
1547 0.706641210809048
1548 0.5058522683053135
1549 0.5058522683053135
1550 0.5058522683053135
1551 0.8895672449409775
1552 0.8895672449409775
1553 0.8895672449409775
1554 2.106291374917571
1555 2.106291374917571
1556 2.106291374917571
1557 2.7023538348977887
1558 2.7023538348977887
1559 2.7023538348977887
1560 0.8886076653407062
1561 0.8886076653407062
1562 0.8886076653407062
1563 3.7179347718686797
1564 3.7179347718686797
1565 3.7179347718686797
1566 1.639378789118597
1567 1.639378789118597
1568 1.639378789118597
1569 1.9992674579524974
1570 1.9992674579524974
1571 1.9992674579524974
1572 1.8607269249438525
1573 1.8607269249438525
1574 1.8607269249438525
1575 1.391566531095362
1576 1.391566531095362
1577 1.391566531095362
1578 1.345290109902817
1579 1.345290109902817
1580 1.345290109902817
1581 1.8401656270846762
1582 1.8401656270846762
1583 1.8401656270846762
1584 1.6102450021045152
1585 1.6102450021045152
1586 1.6102450021045152
1587 1.2579959850486582
1588 1.2579959850486582
1589 1.2579959850486582
1590 1.8531705711450546
1591 1.8531705711450546
1592 1.8531705711450546
1593 7.777424413988276
1594 7.777424413988276
1595 7.777424413988276
1596 2.521943243909921
1597 2.521943243909921
1598 2.521943243909921
1599 6.37349748861662
1600 6.37349748861662
1601 6.37349748861662
1602 4.702168558745977
1603 4.702168558745977
1604 4.702168558745977
1605 1.8453846710612167
1606 1.8453846710612167
1607 1.8453846710612167
1608 0.1
1609 0.1
1610 0.1
1611 6.116391129690419
1612 6.116391129690419
1613 6.116391129690419
1614 6.154589909417432
1615 6.154589909417432
1616 6.154589909417432
1617 6.150646482903984
1618 6.150646482903984
1619 6.150646482903984
1620 1.3698678653218792
1621 1.3698678653218792
1622 1.3698678653218792
1623 3.6089836053067845
1624 3.6089836053067845
1625 3.6089836053067845
1626 4.931027999624493
1627 4.931027999624493
1628 4.931027999624493
1629 2.3617815138425033
1630 2.3617815138425033
1631 2.3617815138425033
1632 2.7996201756153796
1633 2.7996201756153796
1634 2.7996201756153796
1635 4.682241012825168
1636 4.682241012825168
1637 4.682241012825168
1638 6.639283175050707
1639 6.639283175050707
1640 6.639283175050707
1641 6.29014662452154
1642 6.29014662452154
1643 6.29014662452154
1644 3.538577465816126
1645 3.538577465816126
1646 3.538577465816126
1647 6.653632044869008
1648 6.653632044869008
1649 6.653632044869008
1650 4.181901843175378
1651 4.181901843175378
1652 4.181901843175378
1653 6.685882316969178
1654 6.685882316969178
1655 6.685882316969178
1656 8.923508197041212
1657 8.923508197041212
1658 8.923508197041212
1659 4.764079488023143
1660 4.764079488023143
1661 4.764079488023143
1662 4.965279749708847
1663 4.965279749708847
1664 4.965279749708847
1665 7.173506742852852
1666 7.173506742852852
1667 7.173506742852852
1668 4.722083692518228
1669 4.722083692518228
1670 4.722083692518228
1671 1.6564260342223536
1672 1.6564260342223536
1673 1.6564260342223536
1674 2.188603274146069
1675 2.188603274146069
1676 2.188603274146069
1677 5.898001592434303
1678 5.898001592434303
1679 5.898001592434303
1680 0.8930229277843598
1681 0.8930229277843598
1682 0.8930229277843598
1683 3.7732554592042207
1684 3.7732554592042207
1685 3.7732554592042207
1686 4.425783056230537
1687 4.425783056230537
1688 4.425783056230537
1689 3.0403405353358277
1690 3.0403405353358277
1691 3.0403405353358277
1692 6.326642000706944
1693 6.326642000706944
1694 6.326642000706944
1695 3.3846107749701675
1696 3.3846107749701675
1697 3.3846107749701675
1698 6.14210579522045
1699 6.14210579522045
1700 6.14210579522045
1701 3.32438590917607
1702 3.32438590917607
1703 3.32438590917607
1704 2.288716415329487
1705 2.288716415329487
1706 2.288716415329487
1707 6.24905980643432
1708 6.24905980643432
1709 6.24905980643432
1710 2.8191398924050746
1711 2.8191398924050746
1712 2.8191398924050746
1713 4.387470417562325
1714 4.387470417562325
1715 4.387470417562325
1716 5.740141511136265
1717 5.740141511136265
1718 5.740141511136265
1719 5.346717537315529
1720 5.346717537315529
1721 5.346717537315529
1722 4.754996932005345
1723 4.754996932005345
1724 4.754996932005345
1725 3.5667776102793702
1726 3.5667776102793702
1727 3.5667776102793702
1728 2.970501405543307
1729 2.970501405543307
1730 2.970501405543307
1731 7.170251111892979
1732 7.170251111892979
1733 7.170251111892979
1734 4.042110598934084
1735 4.042110598934084
1736 1.3850035455898766
1737 1.3850035455898766
1738 1.3850035455898766
1739 0.250986509633787
1740 0.250986509633787
1741 0.250986509633787
1742 0.38329759353156223
1743 0.38329759353156223
1744 0.38329759353156223
1745 0.3165179514633859
1746 0.3165179514633859
1747 0.3165179514633859
1748 0.26939079665142385
1749 0.26939079665142385
1750 0.26939079665142385
1751 0.24283856526352088
1752 0.24283856526352088
1753 0.24283856526352088
1754 0.24698913347252333
1755 0.24698913347252333
1756 0.24698913347252333
1757 0.1846143157101525
1758 0.1846143157101525
1759 0.1846143157101525
1760 0.2057192869376772
1761 0.2057192869376772
1762 0.2057192869376772
1763 0.12612516373016824
1764 0.12612516373016824
1765 0.12612516373016824
1766 0.34448094394299006
1767 0.34448094394299006
1768 0.34448094394299006
1769 0.3274496422852107
1770 0.3274496422852107
1771 0.3274496422852107
1772 0.2138651644786529
1773 0.2138651644786529
1774 0.2138651644786529
1775 0.22013295131657792
1776 0.22013295131657792
1777 0.22013295131657792
1778 0.11939196582913614
1779 0.11939196582913614
1780 0.11939196582913614
1781 0.2084579551267531
1782 0.2084579551267531
1783 0.2084579551267531
1784 0.19587700598979746
1785 0.19587700598979746
1786 0.19587700598979746
1787 0.2961977408246418
1788 0.2961977408246418
1789 0.2961977408246418
1790 0.35328523380663596
1791 0.35328523380663596
1792 0.35328523380663596
1793 0.1
1794 0.1
1795 0.1
1796 0.2783752655731325
1797 0.2783752655731325
1798 0.2783752655731325
1799 0.11933912495299669
1800 0.11933912495299669
1801 0.11933912495299669
1802 0.1480505363657977
1803 0.1480505363657977
1804 0.1480505363657977
1805 0.20852682285834304
1806 0.20852682285834304
1807 0.20852682285834304
1808 0.403872528904839
1809 0.403872528904839
1810 0.403872528904839
1811 0.14248457944520462
1812 0.14248457944520462
1813 0.14248457944520462
1814 0.49222024139736437
1815 0.49222024139736437
1816 0.49222024139736437
1817 0.10905846626746254
1818 0.10905846626746254
1819 0.10905846626746254
1820 0.14188810636993068
1821 0.14188810636993068
1822 0.14188810636993068
1823 0.3607163846244623
1824 0.3607163846244623
1825 0.3607163846244623
1826 0.2332874595987114
1827 0.2332874595987114
1828 0.2332874595987114
1829 0.1
1830 0.1
1831 0.1
1832 0.13113538868089536
1833 0.13113538868089536
1834 0.13113538868089536
1835 0.3547962336399638
1836 0.3547962336399638
1837 2.906602923322484
1838 2.906602923322484
1839 2.906602923322484
1840 1.2634018368607656
1841 1.2634018368607656
1842 1.2634018368607656
1843 1.1719931022635188
1844 1.1719931022635188
1845 1.1719931022635188
1846 1.1685196169281515
1847 1.1685196169281515
1848 1.1685196169281515
1849 1.2645111736025272
1850 1.2645111736025272
1851 1.2645111736025272
1852 2.3560173989931226
1853 2.3560173989931226
1854 2.3560173989931226
1855 1.0709297338607624
1856 1.0709297338607624
1857 1.0709297338607624
1858 1.1135932911214987
1859 1.1135932911214987
1860 1.1135932911214987
1861 2.6493975569989847
1862 2.6493975569989847
1863 2.6493975569989847
1864 0.4456049015918424
1865 0.4456049015918424
1866 0.4456049015918424
1867 0.631940792988171
1868 0.631940792988171
1869 0.631940792988171
1870 0.9127138705338462
1871 0.9127138705338462
1872 0.9127138705338462
1873 1.459787056477349
1874 1.459787056477349
1875 1.459787056477349
1876 1.7764435565156178
1877 1.7764435565156178
1878 1.7764435565156178
1879 2.0625715633897093
1880 2.0625715633897093
1881 2.0625715633897093
1882 2.507212653123521
1883 2.507212653123521
1884 2.507212653123521
1885 1.966257945981551
1886 1.966257945981551
1887 1.966257945981551
1888 0.8362996106717911
1889 0.8362996106717911
1890 0.8362996106717911
1891 1.2989317306061068
1892 1.2989317306061068
1893 1.2989317306061068
1894 2.4605872087736764
1895 2.4605872087736764
1896 2.4605872087736764
1897 1.8445952655936078
1898 1.8445952655936078
1899 1.8445952655936078
1900 0.3626204287759307
1901 0.3626204287759307
1902 0.5172158080593251
1903 2.0235184737851464
1904 2.669057194378089
1905 2.669057194378089
1906 2.669057194378089
1907 2.3528973821709482
1908 2.3528973821709482
1909 2.3528973821709482
1910 2.1788624194448456
1911 2.1788624194448456
1912 2.1788624194448456
1913 0.9392575643779779
1914 0.9392575643779779
1915 0.9392575643779779
1916 1.4473728375318973
1917 1.4473728375318973
1918 1.4473728375318973
1919 1.9802777518247097
1920 1.9802777518247097
1921 1.9802777518247097
1922 0.1
1923 0.1
1924 0.1
1925 1.0220933976525566
1926 1.0220933976525566
1927 1.0220933976525566
1928 0.631505492902974
1929 0.631505492902974
1930 0.631505492902974
1931 0.607416067464376
1932 0.607416067464376
1933 0.607416067464376
1934 0.9682033471468886
1935 0.9682033471468886
1936 0.9682033471468886
1937 0.6277666754086804
1938 0.6277666754086804
1939 0.6277666754086804
1940 0.2681210326169889
1941 0.2681210326169889
1942 0.2681210326169889
1943 0.4980257874023667
1944 0.4980257874023667
1945 0.4980257874023667
1946 0.9072267632258572
1947 0.9072267632258572
1948 0.9072267632258572
1949 0.3725116835867429
1950 0.3725116835867429
1951 0.39398281091362164
1952 0.39398281091362164
1953 0.39398281091362164
1954 0.3249715371594727
1955 0.3249715371594727
1956 0.3249715371594727
1957 0.1
1958 0.1
1959 0.1
1960 0.39653447474630843
1961 0.39653447474630843
1962 0.39653447474630843
1963 0.21198337747722973
1964 0.21198337747722973
1965 0.21198337747722973
1966 0.1475356467939748
1967 0.1475356467939748
1968 0.1475356467939748
1969 0.391818631269117
1970 0.391818631269117
1971 0.391818631269117
1972 0.1
1973 0.1
1974 0.1
1975 0.1
1976 0.1
1977 0.1
1978 0.14178857794924826
1979 0.14178857794924826
1980 0.14178857794924826
1981 0.31952743988404186
1982 0.31952743988404186
1983 0.31952743988404186
1984 0.1818865924102433
1985 0.1818865924102433
1986 0.1818865924102433
1987 0.14488144473350223
1988 0.14488144473350223
1989 0.14488144473350223
1990 0.2390165955591958
1991 0.2390165955591958
1992 0.2390165955591958
1993 0.14763447539339775
1994 0.14763447539339775
1995 0.14763447539339775
1996 0.4001387485593512
1997 0.4001387485593512
1998 0.4001387485593512
1999 0.27759235221515055
