0 2.722408749051464
1 2.722408749051464
2 2.722408749051464
3 3.7341548130580993
4 3.7341548130580993
5 3.7341548130580993
6 2.650948825204646
7 2.650948825204646
8 2.650948825204646
9 4.401635025525068
10 4.401635025525068
11 4.401635025525068
12 4.164966994512
13 4.164966994512
14 4.164966994512
15 4.023771143944522
16 4.023771143944522
17 4.023771143944522
18 3.1139885280068533
19 1.06476219587234
20 1.06476219587234
21 1.06476219587234
22 0.9544552238910622
23 0.9544552238910622
24 0.9544552238910622
25 0.8800091782006428
26 0.8800091782006428
27 0.8800091782006428
28 1.1854057776705014
29 1.1854057776705014
30 1.6935716170931832
31 1.6935716170931832
32 1.6935716170931832
33 2.288593965687731
34 2.288593965687731
35 2.288593965687731
36 1.8837615339818923
37 1.8837615339818923
38 1.8837615339818923
39 1.9303885262391172
40 1.9303885262391172
41 1.9303885262391172
42 2.0133432214533937
43 2.0133432214533937
44 2.0133432214533937
45 1.3447336463258763
46 1.3447336463258763
47 1.3447336463258763
48 1.9517977118694636
49 1.9517977118694636
50 1.9517977118694636
51 1.8145722280374197
52 1.8145722280374197
53 1.8145722280374197
54 2.1489410463001097
55 2.1489410463001097
56 2.1489410463001097
57 2.6364833851485847
58 2.6364833851485847
59 2.6364833851485847
60 1.7792069881760915
61 1.7792069881760915
62 1.7792069881760915
63 2.3177727144222495
64 2.3177727144222495
65 2.3177727144222495
66 2.209262664579486
67 2.209262664579486
68 2.209262664579486
69 2.2280090002096493
70 2.2280090002096493
71 2.2280090002096493
72 1.503060639094559
73 1.503060639094559
74 1.503060639094559
75 2.317453876062437
76 2.317453876062437
77 2.317453876062437
78 2.346619310117447
79 2.346619310117447
80 2.346619310117447
81 2.0892080148752905
82 2.0892080148752905
83 2.0892080148752905
84 2.0654896256834707
85 2.0654896256834707
86 2.0654896256834707
87 2.3499630640573694
88 2.3499630640573694
89 2.3499630640573694
90 1.6898837819579469
91 1.6898837819579469
92 1.6898837819579469
93 2.1874901285462673
94 2.1874901285462673
95 2.1874901285462673
96 1.700930897071678
97 1.700930897071678
98 1.700930897071678
99 1.9854699472213448
100 1.9854699472213448
101 1.9854699472213448
102 2.2291165514828535
103 2.2291165514828535
104 2.2291165514828535
105 2.605907787041518
106 2.605907787041518
107 2.605907787041518
108 1.97700999030279
109 1.97700999030279
110 1.97700999030279
111 2.633000353051084
112 2.633000353051084
113 2.633000353051084
114 2.534486388167924
115 2.534486388167924
116 2.534486388167924
117 2.0765557929051006
118 2.0765557929051006
119 2.0765557929051006
120 1.8484517922545103
121 1.8484517922545103
122 1.8484517922545103
123 1.4217263895064522
124 1.4217263895064522
125 1.4217263895064522
126 1.4879648585031946
127 1.4879648585031946
128 1.4879648585031946
129 2.244582474377212
130 2.244582474377212
131 2.244582474377212
132 2.408522860367047
133 2.408522860367047
134 2.408522860367047
135 2.028790526541188
136 2.028790526541188
137 2.028790526541188
138 2.2440096845796744
139 2.2440096845796744
140 2.2440096845796744
141 1.2633015631725004
142 1.2633015631725004
143 1.2633015631725004
144 2.285212850363383
145 2.285212850363383
146 2.285212850363383
147 1.869786309726201
148 1.869786309726201
149 1.869786309726201
150 1.704409569911296
151 1.704409569911296
152 1.704409569911296
153 1.6454099489797231
154 1.6454099489797231
155 1.6454099489797231
156 2.2638293076246474
157 2.2638293076246474
158 2.2638293076246474
159 2.2272355823958656
160 2.2272355823958656
161 2.2272355823958656
162 2.158655394825972
163 2.158655394825972
164 2.158655394825972
165 1.8069986690288216
166 1.8069986690288216
167 1.8069986690288216
168 1.924838605362356
169 1.924838605362356
170 1.924838605362356
171 2.3214968776091385
172 2.3214968776091385
173 2.3214968776091385
174 2.152076188362384
175 2.152076188362384
176 2.152076188362384
177 2.0596999182753604
178 2.0596999182753604
179 2.0596999182753604
180 1.7914920518675161
181 1.7914920518675161
182 1.7914920518675161
183 2.0799014723183893
184 2.0799014723183893
185 2.0799014723183893
186 2.7518643314245335
187 2.7518643314245335
188 2.7518643314245335
189 2.298497508933149
190 2.298497508933149
191 2.298497508933149
192 2.127518376008659
193 2.127518376008659
194 2.127518376008659
195 1.7008045234098645
196 1.7008045234098645
197 1.7008045234098645
198 2.0995326896657343
199 2.0995326896657343
200 2.0995326896657343
201 1.5032578048199254
202 1.5032578048199254
203 1.5032578048199254
204 1.8254144213380235
205 1.8254144213380235
206 1.8254144213380235
207 2.1756819315759888
208 2.1756819315759888
209 2.1756819315759888
210 1.5582203813332276
211 1.5582203813332276
212 1.5582203813332276
213 2.1677679126074674
214 2.1677679126074674
215 2.1677679126074674
216 1.8103824632358747
217 1.8103824632358747
218 1.8103824632358747
219 1.5480844759517993
220 1.5480844759517993
221 1.5480844759517993
222 2.018700288645745
223 2.018700288645745
224 2.018700288645745
225 1.992031290594156
226 1.992031290594156
227 1.992031290594156
228 1.4135141192880547
229 1.4135141192880547
230 1.4135141192880547
231 2.8679498663055627
232 2.8679498663055627
233 2.8679498663055627
234 1.7322545154685947
235 1.7322545154685947
236 1.7322545154685947
237 1.830271084553729
238 1.830271084553729
239 1.830271084553729
240 2.2633699846967716
241 2.2633699846967716
242 2.2633699846967716
243 1.7889745331331506
244 1.7889745331331506
245 1.7889745331331506
246 1.515995902474399
247 1.515995902474399
248 1.515995902474399
249 1.9579118615506506
250 1.9579118615506506
251 1.9579118615506506
252 2.0669063749085232
253 2.0669063749085232
254 2.0669063749085232
255 1.5110945939445357
256 1.5110945939445357
257 1.5110945939445357
258 1.765523718073941
259 1.765523718073941
260 4.554007355687666
261 4.554007355687666
262 4.554007355687666
263 3.823437706835582
264 3.823437706835582
265 3.823437706835582
266 3.9303654529696685
267 3.9303654529696685
268 3.9303654529696685
269 4.087026174157437
270 4.087026174157437
271 4.087026174157437
272 5.288332083976737
273 5.288332083976737
274 5.288332083976737
275 4.232419603204657
276 4.232419603204657
277 4.232419603204657
278 3.9264583186638733
279 3.9264583186638733
280 3.9264583186638733
281 4.434579994325842
282 4.434579994325842
283 4.434579994325842
284 4.984522074755094
285 4.984522074755094
286 4.984522074755094
287 4.683997462172769
288 4.683997462172769
289 4.683997462172769
290 0.9849834472244662
291 0.9849834472244662
292 0.9849834472244662
293 1.1988927518113501
294 1.1988927518113501
295 1.1988927518113501
296 1.1523499261865389
297 1.1523499261865389
298 1.1523499261865389
299 1.208816234716429
300 1.208816234716429
301 1.208816234716429
302 1.1198446054515079
303 1.1198446054515079
304 1.1198446054515079
305 1.29588386761204
306 1.29588386761204
307 1.29588386761204
308 0.7635902069801699
309 0.7635902069801699
310 0.7635902069801699
311 1.0096046584707634
312 1.0096046584707634
313 1.0096046584707634
314 0.972849938540608
315 0.972849938540608
316 0.972849938540608
317 1.2734891107710655
318 1.2734891107710655
319 1.2734891107710655
320 1.1299867934896375
321 1.1299867934896375
322 1.1299867934896375
323 0.893246788484785
324 0.893246788484785
325 0.893246788484785
326 1.1058302370644912
327 1.1058302370644912
328 1.1058302370644912
329 1.2217741589266065
330 1.2217741589266065
331 1.2217741589266065
332 1.3213094213153234
333 1.3213094213153234
334 1.3213094213153234
335 1.3199856756208694
336 1.3199856756208694
337 1.3199856756208694
338 1.3969218600251128
339 1.3969218600251128
340 1.3969218600251128
341 0.5722882288986205
342 0.5722882288986205
343 0.5722882288986205
344 1.227634299801971
345 0.5888417942098011
346 0.5888417942098011
347 0.5888417942098011
348 0.6660147914126462
349 0.6660147914126462
350 0.6660147914126462
351 0.5720260246087033
352 0.5720260246087033
353 0.5720260246087033
354 0.5452947871609815
355 0.5452947871609815
356 0.5452947871609815
357 0.8880195468073174
358 0.8880195468073174
359 0.8880195468073174
360 0.4580425478907678
361 0.4580425478907678
362 0.4580425478907678
363 0.7076471866698169
364 0.7076471866698169
365 0.7076471866698169
366 0.5335183667578686
367 0.5335183667578686
368 1.3220679635820087
369 1.3220679635820087
370 1.3220679635820087
371 1.3410512321304953
372 1.3410512321304953
373 1.3410512321304953
374 1.1728014815247227
375 1.1728014815247227
376 1.1728014815247227
377 1.158824771153378
378 1.158824771153378
379 1.158824771153378
380 0.939766337839377
381 0.939766337839377
382 0.939766337839377
383 1.4392493950660725
384 1.4392493950660725
385 1.4392493950660725
386 1.211243111150802
387 1.211243111150802
388 1.211243111150802
389 1.3629110326104423
390 1.3629110326104423
391 1.3629110326104423
392 1.1826666904433607
393 1.1826666904433607
394 1.1826666904433607
395 1.3134809552686892
396 1.3134809552686892
397 1.3134809552686892
398 0.9150053692427303
399 0.9150053692427303
400 0.9150053692427303
401 1.1395358311324224
402 1.1395358311324224
403 1.1395358311324224
404 1.0028896296997387
405 1.0028896296997387
406 1.0028896296997387
407 1.0760583559854127
408 1.0760583559854127
409 1.0760583559854127
410 0.8413158437217791
411 0.8413158437217791
412 0.8413158437217791
413 2.6276348005614114
414 2.6276348005614114
415 2.6276348005614114
416 2.719901937808279
417 2.719901937808279
418 2.719901937808279
419 2.465778177623513
420 2.465778177623513
421 2.465778177623513
422 2.146997642585448
423 2.146997642585448
424 2.146997642585448
425 3.343644156120618
426 3.343644156120618
427 3.343644156120618
428 2.7413400232184495
429 2.7413400232184495
430 2.7413400232184495
431 2.3232722611934093
432 2.3232722611934093
433 2.3232722611934093
434 2.2552445321315564
435 2.2552445321315564
436 2.2552445321315564
437 3.489530767224419
438 3.489530767224419
439 3.489530767224419
440 2.9315053274792735
441 2.9315053274792735
442 2.9315053274792735
443 2.390274891294167
444 2.390274891294167
445 2.390274891294167
446 3.4450893507030935
447 3.4450893507030935
448 3.4450893507030935
449 3.019111065316001
450 3.019111065316001
451 3.019111065316001
452 2.4216052883804213
453 2.4216052883804213
454 2.4216052883804213
455 2.122249947625237
456 2.122249947625237
457 2.122249947625237
458 2.69127263711306
459 2.69127263711306
460 2.69127263711306
461 2.1564845060252953
462 2.1564845060252953
463 2.1564845060252953
464 3.0156773760713445
465 3.0156773760713445
466 3.0156773760713445
467 2.366106599537889
468 2.366106599537889
469 2.366106599537889
470 2.6131304091984555
471 2.6131304091984555
472 2.6131304091984555
473 2.7118327529819637
474 2.7118327529819637
475 2.7118327529819637
476 2.526029870702212
477 2.526029870702212
478 2.526029870702212
479 2.2108887774689876
480 2.2108887774689876
481 2.2108887774689876
482 2.5460325224045284
483 2.5460325224045284
484 2.5460325224045284
485 1.9876339234666314
486 1.9876339234666314
487 1.9876339234666314
488 2.9003430286425194
489 2.9003430286425194
490 2.9003430286425194
491 1.307572281436953
492 1.307572281436953
493 1.307572281436953
494 2.5111479816432865
495 2.5111479816432865
496 2.5111479816432865
497 2.0236963437119506
498 2.0236963437119506
499 2.0236963437119506
500 2.261423641377707
501 2.261423641377707
502 2.261423641377707
503 2.2197892293180663
504 2.2197892293180663
505 2.2197892293180663
506 2.610035717308051
507 2.610035717308051
508 2.610035717308051
509 2.1715128937911636
510 2.1715128937911636
511 2.1715128937911636
512 3.0860349665837217
513 3.0860349665837217
514 3.0860349665837217
515 2.942366363201331
516 2.942366363201331
517 2.942366363201331
518 3.3536907338951916
519 3.3536907338951916
520 3.3536907338951916
521 3.263807690412461
522 3.263807690412461
523 3.263807690412461
524 3.85272061397993
525 3.85272061397993
526 3.85272061397993
527 3.7183398427773064
528 3.7183398427773064
529 3.7183398427773064
530 3.997297628035706
531 3.997297628035706
532 3.997297628035706
533 2.8505177546342564
534 2.8505177546342564
535 2.8505177546342564
536 2.5961273112376926
537 2.5961273112376926
538 2.5961273112376926
539 3.5132299671553495
540 3.5132299671553495
541 3.5132299671553495
542 3.200282053195101
543 3.200282053195101
544 3.200282053195101
545 3.069336129390953
546 3.069336129390953
547 3.069336129390953
548 4.116525447823027
549 4.116525447823027
550 0.8294154958124589
551 0.8294154958124589
552 0.8294154958124589
553 0.634030533640358
554 0.634030533640358
555 0.634030533640358
556 0.6250071249268794
557 0.6250071249268794
558 0.6250071249268794
559 0.4797430484994164
560 0.4797430484994164
561 0.4797430484994164
562 0.6634302909700066
563 0.6634302909700066
564 0.6634302909700066
565 0.6144708452838525
566 0.6144708452838525
567 0.6144708452838525
568 0.6928916034771034
569 0.6928916034771034
570 0.6928916034771034
571 0.6031660530221165
572 0.6031660530221165
573 0.6031660530221165
574 0.5513859376405871
575 0.5513859376405871
576 0.5513859376405871
577 0.6642728200791199
578 0.6642728200791199
579 0.6642728200791199
580 0.648438490449039
581 0.648438490449039
582 0.648438490449039
583 0.6916462748873291
584 0.6916462748873291
585 0.6916462748873291
586 0.7079501845216816
587 0.7079501845216816
588 0.7079501845216816
589 0.6081803636416889
590 0.6081803636416889
591 0.6081803636416889
592 0.5471178670090977
593 0.5471178670090977
594 0.5471178670090977
595 0.7211884663601223
596 0.7211884663601223
597 0.7211884663601223
598 0.7911559501516581
599 0.7911559501516581
600 0.7911559501516581
601 0.6494554408139535
602 0.6494554408139535
603 0.6494554408139535
604 0.8150809710766452
605 0.8150809710766452
606 0.8150809710766452
607 0.5764256191840909
608 0.5764256191840909
609 0.5764256191840909
610 0.7195199304678825
611 0.7195199304678825
612 0.7195199304678825
613 0.4896203223765693
614 0.4896203223765693
615 0.4896203223765693
616 0.5932137846661728
617 0.5932137846661728
618 0.5932137846661728
619 0.6671665387086689
620 0.6671665387086689
621 0.6671665387086689
622 0.5384076035077414
623 0.5384076035077414
624 0.5384076035077414
625 0.5959024090603601
626 0.5959024090603601
627 0.5959024090603601
628 0.6795121939721942
629 0.6795121939721942
630 0.6795121939721942
631 0.3958864281639149
632 0.3958864281639149
633 0.3958864281639149
634 0.6514142643669938
635 0.6514142643669938
636 0.6514142643669938
637 0.6583371940337216
638 0.6583371940337216
639 0.6583371940337216
640 0.7243158816318338
641 0.7243158816318338
642 0.7243158816318338
643 0.5546487725179959
644 0.5546487725179959
645 0.5546487725179959
646 0.725255700648503
647 0.725255700648503
648 0.725255700648503
649 0.6038384195438501
650 0.6038384195438501
651 0.6038384195438501
652 0.6787628294641886
653 0.6787628294641886
654 0.6787628294641886
655 0.5312756516546402
656 0.5312756516546402
657 0.5312756516546402
658 0.5820444778002782
659 0.5820444778002782
660 0.5820444778002782
661 0.8315346787269748
662 0.8315346787269748
663 0.8315346787269748
664 0.3773466021713901
665 0.3773466021713901
666 0.3773466021713901
667 0.6668792472863472
668 0.6668792472863472
669 0.6668792472863472
670 0.46891118124262965
671 0.46891118124262965
672 0.46891118124262965
673 0.5612278101114211
674 0.5612278101114211
675 0.5612278101114211
676 0.6638157736841781
677 0.6638157736841781
678 0.6638157736841781
679 0.7307456534264777
680 0.7307456534264777
681 0.7307456534264777
682 0.5997472592992814
683 0.5997472592992814
684 0.5997472592992814
685 0.7770490803844828
686 0.7770490803844828
687 0.7770490803844828
688 0.6342835983277011
689 0.6342835983277011
690 0.6342835983277011
691 0.665571918400283
692 0.665571918400283
693 0.665571918400283
694 0.7055217210164139
695 0.7055217210164139
696 0.7055217210164139
697 0.5305168026687672
698 0.5305168026687672
699 0.5305168026687672
700 0.6824504581506805
701 0.6824504581506805
702 0.6824504581506805
703 0.6219899311605832
704 0.6219899311605832
705 0.6219899311605832
706 0.6775367538091771
707 0.6775367538091771
708 0.6775367538091771
709 0.6965715676660698
710 0.6965715676660698
711 0.6965715676660698
712 4.562431537218778
713 4.562431537218778
714 4.562431537218778
715 4.1904833953833185
716 4.1904833953833185
717 4.1904833953833185
718 4.376747544118809
719 4.376747544118809
720 4.376747544118809
721 2.8285624494181505
722 2.8285624494181505
723 2.8285624494181505
724 4.523952778005357
725 4.523952778005357
726 4.523952778005357
727 2.374147880641047
728 2.374147880641047
729 2.374147880641047
730 5.143784052008457
731 5.143784052008457
732 5.143784052008457
733 3.388355712810046
734 3.388355712810046
735 3.388355712810046
736 4.440029204484749
737 4.440029204484749
738 4.440029204484749
739 3.5940296025596146
740 3.5940296025596146
741 3.5940296025596146
742 4.239500811748141
743 4.239500811748141
744 4.239500811748141
745 2.99976455020857
746 2.99976455020857
747 2.99976455020857
748 2.4340312184897943
749 2.4340312184897943
750 2.4340312184897943
751 4.34283599129281
752 4.34283599129281
753 4.34283599129281
754 2.869736170193993
755 2.869736170193993
756 2.869736170193993
757 2.2865304399811675
758 2.2865304399811675
759 2.2865304399811675
760 2.1472642539141353
761 2.1472642539141353
762 2.1472642539141353
763 2.132403540672333
764 2.132403540672333
765 2.132403540672333
766 2.6954128022048276
767 2.6954128022048276
768 2.6954128022048276
769 2.82123681434595
770 2.82123681434595
771 2.82123681434595
772 2.7529768182191248
773 2.7529768182191248
774 2.7529768182191248
775 2.275239486313576
776 2.275239486313576
777 2.275239486313576
778 3.432422864845588
779 3.432422864845588
780 3.432422864845588
781 2.1643797674901966
782 2.1643797674901966
783 2.1643797674901966
784 3.731640772739703
785 3.731640772739703
786 3.731640772739703
787 2.4556971252175974
788 2.4556971252175974
789 2.4556971252175974
790 2.2480046683273835
791 2.2480046683273835
792 2.2480046683273835
793 2.4533281064118633
794 2.4533281064118633
795 2.4533281064118633
796 2.596188560784422
797 2.596188560784422
798 2.596188560784422
799 2.328443753297703
800 2.328443753297703
801 2.328443753297703
802 2.1632021987368586
803 2.1632021987368586
804 2.1632021987368586
805 2.784826966092069
806 2.784826966092069
807 2.784826966092069
808 3.0949546186693513
809 3.0949546186693513
810 3.0949546186693513
811 2.335173861760709
812 2.335173861760709
813 2.335173861760709
814 3.2036030419836896
815 3.2036030419836896
816 3.2036030419836896
817 1.9687329046016069
818 1.9687329046016069
819 1.9687329046016069
820 2.789129873758226
821 2.789129873758226
822 2.789129873758226
823 1.8378787280577327
824 1.8378787280577327
825 1.8378787280577327
826 2.4074090651580797
827 2.4074090651580797
828 2.4074090651580797
829 2.715024043748031
830 2.715024043748031
831 2.715024043748031
832 2.351567580938568
833 2.351567580938568
834 2.351567580938568
835 2.7843659567546575
836 2.7843659567546575
837 2.7843659567546575
838 2.8143989523661097
839 2.8143989523661097
840 2.8143989523661097
841 2.308215591540137
842 2.308215591540137
843 2.308215591540137
844 2.252796091935972
845 2.252796091935972
846 2.252796091935972
847 3.1047751392895715
848 3.1047751392895715
849 3.1047751392895715
850 2.1728436149954655
851 2.1728436149954655
852 2.1728436149954655
853 2.154875094958461
854 2.154875094958461
855 2.154875094958461
856 2.76580068376024
857 2.76580068376024
858 2.76580068376024
859 2.174215596903651
860 2.174215596903651
861 2.174215596903651
862 2.7004117237291583
863 2.7004117237291583
864 2.7004117237291583
865 2.853949537345192
866 2.853949537345192
867 2.853949537345192
868 1.6483266399081336
869 1.6483266399081336
870 1.6483266399081336
871 2.4088909826757736
872 2.4088909826757736
873 2.4088909826757736
874 2.35256093378998
875 2.35256093378998
876 2.35256093378998
877 3.1490482647117495
878 3.1490482647117495
879 3.1490482647117495
880 2.6985684046546985
881 2.6985684046546985
882 2.6985684046546985
883 3.211846877648769
884 3.211846877648769
885 3.211846877648769
886 3.1657197613395125
887 3.1657197613395125
888 3.1657197613395125
889 2.753091085489839
890 2.753091085489839
891 2.753091085489839
892 2.0438804274646865
893 2.0438804274646865
894 2.0438804274646865
895 2.9756903767983616
896 2.9756903767983616
897 2.9756903767983616
898 2.4087306322769835
899 2.4087306322769835
900 2.4087306322769835
901 2.3094746241466404
902 2.3094746241466404
903 2.3094746241466404
904 1.6408248602606563
905 1.6408248602606563
906 1.6408248602606563
907 2.794645398752055
908 2.794645398752055
909 2.794645398752055
910 2.223927430072445
911 2.223927430072445
912 2.223927430072445
913 2.67423046182517
914 2.67423046182517
915 2.67423046182517
916 1.9715062403728074
917 1.9715062403728074
918 1.9715062403728074
919 2.1882859746658156
920 2.1882859746658156
921 2.1882859746658156
922 2.730921172034556
923 2.730921172034556
924 2.730921172034556
925 2.0805877966446373
926 2.0805877966446373
927 2.0805877966446373
928 2.6258987567008263
929 1.8299233794292935
930 1.8299233794292935
931 1.8299233794292935
932 2.6675059241264973
933 2.6675059241264973
934 2.6675059241264973
935 1.8290987244671015
936 1.8290987244671015
937 1.8290987244671015
938 1.5386976676336868
939 1.5386976676336868
940 1.5386976676336868
941 2.2652805705860226
942 2.2652805705860226
943 2.2652805705860226
944 2.2573472163520187
945 2.2573472163520187
946 2.2573472163520187
947 1.893627330210621
948 1.893627330210621
949 1.893627330210621
950 2.3297893190326686
951 2.3297893190326686
952 2.3297893190326686
953 2.022422727180828
954 2.022422727180828
955 2.022422727180828
956 2.2173511027263517
957 2.2173511027263517
958 2.2173511027263517
959 3.5753534624495327
960 3.5753534624495327
961 3.5753534624495327
962 2.959673963447203
963 2.959673963447203
964 2.959673963447203
965 3.3017268644686553
966 3.3017268644686553
967 3.3017268644686553
968 2.9208190082675745
969 2.9208190082675745
970 2.9208190082675745
971 3.0018463515696814
972 3.0018463515696814
973 3.0018463515696814
974 2.856277732250446
975 2.856277732250446
976 2.856277732250446
977 3.431723179075086
978 3.431723179075086
979 3.431723179075086
980 3.0383029636121504
981 3.0383029636121504
982 3.0383029636121504
983 2.5246268504629703
984 2.5246268504629703
985 2.5246268504629703
986 1.1294818437541518
987 1.1294818437541518
988 1.1294818437541518
989 2.697585686706923
990 2.697585686706923
991 2.697585686706923
992 3.2232176529336916
993 3.2232176529336916
994 3.2232176529336916
995 2.311821251793371
996 2.311821251793371
997 2.311821251793371
998 3.480935167389758
999 3.480935167389758
1000 3.480935167389758
1001 2.3897896858648804
1002 2.3897896858648804
1003 2.3897896858648804
1004 3.3076301625667774
1005 3.3076301625667774
1006 3.3076301625667774
1007 3.2592774499095056
1008 3.2592774499095056
1009 3.2592774499095056
1010 2.1929509700698118
1011 2.1929509700698118
1012 2.1929509700698118
1013 2.6380716195335974
1014 2.6380716195335974
1015 2.6380716195335974
1016 3.199017615949242
1017 3.199017615949242
1018 3.199017615949242
1019 2.5650421716157843
1020 2.5650421716157843
1021 2.5650421716157843
1022 3.538896181523212
1023 3.538896181523212
1024 3.538896181523212
1025 2.925650135796192
1026 2.925650135796192
1027 2.925650135796192
1028 2.5020657593313884
1029 2.5020657593313884
1030 2.5020657593313884
1031 2.3488237359462705
1032 2.3488237359462705
1033 2.3488237359462705
1034 3.7871187060798324
1035 3.7871187060798324
1036 3.7871187060798324
1037 2.377615414484675
1038 2.377615414484675
1039 2.377615414484675
1040 3.102842702781208
1041 3.102842702781208
1042 3.102842702781208
1043 3.4474357778877605
1044 3.4474357778877605
1045 3.4474357778877605
1046 3.848382948212219
1047 3.848382948212219
1048 3.848382948212219
1049 2.546516984551775
1050 2.546516984551775
1051 2.546516984551775
1052 2.538382191091799
1053 2.538382191091799
1054 2.538382191091799
1055 3.3077437785046984
1056 3.3077437785046984
1057 3.3077437785046984
1058 2.9227784127813905
1059 2.9227784127813905
1060 2.9227784127813905
1061 2.8002394560837565
1062 2.8002394560837565
1063 2.8002394560837565
1064 3.1931666199736775
1065 3.1931666199736775
1066 3.1931666199736775
1067 2.4048202671451873
1068 2.4048202671451873
1069 2.4048202671451873
1070 3.5220541832140206
1071 3.5220541832140206
1072 3.5220541832140206
1073 1.584287184437769
1074 1.584287184437769
1075 1.584287184437769
1076 3.320467205480086
1077 1.0614182057966324
1078 1.0614182057966324
1079 1.0614182057966324
1080 0.770941614713685
1081 0.770941614713685
1082 0.770941614713685
1083 1.132976738412402
1084 1.132976738412402
1085 1.132976738412402
1086 0.9970879225200183
1087 0.9970879225200183
1088 0.9970879225200183
1089 1.2971881724107388
1090 1.2971881724107388
1091 1.2971881724107388
1092 1.1129774960738632
1093 1.1129774960738632
1094 1.1129774960738632
1095 1.219726971661534
1096 1.219726971661534
1097 1.219726971661534
1098 0.984288145656294
1099 0.984288145656294
1100 0.984288145656294
1101 0.9255895778388707
1102 0.9255895778388707
1103 0.9255895778388707
1104 1.2427419708661833
1105 1.2427419708661833
1106 1.2427419708661833
1107 0.92567836214777
1108 0.92567836214777
1109 0.92567836214777
1110 1.1632675093116995
1111 1.1632675093116995
1112 1.1632675093116995
1113 0.9800176563801053
1114 0.9800176563801053
1115 0.9800176563801053
1116 0.985238586573664
1117 0.985238586573664
1118 0.985238586573664
1119 1.351815540006506
1120 2.098379987294624
1121 2.098379987294624
1122 2.098379987294624
1123 2.0119965815626992
1124 2.0119965815626992
1125 2.0119965815626992
1126 1.6849472456274923
1127 1.6849472456274923
1128 1.6849472456274923
1129 1.6668459694603042
1130 1.6668459694603042
1131 1.6668459694603042
1132 1.9836321354890958
1133 1.9836321354890958
1134 1.9836321354890958
1135 2.0844878805123965
1136 2.0844878805123965
1137 2.0844878805123965
1138 1.9678175905023498
1139 1.9678175905023498
1140 1.9678175905023498
1141 1.660633251825845
1142 1.660633251825845
1143 1.660633251825845
1144 1.9066134928940774
1145 1.9066134928940774
1146 1.9066134928940774
1147 1.8242807141817121
1148 1.8242807141817121
1149 1.8242807141817121
1150 1.8734359540577583
1151 1.8734359540577583
1152 1.8734359540577583
1153 1.6905679474068709
1154 1.6905679474068709
1155 1.6905679474068709
1156 1.8918925517375753
1157 1.8918925517375753
1158 1.8918925517375753
1159 2.5646309953522017
1160 2.5646309953522017
1161 2.5646309953522017
1162 2.501085114832337
1163 2.501085114832337
1164 2.501085114832337
1165 2.0897489553383117
1166 2.0897489553383117
1167 2.0897489553383117
1168 2.151201589488845
1169 2.151201589488845
1170 2.151201589488845
1171 2.0934602011351773
1172 2.0934602011351773
1173 2.0934602011351773
1174 1.988847493572854
1175 1.988847493572854
1176 1.988847493572854
1177 2.251202690783303
1178 2.251202690783303
1179 2.251202690783303
1180 2.0063256851080506
1181 2.0063256851080506
1182 2.0063256851080506
1183 2.2526575286869406
1184 2.2526575286869406
1185 2.2526575286869406
1186 2.0603184086423028
1187 2.0603184086423028
1188 2.0603184086423028
1189 1.9491392084148704
1190 1.9491392084148704
1191 1.9491392084148704
1192 2.6362983011428045
1193 2.6362983011428045
1194 2.6362983011428045
1195 1.280336415115881
1196 1.280336415115881
1197 1.280336415115881
1198 2.17078090546483
1199 2.17078090546483
1200 2.17078090546483
1201 2.085414681517324
1202 2.085414681517324
1203 2.085414681517324
1204 1.681862292690427
1205 1.681862292690427
1206 1.681862292690427
1207 1.4012099096204025
1208 1.4012099096204025
1209 1.4012099096204025
1210 1.572812664046817
1211 1.572812664046817
1212 1.572812664046817
1213 1.5501154714216732
1214 1.5501154714216732
1215 1.5501154714216732
1216 2.170914865922743
1217 2.170914865922743
1218 2.170914865922743
1219 1.8325529537368352
1220 1.8325529537368352
1221 1.8325529537368352
1222 2.319008053175095
1223 2.319008053175095
1224 2.319008053175095
1225 1.8673613010620569
1226 1.8673613010620569
1227 1.8673613010620569
1228 2.2071890175063857
1229 2.2071890175063857
1230 2.2071890175063857
1231 1.711241882458597
1232 1.711241882458597
1233 1.711241882458597
1234 1.7378538899992102
1235 1.7378538899992102
1236 1.7378538899992102
1237 2.1637203954890776
1238 2.1637203954890776
1239 2.1637203954890776
1240 2.1309779246182194
1241 2.1309779246182194
1242 2.1309779246182194
1243 2.12353733565875
1244 2.12353733565875
1245 2.12353733565875
1246 1.925237296019166
1247 1.925237296019166
1248 1.925237296019166
1249 2.1464674483936026
1250 2.1464674483936026
1251 2.1464674483936026
1252 1.7112145679883624
1253 1.7112145679883624
1254 1.7112145679883624
1255 2.0041864744821867
1256 2.0041864744821867
1257 2.0041864744821867
1258 1.7557007207399826
1259 1.7557007207399826
1260 1.7557007207399826
1261 2.322049099965924
1262 2.322049099965924
1263 2.322049099965924
1264 2.2684910983656086
1265 2.2684910983656086
1266 2.2684910983656086
1267 1.3540536849422402
1268 1.3540536849422402
1269 1.3540536849422402
1270 2.054079750553329
1271 2.054079750553329
1272 2.054079750553329
1273 1.4457075334719751
1274 1.4457075334719751
1275 1.4457075334719751
1276 0.8311679038942237
1277 0.8311679038942237
1278 0.8311679038942237
1279 0.43493410293204693
1280 0.43493410293204693
1281 0.43493410293204693
1282 0.682603461425306
1283 0.682603461425306
1284 0.682603461425306
1285 0.883272433056576
1286 0.883272433056576
1287 0.883272433056576
1288 0.7608077536433646
1289 0.7608077536433646
1290 0.7608077536433646
1291 0.5915828323019209
1292 0.5915828323019209
1293 0.5915828323019209
1294 0.3830304137392076
1295 0.3830304137392076
1296 0.3830304137392076
1297 0.5583225868107877
1298 0.5583225868107877
1299 0.5583225868107877
1300 0.6730614806823174
1301 0.6730614806823174
1302 0.6730614806823174
1303 0.7636307279281643
1304 0.7636307279281643
1305 0.7636307279281643
1306 0.47469926504522675
1307 0.47469926504522675
1308 0.47469926504522675
1309 0.6482933714961177
1310 0.6482933714961177
1311 0.6482933714961177
1312 0.6865774709236829
1313 0.6865774709236829
1314 0.6865774709236829
1315 0.806192373869185
1316 0.806192373869185
1317 0.806192373869185
1318 0.7829731037653428
1319 0.7829731037653428
1320 0.7829731037653428
1321 0.7462151469474676
1322 0.7462151469474676
1323 0.7462151469474676
1324 0.5602385776766814
1325 0.5602385776766814
1326 0.5602385776766814
1327 0.8082237551067528
1328 0.8082237551067528
1329 0.8082237551067528
1330 0.5947193382010555
1331 0.5947193382010555
1332 0.5947193382010555
1333 0.6608227915008846
1334 0.6608227915008846
1335 0.6608227915008846
1336 0.5472090829424697
1337 0.5472090829424697
1338 0.5472090829424697
1339 0.5821552829552165
1340 0.5821552829552165
1341 0.5821552829552165
1342 0.6638742144889381
1343 0.6638742144889381
1344 0.6638742144889381
1345 0.7122742986247425
1346 0.7122742986247425
1347 0.7122742986247425
1348 0.7284339551494113
1349 0.7284339551494113
1350 0.7284339551494113
1351 0.8992121140044042
1352 0.8992121140044042
1353 0.8992121140044042
1354 0.6386471880474149
1355 0.6386471880474149
1356 0.6386471880474149
1357 0.7466107014827971
1358 0.7466107014827971
1359 0.7466107014827971
1360 0.610164529771942
1361 0.610164529771942
1362 0.610164529771942
1363 0.5738325759709889
1364 0.5738325759709889
1365 0.5738325759709889
1366 0.6047222220519112
1367 0.6047222220519112
1368 0.6047222220519112
1369 0.7285850261040904
1370 0.7285850261040904
1371 0.7285850261040904
1372 0.5851516570270879
1373 0.5851516570270879
1374 0.5851516570270879
1375 0.7402949887808072
1376 0.7402949887808072
1377 0.7402949887808072
1378 0.7327436494979483
1379 0.7327436494979483
1380 0.7327436494979483
1381 0.7318905408657252
1382 0.7318905408657252
1383 0.7318905408657252
1384 0.5551618549024588
1385 0.5551618549024588
1386 0.5551618549024588
1387 0.4898924611289703
1388 0.4898924611289703
1389 0.4898924611289703
1390 0.7778139643546719
1391 0.7778139643546719
1392 0.7778139643546719
1393 0.7213651528828952
1394 0.7213651528828952
1395 0.7213651528828952
1396 0.5841729183258373
1397 0.5841729183258373
1398 0.5841729183258373
1399 0.7189475877319507
1400 0.7189475877319507
1401 0.7189475877319507
1402 0.653950019090151
1403 0.653950019090151
1404 0.653950019090151
1405 0.5480001404493137
1406 0.5480001404493137
1407 0.5480001404493137
1408 0.7310401998464202
1409 0.7310401998464202
1410 0.7310401998464202
1411 0.5525626119682387
1412 0.5525626119682387
1413 0.5525626119682387
1414 0.5180174332245778
1415 0.5180174332245778
1416 0.5180174332245778
1417 0.7800449305900687
1418 0.7800449305900687
1419 0.7800449305900687
1420 0.5596643569863438
1421 0.5596643569863438
1422 0.5596643569863438
1423 0.6848479623391988
1424 1.4872363017394934
1425 1.4872363017394934
1426 1.4872363017394934
1427 1.2144426511306359
1428 1.2144426511306359
1429 1.2144426511306359
1430 1.442158488636577
1431 1.442158488636577
1432 1.442158488636577
1433 1.7849610632807498
1434 1.7849610632807498
1435 1.7849610632807498
1436 1.6366642956755368
1437 1.6366642956755368
1438 1.6366642956755368
1439 1.8420164997844342
1440 1.8420164997844342
1441 1.8420164997844342
1442 1.3507077416448796
1443 1.3507077416448796
1444 1.3507077416448796
1445 1.43991624723712
1446 1.43991624723712
1447 1.43991624723712
1448 1.6301958670690668
1449 1.6301958670690668
1450 1.6301958670690668
1451 1.3679412722398008
1452 1.3679412722398008
1453 1.3679412722398008
1454 1.663494756032715
1455 1.663494756032715
1456 1.663494756032715
1457 1.3937848997121387
1458 1.3937848997121387
1459 1.3937848997121387
1460 1.7363774565849146
1461 1.7363774565849146
1462 1.7363774565849146
1463 1.5200277615707694
1464 1.5200277615707694
1465 1.5200277615707694
1466 1.5304394285014868
1467 1.5304394285014868
1468 1.5304394285014868
1469 2.084732516505098
1470 2.084732516505098
1471 2.084732516505098
1472 1.2738435195626514
1473 1.2738435195626514
1474 1.2738435195626514
1475 1.7312444072919666
1476 1.7312444072919666
1477 1.7312444072919666
1478 1.3575501149827474
1479 1.3575501149827474
1480 1.3575501149827474
1481 1.5280143627618386
1482 1.5280143627618386
1483 1.5280143627618386
1484 1.0983925977076452
1485 1.0983925977076452
1486 1.0983925977076452
1487 1.7377361450580289
1488 1.7377361450580289
1489 1.7377361450580289
1490 1.2543378048953362
1491 1.2543378048953362
1492 1.2543378048953362
1493 1.8466876218391173
1494 1.8466876218391173
1495 1.7924396907364153
1496 1.7924396907364153
1497 1.7924396907364153
1498 2.0464238017173293
1499 2.0464238017173293
1500 2.0464238017173293
1501 1.8150140612373609
1502 1.8150140612373609
1503 1.8150140612373609
1504 2.100562073092556
1505 2.100562073092556
1506 2.100562073092556
1507 2.1101644130785884
1508 2.1101644130785884
1509 2.1101644130785884
1510 2.3402189850461768
1511 2.3402189850461768
1512 2.3402189850461768
1513 2.3266028447040363
1514 2.3266028447040363
1515 2.3266028447040363
1516 1.7985089301364388
1517 1.7985089301364388
1518 1.7985089301364388
1519 2.4188365790082904
1520 2.4188365790082904
1521 2.4188365790082904
1522 2.165353024873819
1523 2.165353024873819
1524 2.165353024873819
1525 2.1006992571850516
1526 2.1006992571850516
1527 2.1006992571850516
1528 1.7108175594186787
1529 1.7108175594186787
1530 1.7108175594186787
1531 1.8164764256787047
1532 1.8164764256787047
1533 1.8164764256787047
1534 1.726886555946033
1535 1.726886555946033
1536 1.726886555946033
1537 1.7495137108863998
1538 1.7495137108863998
1539 1.7495137108863998
1540 1.9427250447386166
1541 1.9427250447386166
1542 1.9427250447386166
1543 3.82489037162554
1544 3.82489037162554
1545 3.82489037162554
1546 3.680407896466394
1547 3.680407896466394
1548 3.680407896466394
1549 3.9876954050985067
1550 3.9876954050985067
1551 3.9876954050985067
1552 3.841637354618354
1553 3.841637354618354
1554 3.841637354618354
1555 2.212232615676489
1556 2.212232615676489
1557 2.212232615676489
1558 1.9100395465581972
1559 1.9100395465581972
1560 1.9100395465581972
1561 2.107181132486359
1562 2.8450373287116077
1563 2.8450373287116077
1564 2.8450373287116077
1565 2.240625955054296
1566 2.240625955054296
1567 2.240625955054296
1568 2.7520540038256307
1569 2.7520540038256307
1570 2.7520540038256307
1571 2.405119760079522
1572 2.405119760079522
1573 2.405119760079522
1574 2.3352243693476393
1575 2.3352243693476393
1576 2.3352243693476393
1577 2.2831926103700093
1578 2.2831926103700093
1579 2.2831926103700093
1580 2.9964562305253457
1581 2.9964562305253457
1582 2.9964562305253457
1583 2.2560551506540487
1584 2.2560551506540487
1585 2.2560551506540487
1586 1.8092536949826745
1587 1.8092536949826745
1588 1.8092536949826745
1589 3.0639725998649716
1590 3.0639725998649716
1591 3.0639725998649716
1592 2.9188379995243308
1593 2.9188379995243308
1594 2.9188379995243308
1595 1.9323292402818635
1596 1.9323292402818635
1597 1.9323292402818635
1598 2.4786636278434213
1599 2.4786636278434213
1600 2.4786636278434213
1601 2.909339808208296
1602 2.909339808208296
1603 2.909339808208296
1604 2.890093828937129
1605 2.890093828937129
1606 2.890093828937129
1607 3.010263627206444
1608 3.010263627206444
1609 3.010263627206444
1610 1.4679750564923917
1611 1.4679750564923917
1612 1.4679750564923917
1613 2.7406597281725174
1614 2.7406597281725174
1615 2.7406597281725174
1616 2.3097244028005166
1617 2.3097244028005166
1618 2.3097244028005166
1619 2.1825730440761384
1620 2.1825730440761384
1621 2.1825730440761384
1622 2.435892423047085
1623 2.435892423047085
1624 2.435892423047085
1625 2.538405055583541
1626 2.538405055583541
1627 2.538405055583541
1628 1.9763725996221835
1629 1.9763725996221835
1630 1.9763725996221835
1631 2.570433777695782
1632 2.570433777695782
1633 2.570433777695782
1634 2.6617190423308736
1635 2.6617190423308736
1636 2.6617190423308736
1637 2.3594017831682175
1638 2.3594017831682175
1639 2.3594017831682175
1640 2.1927856662408316
1641 2.1927856662408316
1642 2.1927856662408316
1643 2.915861832956567
1644 2.915861832956567
1645 2.915861832956567
1646 2.380015315091033
1647 2.380015315091033
1648 2.380015315091033
1649 2.8466859503938857
1650 2.8466859503938857
1651 2.8466859503938857
1652 2.6223401962610238
1653 2.6223401962610238
1654 2.6223401962610238
1655 2.7221884365776
1656 2.7221884365776
1657 2.7221884365776
1658 2.0271911530636055
1659 2.0271911530636055
1660 2.0271911530636055
1661 2.84185708234575
1662 2.84185708234575
1663 2.84185708234575
1664 2.171361755935189
1665 2.171361755935189
1666 2.171361755935189
1667 2.7240664151876555
1668 2.7240664151876555
1669 2.7240664151876555
1670 2.003885435299436
1671 2.003885435299436
1672 2.003885435299436
1673 2.357882747236798
1674 2.357882747236798
1675 2.357882747236798
1676 2.6245781642144936
1677 2.6245781642144936
1678 2.6245781642144936
1679 1.6585561880449462
1680 1.6585561880449462
1681 1.6585561880449462
1682 2.1310938141081106
1683 2.1310938141081106
1684 2.1310938141081106
1685 2.473376391275864
1686 2.473376391275864
1687 2.473376391275864
1688 1.7429545337182744
1689 1.7429545337182744
1690 1.7429545337182744
1691 2.8859353032993478
1692 2.8859353032993478
1693 2.8859353032993478
1694 2.275554680749109
1695 2.275554680749109
1696 2.275554680749109
1697 1.832563237454554
1698 1.832563237454554
1699 1.832563237454554
1700 2.704816177075769
1701 2.704816177075769
1702 2.704816177075769
1703 2.408022375091814
1704 2.408022375091814
1705 2.408022375091814
1706 3.0316202082658146
1707 3.0316202082658146
1708 3.0316202082658146
1709 2.017081950826657
1710 2.017081950826657
1711 2.017081950826657
1712 2.5891529334512104
1713 2.5891529334512104
1714 2.5891529334512104
1715 2.2270216726741094
1716 2.2270216726741094
1717 2.2270216726741094
1718 2.993367681689456
1719 2.993367681689456
1720 2.993367681689456
1721 2.6939388202185723
1722 2.6939388202185723
1723 2.6939388202185723
1724 2.0327487374439515
1725 2.0327487374439515
1726 2.0327487374439515
1727 3.2272262799086935
1728 3.2272262799086935
1729 3.2272262799086935
1730 1.8817537326754694
1731 1.8817537326754694
1732 1.8817537326754694
1733 2.6648275291492234
1734 2.6648275291492234
1735 2.6648275291492234
1736 2.237513258434625
1737 2.237513258434625
1738 2.237513258434625
1739 0.6119984817851504
1740 0.6119984817851504
1741 0.6119984817851504
1742 0.701047186568254
1743 0.701047186568254
1744 0.701047186568254
1745 0.7746004245243202
1746 0.7746004245243202
1747 0.7746004245243202
1748 0.7399546173184586
1749 0.7399546173184586
1750 0.7399546173184586
1751 0.7442143725929086
1752 0.7442143725929086
1753 0.7442143725929086
1754 0.5656607895856176
1755 0.5656607895856176
1756 0.5656607895856176
1757 0.602639208947011
1758 0.602639208947011
1759 0.602639208947011
1760 0.6580055914726909
1761 0.6580055914726909
1762 0.6580055914726909
1763 0.5373531121804545
1764 3.178937958930885
1765 3.178937958930885
1766 3.178937958930885
1767 1.5719553749047435
1768 1.5719553749047435
1769 1.5719553749047435
1770 3.0749158518428916
1771 3.0749158518428916
1772 3.0749158518428916
1773 3.178772925502443
1774 3.178772925502443
1775 3.178772925502443
1776 3.414707886617206
1777 3.414707886617206
1778 3.414707886617206
1779 2.583998196949205
1780 2.583998196949205
1781 2.583998196949205
1782 1.9618174597189229
1783 1.9618174597189229
1784 1.9618174597189229
1785 3.3769396423913376
1786 3.3769396423913376
1787 3.3769396423913376
1788 3.0532312086771194
1789 3.0532312086771194
1790 3.0532312086771194
1791 3.339531238722557
1792 3.339531238722557
1793 3.339531238722557
1794 3.041775108458443
1795 3.041775108458443
1796 3.041775108458443
1797 2.7901159938569204
1798 2.7901159938569204
1799 2.7901159938569204
1800 2.21938915178559
1801 2.21938915178559
1802 2.21938915178559
1803 1.9292708084353447
1804 1.9292708084353447
1805 1.9292708084353447
1806 3.3477325055177003
1807 3.3477325055177003
1808 3.3477325055177003
1809 2.3883817758584467
1810 2.3883817758584467
1811 2.3883817758584467
1812 3.433755945933225
1813 3.433755945933225
1814 3.433755945933225
1815 3.009424799136634
1816 3.009424799136634
1817 3.009424799136634
1818 2.9741581818932246
1819 2.9741581818932246
1820 2.9741581818932246
1821 2.9270344245961186
1822 2.9270344245961186
1823 2.9270344245961186
1824 4.083708713901216
1825 4.083708713901216
1826 4.083708713901216
1827 2.8676231078329844
1828 2.8676231078329844
1829 2.8676231078329844
1830 3.003335025964018
1831 3.003335025964018
1832 3.003335025964018
1833 2.743693808536383
1834 2.743693808536383
1835 2.743693808536383
1836 2.7853512824864657
1837 2.7853512824864657
1838 2.7853512824864657
1839 2.7567153992682427
1840 2.7567153992682427
1841 2.7567153992682427
1842 3.0159206828783205
1843 3.0159206828783205
1844 3.0159206828783205
1845 3.7250866556901685
1846 3.7250866556901685
1847 3.7250866556901685
1848 2.5102141414899326
1849 2.5102141414899326
1850 2.5102141414899326
1851 2.4775950776641578
1852 2.4775950776641578
1853 2.4775950776641578
1854 2.224982769861202
1855 2.224982769861202
1856 2.224982769861202
1857 1.0787062918421866
1858 1.0787062918421866
1859 1.0787062918421866
1860 1.3601941585754767
1861 1.3601941585754767
1862 1.3601941585754767
1863 1.213738548887108
1864 1.213738548887108
1865 1.213738548887108
1866 1.073234852931118
1867 1.073234852931118
1868 1.073234852931118
1869 1.1147709765028937
1870 1.1147709765028937
1871 1.1147709765028937
1872 1.1168798937269728
1873 1.1168798937269728
1874 1.1168798937269728
1875 1.0138896715180934
1876 1.0138896715180934
1877 1.0138896715180934
1878 0.9873423078633865
1879 0.9873423078633865
1880 0.9873423078633865
1881 0.7653384841907815
1882 0.7653384841907815
1883 0.7653384841907815
1884 1.0246914082817262
1885 1.0246914082817262
1886 1.0246914082817262
1887 1.119252465102062
1888 1.119252465102062
1889 1.119252465102062
1890 1.2615230156390171
1891 1.2615230156390171
1892 3.5528911029734567
1893 3.5528911029734567
1894 3.5528911029734567
1895 4.051858729453695
1896 4.051858729453695
1897 4.051858729453695
1898 3.5180474652161227
1899 3.5180474652161227
1900 3.5180474652161227
1901 4.519222951235429
1902 4.519222951235429
1903 4.519222951235429
1904 4.665809753683243
1905 2.238090397393359
1906 2.238090397393359
1907 2.238090397393359
1908 2.081095171617577
1909 2.081095171617577
1910 2.081095171617577
1911 2.1826260852806185
1912 2.1826260852806185
1913 2.1826260852806185
1914 1.852835660077708
1915 1.852835660077708
1916 1.852835660077708
1917 2.038977308994875
1918 2.038977308994875
1919 2.038977308994875
1920 2.0313157080967246
1921 2.0313157080967246
1922 2.0313157080967246
1923 1.476831251297801
1924 1.476831251297801
1925 1.476831251297801
1926 1.8177827387138004
1927 1.8177827387138004
1928 1.8177827387138004
1929 4.133441110085708
1930 4.133441110085708
1931 4.133441110085708
1932 3.6767655570765303
1933 3.6767655570765303
1934 3.6767655570765303
1935 3.4801022711866776
1936 3.4801022711866776
1937 3.4801022711866776
1938 3.2830929817828287
1939 3.2830929817828287
1940 3.2830929817828287
1941 2.0357485415303778
1942 2.0357485415303778
1943 2.0357485415303778
1944 3.68932400538824
1945 3.68932400538824
1946 3.68932400538824
1947 3.15568897742611
1948 3.15568897742611
1949 3.15568897742611
1950 4.182865806525075
1951 4.182865806525075
1952 4.182865806525075
1953 4.0734899590793
1954 4.0734899590793
1955 4.0734899590793
1956 2.3708795134571314
1957 2.3708795134571314
1958 2.3708795134571314
1959 2.705838591545255
1960 2.705838591545255
1961 2.705838591545255
1962 2.937337191149883
1963 2.937337191149883
1964 2.937337191149883
1965 3.728781561393569
1966 3.728781561393569
1967 3.728781561393569
1968 3.183916011464123
1969 3.183916011464123
1970 3.183916011464123
1971 4.824247917282124
1972 4.824247917282124
1973 4.824247917282124
1974 3.4001883447655232
1975 3.4001883447655232
1976 3.4001883447655232
1977 3.283089633791298
1978 3.283089633791298
1979 3.283089633791298
1980 3.291417425902746
1981 3.291417425902746
1982 3.291417425902746
1983 4.375466654720984
1984 4.375466654720984
1985 4.375466654720984
1986 3.4033049645959403
1987 3.4033049645959403
1988 3.4033049645959403
1989 4.000741044474227
1990 4.000741044474227
1991 4.000741044474227
1992 2.4104407165258124
1993 2.4104407165258124
1994 2.4104407165258124
1995 3.0125076746623405
1996 3.0125076746623405
1997 3.0125076746623405
1998 2.560762162862503
1999 2.560762162862503
