0 0.658415249783266
1 3.543870430663233
2 3.543870430663233
3 3.543870430663233
4 3.543870430663233
5 3.026607411495347
6 3.026607411495347
7 3.026607411495347
8 3.026607411495347
9 2.1350282025766125
10 2.1350282025766125
11 2.1350282025766125
12 2.1350282025766125
13 0.8383899980308818
14 0.8383899980308818
15 0.8383899980308818
16 1.6761756426944565
17 1.6761756426944565
18 1.6761756426944565
19 1.6761756426944565
20 1.0620079830440576
21 1.0620079830440576
22 1.0620079830440576
23 1.0620079830440576
24 1.9322115644648314
25 1.9322115644648314
26 1.9322115644648314
27 1.9322115644648314
28 0.49007683968206217
29 0.49007683968206217
30 0.49007683968206217
31 0.49007683968206217
32 0.5554842598857705
33 0.5554842598857705
34 0.5554842598857705
35 0.5554842598857705
36 0.39604866946045597
37 1.752391660694919
38 1.752391660694919
39 1.752391660694919
40 0.7768386377502754
41 0.7768386377502754
42 0.7768386377502754
43 0.7768386377502754
44 2.7515808694721215
45 2.7515808694721215
46 2.7515808694721215
47 2.7515808694721215
48 1.9939892437277251
49 1.9939892437277251
50 1.9939892437277251
51 1.9939892437277251
52 3.1794894359025667
53 3.1794894359025667
54 3.1794894359025667
55 3.1794894359025667
56 2.415378823223549
57 2.415378823223549
58 2.415378823223549
59 2.415378823223549
60 2.6209091187090827
61 2.6209091187090827
62 2.6209091187090827
63 2.6209091187090827
64 2.9424591582387842
65 2.9424591582387842
66 2.5531171830105324
67 2.5531171830105324
68 2.5531171830105324
69 2.5531171830105324
70 4.662752238243894
71 4.662752238243894
72 4.662752238243894
73 4.662752238243894
74 2.3251327908837243
75 2.3251327908837243
76 2.3251327908837243
77 2.3251327908837243
78 4.059317677091477
79 4.059317677091477
80 4.059317677091477
81 4.059317677091477
82 2.5342500894315623
83 2.5342500894315623
84 2.5342500894315623
85 2.5342500894315623
86 4.454108259737443
87 4.454108259737443
88 4.454108259737443
89 4.454108259737443
90 3.2562620053779714
91 0.9642261508919484
92 0.9642261508919484
93 0.9642261508919484
94 0.9642261508919484
95 0.8286318156084173
96 0.8286318156084173
97 0.8286318156084173
98 0.8286318156084173
99 0.5883863327625951
100 0.5883863327625951
101 0.5883863327625951
102 0.5883863327625951
103 0.5435859597766413
104 0.5435859597766413
105 0.5435859597766413
106 0.5435859597766413
107 0.3019977003076032
108 0.3019977003076032
109 0.3019977003076032
110 0.3019977003076032
111 0.2860515700236607
112 0.2860515700236607
113 0.2860515700236607
114 0.2860515700236607
115 1.186711613365228
116 1.186711613365228
117 1.186711613365228
118 1.186711613365228
119 1.6444794935630775
120 1.6444794935630775
121 1.6444794935630775
122 1.6444794935630775
123 2.6502475701689363
124 2.6502475701689363
125 2.6502475701689363
126 2.6502475701689363
127 1.2312702209243993
128 1.2312702209243993
129 1.2312702209243993
130 1.2312702209243993
131 1.2398117708549607
132 1.2398117708549607
133 2.1976277244287314
134 2.1976277244287314
135 0.882491558723486
136 0.882491558723486
137 0.882491558723486
138 0.882491558723486
139 0.680184087851804
140 0.680184087851804
141 0.680184087851804
142 0.680184087851804
143 0.8301647529428242
144 0.8301647529428242
145 0.8301647529428242
146 0.8301647529428242
147 0.28202756763063447
148 0.28202756763063447
149 0.28202756763063447
150 0.28202756763063447
151 0.9049522308374616
152 0.9049522308374616
153 0.9049522308374616
154 0.9049522308374616
155 0.5897615855873548
156 0.5897615855873548
157 0.5897615855873548
158 0.5897615855873548
159 0.6611391079574422
160 0.6611391079574422
161 0.6611391079574422
162 0.6611391079574422
163 1.0496193060780403
164 1.0496193060780403
165 1.0496193060780403
166 1.0496193060780403
167 1.629107838186472
168 1.629107838186472
169 1.629107838186472
170 1.629107838186472
171 3.5820564747972785
172 3.5820564747972785
173 3.5820564747972785
174 3.5820564747972785
175 3.0692282367054227
176 3.0692282367054227
177 3.0692282367054227
178 3.0692282367054227
179 0.770734420072801
180 0.770734420072801
181 0.770734420072801
182 0.770734420072801
183 3.0023554073234164
184 3.0023554073234164
185 3.0023554073234164
186 3.0023554073234164
187 1.0337078999331932
188 1.0337078999331932
189 1.0337078999331932
190 1.0337078999331932
191 2.1478726334339973
192 2.1478726334339973
193 2.1478726334339973
194 2.1478726334339973
195 2.147828824057755
196 2.147828824057755
197 2.147828824057755
198 2.147828824057755
199 2.1251988776597828
200 2.1251988776597828
201 2.1251988776597828
202 2.1251988776597828
203 1.7239104446194693
204 1.7239104446194693
205 1.7239104446194693
206 1.7239104446194693
207 1.6926339658447866
208 1.6926339658447866
209 1.6926339658447866
210 1.6926339658447866
211 2.755590330417521
212 2.755590330417521
213 2.755590330417521
214 2.755590330417521
215 2.430470580962725
216 2.430470580962725
217 2.430470580962725
218 2.430470580962725
219 1.0710658748523783
220 1.0710658748523783
221 1.0710658748523783
222 1.0710658748523783
223 2.801666456349759
224 2.801666456349759
225 2.801666456349759
226 2.801666456349759
227 2.8955302005309864
228 2.8955302005309864
229 2.8955302005309864
230 2.8955302005309864
231 2.120662350920723
232 2.120662350920723
233 2.120662350920723
234 2.120662350920723
235 2.4204561344685125
236 2.4204561344685125
237 2.4204561344685125
238 2.4204561344685125
239 1.1620724547923347
240 1.1620724547923347
241 1.1620724547923347
242 1.1620724547923347
243 0.8018057475171612
244 0.8018057475171612
245 0.8018057475171612
246 0.8018057475171612
247 2.3554992318939765
248 2.3554992318939765
249 2.3554992318939765
250 2.3554992318939765
251 1.6561235634000038
252 1.6561235634000038
253 1.6561235634000038
254 1.6561235634000038
255 1.3600921776896402
256 1.3600921776896402
257 2.883669590466874
258 2.883669590466874
259 2.883669590466874
260 2.883669590466874
261 6.299453945609887
262 6.299453945609887
263 6.299453945609887
264 6.299453945609887
265 2.7067767391646074
266 2.7067767391646074
267 2.7067767391646074
268 2.7067767391646074
269 2.388717956247295
270 2.388717956247295
271 2.388717956247295
272 2.388717956247295
273 3.051186001457051
274 3.051186001457051
275 3.051186001457051
276 3.051186001457051
277 3.5032088891710984
278 3.5032088891710984
279 3.5032088891710984
280 3.5032088891710984
281 4.246998076378572
282 4.246998076378572
283 4.246998076378572
284 4.246998076378572
285 3.1923360317833924
286 3.1923360317833924
287 3.1923360317833924
288 3.1923360317833924
289 3.5650722967807624
290 3.5650722967807624
291 3.5650722967807624
292 3.5650722967807624
293 4.461380859264978
294 4.461380859264978
295 4.461380859264978
296 4.461380859264978
297 2.970554994444086
298 2.970554994444086
299 2.970554994444086
300 2.970554994444086
301 2.1409851046028283
302 2.1409851046028283
303 2.1409851046028283
304 2.1409851046028283
305 1.3303891991143648
306 1.3303891991143648
307 1.3303891991143648
308 1.3303891991143648
309 0.5117362337545033
310 3.253525190694028
311 2.316759002560304
312 6.132544587091605
313 6.132544587091605
314 6.132544587091605
315 6.132544587091605
316 5.335611630121123
317 5.335611630121123
318 5.335611630121123
319 5.335611630121123
320 5.359330706578486
321 5.359330706578486
322 5.359330706578486
323 5.359330706578486
324 4.422321386846273
325 4.422321386846273
326 4.422321386846273
327 4.422321386846273
328 1.7980239060670882
329 0.8921921087391732
330 0.8921921087391732
331 0.8921921087391732
332 0.2748717427661358
333 0.2748717427661358
334 0.2748717427661358
335 0.2748717427661358
336 0.18262148928004912
337 0.18262148928004912
338 0.18262148928004912
339 0.18262148928004912
340 0.17138608275429845
341 0.17138608275429845
342 0.17138608275429845
343 0.17138608275429845
344 0.1993994394560166
345 0.1993994394560166
346 0.1993994394560166
347 0.1993994394560166
348 0.12248765835462537
349 0.12248765835462537
350 0.12248765835462537
351 0.12248765835462537
352 0.1840968525536284
353 0.1840968525536284
354 0.1840968525536284
355 0.1840968525536284
356 0.14569055103092676
357 0.14569055103092676
358 0.14569055103092676
359 0.14569055103092676
360 0.23409799787315294
361 0.23409799787315294
362 0.23409799787315294
363 0.23409799787315294
364 0.1298973111569378
365 0.1298973111569378
366 0.1298973111569378
367 0.1298973111569378
368 0.1
369 0.1
370 0.1
371 0.1
372 0.4570176942504773
373 2.1340159814119892
374 2.1340159814119892
375 2.1340159814119892
376 2.1340159814119892
377 1.7046932583525367
378 1.7046932583525367
379 1.7046932583525367
380 1.7046932583525367
381 1.527634621825011
382 1.527634621825011
383 1.527634621825011
384 1.527634621825011
385 2.406145412907974
386 2.406145412907974
387 2.406145412907974
388 2.406145412907974
389 0.5129634646037773
390 0.5129634646037773
391 0.5129634646037773
392 0.5129634646037773
393 2.09888463956449
394 2.09888463956449
395 2.09888463956449
396 2.09888463956449
397 2.1855800035774124
398 2.1855800035774124
399 0.3230784187754623
400 0.3230784187754623
401 0.3230784187754623
402 0.3230784187754623
403 1.9512235718630646
404 3.1706773786217077
405 3.1706773786217077
406 3.1706773786217077
407 3.1706773786217077
408 1.3777742785141853
409 1.3777742785141853
410 1.3777742785141853
411 1.3777742785141853
412 2.54293383877657
413 2.54293383877657
414 2.54293383877657
415 2.54293383877657
416 3.2115416695645247
417 3.2115416695645247
418 3.2115416695645247
419 3.2115416695645247
420 3.7902166923777765
421 3.7902166923777765
422 3.7902166923777765
423 3.7902166923777765
424 2.4149838976034546
425 2.4149838976034546
426 2.4149838976034546
427 2.4149838976034546
428 3.5506650638382187
429 3.5506650638382187
430 3.5506650638382187
431 3.5506650638382187
432 4.2862079136959075
433 4.2862079136959075
434 0.5010236826566631
435 0.5010236826566631
436 0.5010236826566631
437 0.5010236826566631
438 0.619758149110986
439 0.619758149110986
440 0.619758149110986
441 0.619758149110986
442 0.8373431090074361
443 0.8373431090074361
444 0.8373431090074361
445 0.8373431090074361
446 1.9866694770652238
447 1.9866694770652238
448 1.9866694770652238
449 1.9866694770652238
450 0.9065622317076918
451 0.9065622317076918
452 0.9065622317076918
453 0.9065622317076918
454 1.7600490534970397
455 1.7600490534970397
456 1.7600490534970397
457 1.7600490534970397
458 2.3186101065058295
459 2.3186101065058295
460 4.023849480746927
461 4.023849480746927
462 4.023849480746927
463 4.023849480746927
464 4.643622501285542
465 4.643622501285542
466 4.643622501285542
467 4.643622501285542
468 2.6353779604248286
469 2.6353779604248286
470 2.6353779604248286
471 2.6353779604248286
472 3.7115187488711987
473 3.7115187488711987
474 3.7115187488711987
475 3.7115187488711987
476 2.757096095358629
477 2.757096095358629
478 2.757096095358629
479 1.1005745072564346
480 1.1005745072564346
481 1.1005745072564346
482 1.1005745072564346
483 0.8820917464086323
484 0.8820917464086323
485 0.8820917464086323
486 0.8820917464086323
487 0.8920261492225287
488 0.8920261492225287
489 0.8920261492225287
490 0.8920261492225287
491 0.1
492 0.1
493 0.1
494 0.1
495 0.7814166254503816
496 0.7814166254503816
497 0.7814166254503816
498 0.7814166254503816
499 0.39455210936857377
500 0.39455210936857377
501 0.39455210936857377
502 0.39455210936857377
503 0.5194367836064644
504 0.5194367836064644
505 0.5194367836064644
506 0.5194367836064644
507 1.3060365212649891
508 1.3060365212649891
509 1.3060365212649891
510 1.3060365212649891
511 2.8966940652752817
512 2.8966940652752817
513 2.8966940652752817
514 2.8966940652752817
515 1.836253641048439
516 1.836253641048439
517 1.836253641048439
518 1.836253641048439
519 0.1173769018926063
520 2.408303684252432
521 2.408303684252432
522 2.408303684252432
523 2.408303684252432
524 2.075206721812864
525 2.075206721812864
526 2.075206721812864
527 2.075206721812864
528 2.343363359033337
529 2.343363359033337
530 2.343363359033337
531 2.343363359033337
532 2.9531019829152676
533 2.9531019829152676
534 2.9531019829152676
535 2.9531019829152676
536 2.9797670472841955
537 2.9797670472841955
538 2.9797670472841955
539 2.9797670472841955
540 1.2743283790194322
541 1.2743283790194322
542 1.2743283790194322
543 1.2743283790194322
544 0.9139405315778317
545 0.9139405315778317
546 0.9139405315778317
547 0.9139405315778317
548 1.1719825156599686
549 1.1719825156599686
550 1.1719825156599686
551 1.1719825156599686
552 0.39053285707141017
553 0.39053285707141017
554 0.39053285707141017
555 0.39053285707141017
556 2.0898384517101904
557 2.0898384517101904
558 2.0898384517101904
559 2.0898384517101904
560 4.514389196174903
561 4.514389196174903
562 4.514389196174903
563 4.514389196174903
564 3.560368971326769
565 3.560368971326769
566 3.560368971326769
567 3.560368971326769
568 3.734831046591744
569 3.734831046591744
570 3.734831046591744
571 3.734831046591744
572 2.979166148850782
573 2.979166148850782
574 2.979166148850782
575 2.979166148850782
576 3.3140850990714994
577 3.3140850990714994
578 3.3140850990714994
579 3.3140850990714994
580 3.8274311486046644
581 3.8274311486046644
582 3.8274311486046644
583 3.8274311486046644
584 1.9596696893586347
585 1.9596696893586347
586 1.9596696893586347
587 1.9596696893586347
588 2.6869715162247783
589 2.6869715162247783
590 2.6869715162247783
591 2.6869715162247783
592 3.173419426467706
593 3.173419426467706
594 3.173419426467706
595 3.173419426467706
596 3.471400258268488
597 3.471400258268488
598 3.471400258268488
599 3.471400258268488
600 0.6476400728462082
601 0.6476400728462082
602 0.6476400728462082
603 0.6476400728462082
604 3.5346821625226865
605 3.5346821625226865
606 3.5346821625226865
607 3.5346821625226865
608 1.0874229295828006
609 1.0874229295828006
610 1.0874229295828006
611 1.0874229295828006
612 3.915441615411668
613 3.915441615411668
614 3.915441615411668
615 0.43897960289438975
616 0.43897960289438975
617 0.43897960289438975
618 0.5121224550329769
619 0.5121224550329769
620 0.5121224550329769
621 0.5121224550329769
622 0.6693478527720573
623 0.6693478527720573
624 0.6693478527720573
625 0.6693478527720573
626 0.951207814593954
627 0.951207814593954
628 0.951207814593954
629 0.951207814593954
630 0.8042699115749982
631 0.8042699115749982
632 0.8042699115749982
633 0.8042699115749982
634 0.711446508996462
635 0.711446508996462
636 0.711446508996462
637 0.711446508996462
638 0.957283934912537
639 0.957283934912537
640 0.957283934912537
641 0.957283934912537
642 0.6080415880623118
643 0.6080415880623118
644 0.6080415880623118
645 0.6080415880623118
646 0.4852948772475404
647 0.4852948772475404
648 0.4852948772475404
649 0.4852948772475404
650 0.9472544012014898
651 0.9472544012014898
652 0.9472544012014898
653 0.9472544012014898
654 0.49396617533487464
655 0.49396617533487464
656 0.49396617533487464
657 0.49396617533487464
658 0.1
659 0.1
660 0.1
661 0.1
662 0.7836391721026791
663 0.7836391721026791
664 0.7836391721026791
665 0.7836391721026791
666 0.6509611225717647
667 0.6509611225717647
668 0.6509611225717647
669 0.6509611225717647
670 0.6338483886100339
671 0.6338483886100339
672 0.6338483886100339
673 0.6338483886100339
674 0.5367466068196272
675 0.5367466068196272
676 0.5367466068196272
677 0.5367466068196272
678 0.7485639356387331
679 0.7485639356387331
680 0.7485639356387331
681 0.7485639356387331
682 1.0694078695404974
683 1.0694078695404974
684 1.0694078695404974
685 1.0694078695404974
686 0.7608500263435758
687 0.7608500263435758
688 0.7608500263435758
689 0.7608500263435758
690 0.8650064824263068
691 0.8650064824263068
692 0.8650064824263068
693 0.8650064824263068
694 0.7502428977032451
695 0.7502428977032451
696 0.7502428977032451
697 0.7502428977032451
698 0.3088556154892741
699 0.3088556154892741
700 0.3088556154892741
701 0.3088556154892741
702 0.9887416814011403
703 0.9887416814011403
704 0.9887416814011403
705 0.9887416814011403
706 0.8287083410275264
707 0.8287083410275264
708 0.8287083410275264
709 0.8287083410275264
710 0.21168348439063134
711 0.21168348439063134
712 0.21168348439063134
713 0.21168348439063134
714 0.5812609789114574
715 0.5812609789114574
716 0.5812609789114574
717 0.5812609789114574
718 0.6402153746183504
719 0.6402153746183504
720 0.6402153746183504
721 0.6402153746183504
722 0.6302673325139307
723 0.6302673325139307
724 0.6302673325139307
725 0.6302673325139307
726 0.70448556342116
727 0.70448556342116
728 0.70448556342116
729 0.70448556342116
730 0.37344151820876814
731 0.37344151820876814
732 0.37344151820876814
733 0.37344151820876814
734 0.4675970033820587
735 0.4675970033820587
736 5.343194305089235
737 5.343194305089235
738 5.343194305089235
739 5.343194305089235
740 2.413746730489117
741 2.413746730489117
742 2.413746730489117
743 2.413746730489117
744 2.7976129351315144
745 2.7976129351315144
746 2.7976129351315144
747 2.7976129351315144
748 4.002465290850607
749 4.002465290850607
750 4.002465290850607
751 4.002465290850607
752 1.651126053600121
753 1.651126053600121
754 1.651126053600121
755 1.651126053600121
756 2.5367097804694367
757 2.5367097804694367
758 2.5367097804694367
759 2.5367097804694367
760 1.6243850326310594
761 1.6243850326310594
762 1.6243850326310594
763 1.6243850326310594
764 2.4262047704767546
765 2.4262047704767546
766 2.4262047704767546
767 2.4262047704767546
768 5.345551283685568
769 5.345551283685568
770 5.345551283685568
771 5.345551283685568
772 3.1931922578831005
773 3.1931922578831005
774 3.1931922578831005
775 3.1931922578831005
776 4.671532051973136
777 4.671532051973136
778 4.671532051973136
779 4.671532051973136
780 2.4753494043859763
781 2.4753494043859763
782 2.4753494043859763
783 2.4753494043859763
784 2.86364543293837
785 2.86364543293837
786 2.86364543293837
787 2.86364543293837
788 4.093979810547371
789 4.093979810547371
790 4.093979810547371
791 4.093979810547371
792 2.6912692662238737
793 2.6912692662238737
794 2.6912692662238737
795 1.8000695958260942
796 1.8000695958260942
797 1.8000695958260942
798 1.8000695958260942
799 1.0484425289041108
800 1.0484425289041108
801 1.0484425289041108
802 1.0484425289041108
803 2.2234100794066505
804 2.2234100794066505
805 2.2234100794066505
806 2.2234100794066505
807 0.5245228820285628
808 0.5245228820285628
809 0.5245228820285628
810 0.5245228820285628
811 2.2947295049025787
812 2.2947295049025787
813 2.2947295049025787
814 2.2947295049025787
815 0.46664693922842715
816 0.46664693922842715
817 0.46664693922842715
818 0.46664693922842715
819 1.3724999626674466
820 1.3724999626674466
821 1.3724999626674466
822 1.3724999626674466
823 1.7489745950019062
824 1.7489745950019062
825 1.7489745950019062
826 1.7489745950019062
827 2.942251977415809
828 2.942251977415809
829 2.942251977415809
830 2.942251977415809
831 2.2182609636529467
832 2.2182609636529467
833 2.2182609636529467
834 2.2182609636529467
835 2.6921876648346816
836 2.6921876648346816
837 2.6921876648346816
838 2.6921876648346816
839 1.1165443411884222
840 1.1165443411884222
841 1.1165443411884222
842 1.1165443411884222
843 1.1211784268475813
844 1.1211784268475813
845 1.1211784268475813
846 1.1211784268475813
847 2.063311804068695
848 2.063311804068695
849 2.063311804068695
850 2.063311804068695
851 3.169763470553031
852 5.36205717299115
853 5.36205717299115
854 5.36205717299115
855 5.36205717299115
856 3.8056056343552234
857 3.8056056343552234
858 3.8056056343552234
859 3.8056056343552234
860 3.427633226880007
861 3.427633226880007
862 3.427633226880007
863 3.427633226880007
864 1.3689798217076865
865 1.3689798217076865
866 1.3689798217076865
867 1.3689798217076865
868 0.5103101407598202
869 0.5103101407598202
870 0.5103101407598202
871 0.5103101407598202
872 1.0814938226029542
873 1.0814938226029542
874 1.0814938226029542
875 1.0814938226029542
876 1.436163934488906
877 1.436163934488906
878 1.436163934488906
879 1.436163934488906
880 1.2952286240957656
881 1.2952286240957656
882 1.2952286240957656
883 1.2952286240957656
884 1.204741434104751
885 1.204741434104751
886 1.204741434104751
887 2.0087021132847904
888 2.0087021132847904
889 2.0087021132847904
890 2.0087021132847904
891 1.0148354256956773
892 1.0148354256956773
893 1.0148354256956773
894 1.0148354256956773
895 2.760421392107376
896 2.760421392107376
897 2.760421392107376
898 2.760421392107376
899 1.7769908941048222
900 1.7769908941048222
901 1.7769908941048222
902 1.7769908941048222
903 2.8105337371219803
904 2.8105337371219803
905 2.8105337371219803
906 2.8105337371219803
907 1.2886210369325681
908 1.2886210369325681
909 1.2886210369325681
910 1.2886210369325681
911 1.4450556602050617
912 1.4450556602050617
913 1.4450556602050617
914 1.4450556602050617
915 4.890665495928884
916 4.890665495928884
917 4.890665495928884
918 4.890665495928884
919 1.9698489981126381
920 1.9698489981126381
921 1.9698489981126381
922 1.9698489981126381
923 2.8965597064062036
924 2.8965597064062036
925 2.8965597064062036
926 2.8965597064062036
927 2.9263722917417256
928 2.9263722917417256
929 2.9263722917417256
930 2.9263722917417256
931 2.0452527909827953
932 2.0452527909827953
933 2.0452527909827953
934 2.0452527909827953
935 3.5301852247587737
936 3.5301852247587737
937 4.683733193197906
938 4.683733193197906
939 4.683733193197906
940 4.683733193197906
941 4.459524418285766
942 4.459524418285766
943 4.459524418285766
944 4.459524418285766
945 4.675320589884397
946 4.675320589884397
947 4.675320589884397
948 4.675320589884397
949 2.882616700175707
950 2.882616700175707
951 2.882616700175707
952 2.882616700175707
953 2.6875431476139466
954 2.6875431476139466
955 2.6875431476139466
956 2.6875431476139466
957 4.005506444860804
958 4.005506444860804
959 4.005506444860804
960 4.005506444860804
961 2.6971766224991054
962 2.6971766224991054
963 2.6971766224991054
964 2.6971766224991054
965 2.6714800082933308
966 2.6714800082933308
967 2.6714800082933308
968 2.6714800082933308
969 2.2568542945992762
970 2.2568542945992762
971 4.445056971140941
972 3.086829484020761
973 3.086829484020761
974 3.086829484020761
975 3.086829484020761
976 6.189050270882445
977 6.189050270882445
978 6.189050270882445
979 6.189050270882445
980 3.105952897192662
981 3.105952897192662
982 3.105952897192662
983 3.105952897192662
984 0.6608259313414593
985 0.6608259313414593
986 0.6608259313414593
987 0.6608259313414593
988 2.847184111171811
989 2.847184111171811
990 2.847184111171811
991 2.847184111171811
992 1.441176392695572
993 1.441176392695572
994 1.441176392695572
995 1.441176392695572
996 3.4763850209294853
997 3.4763850209294853
998 3.4763850209294853
999 3.4763850209294853
1000 3.3487875594115915
1001 3.3487875594115915
1002 3.3487875594115915
1003 3.3487875594115915
1004 1.321264067281327
1005 1.321264067281327
1006 1.321264067281327
1007 1.321264067281327
1008 2.4500088524852295
1009 2.4500088524852295
1010 2.4500088524852295
1011 2.4500088524852295
1012 2.7838453010781046
1013 2.7838453010781046
1014 2.7838453010781046
1015 2.7838453010781046
1016 0.8157348598202305
1017 0.8157348598202305
1018 0.8157348598202305
1019 0.8157348598202305
1020 2.5014314396940525
1021 2.5014314396940525
1022 2.5014314396940525
1023 2.5014314396940525
1024 3.195439109770386
1025 3.195439109770386
1026 3.195439109770386
1027 3.195439109770386
1028 3.1979503383862253
1029 3.1979503383862253
1030 3.1979503383862253
1031 3.1979503383862253
1032 2.4695601746764
1033 2.4695601746764
1034 2.4695601746764
1035 2.4695601746764
1036 2.703287932750541
1037 2.703287932750541
1038 2.703287932750541
1039 2.703287932750541
1040 3.1740219750782854
1041 3.1740219750782854
1042 3.1740219750782854
1043 3.1740219750782854
1044 2.608504831480246
1045 2.608504831480246
1046 2.608504831480246
1047 2.608504831480246
1048 1.5708739164158643
1049 1.5708739164158643
1050 1.5708739164158643
1051 1.5708739164158643
1052 1.7367632456521733
1053 1.7367632456521733
1054 1.7367632456521733
1055 1.7367632456521733
1056 2.657217106677346
1057 2.657217106677346
1058 2.657217106677346
1059 2.657217106677346
1060 3.1697517944696516
1061 3.1697517944696516
1062 3.1697517944696516
1063 3.1697517944696516
1064 3.350564375255382
1065 3.350564375255382
1066 3.350564375255382
1067 3.350564375255382
1068 2.5742155331372083
1069 2.5742155331372083
1070 2.5742155331372083
1071 2.5742155331372083
1072 2.584126156576249
1073 2.584126156576249
1074 2.584126156576249
1075 2.584126156576249
1076 3.3176788326430997
1077 3.3176788326430997
1078 3.3176788326430997
1079 3.3176788326430997
1080 4.447370936427336
1081 4.447370936427336
1082 4.447370936427336
1083 4.447370936427336
1084 0.8506534795802407
1085 0.8506534795802407
1086 0.8506534795802407
1087 0.8506534795802407
1088 2.8466312227250476
1089 2.8466312227250476
1090 2.8466312227250476
1091 2.8466312227250476
1092 2.389894758290501
1093 2.389894758290501
1094 2.389894758290501
1095 2.389894758290501
1096 2.306792133039607
1097 2.306792133039607
1098 2.306792133039607
1099 2.306792133039607
1100 2.7742308838240977
1101 2.7742308838240977
1102 2.7742308838240977
1103 2.7742308838240977
1104 2.2179576007113067
1105 2.2179576007113067
1106 2.2179576007113067
1107 2.2179576007113067
1108 0.1
1109 0.1
1110 0.1
1111 0.1
1112 2.462531016273724
1113 2.462531016273724
1114 2.462531016273724
1115 2.462531016273724
1116 1.9522653191555306
1117 1.9522653191555306
1118 1.9522653191555306
1119 1.9522653191555306
1120 2.416214566512846
1121 2.416214566512846
1122 2.416214566512846
1123 2.416214566512846
1124 3.2591613394340726
1125 3.2591613394340726
1126 3.2591613394340726
1127 3.2591613394340726
1128 1.2370631858809125
1129 1.2370631858809125
1130 1.2370631858809125
1131 1.2370631858809125
1132 1.695055514624404
1133 1.695055514624404
1134 1.695055514624404
1135 1.695055514624404
1136 0.9101358028762883
1137 0.9101358028762883
1138 0.9101358028762883
1139 0.9101358028762883
1140 2.3399808285768535
1141 2.3399808285768535
1142 2.1286639056221595
1143 2.1286639056221595
1144 2.1286639056221595
1145 2.1286639056221595
1146 1.129494253022178
1147 1.129494253022178
1148 1.129494253022178
1149 1.129494253022178
1150 1.9071847701740974
1151 1.9071847701740974
1152 0.18739285503314027
1153 0.18739285503314027
1154 0.18739285503314027
1155 0.18739285503314027
1156 0.10366618627772253
1157 0.10366618627772253
1158 0.10366618627772253
1159 0.10366618627772253
1160 0.11233014488968569
1161 0.11233014488968569
1162 0.11233014488968569
1163 0.11233014488968569
1164 0.16994014490298143
1165 0.16994014490298143
1166 0.16994014490298143
1167 0.16994014490298143
1168 0.1
1169 0.1
1170 0.1
1171 0.1
1172 0.1801906259856802
1173 0.1801906259856802
1174 0.1801906259856802
1175 0.1801906259856802
1176 0.18595833739608408
1177 0.18595833739608408
1178 0.18595833739608408
1179 0.18595833739608408
1180 0.2696825963722883
1181 0.2696825963722883
1182 1.4126697901123402
1183 1.4126697901123402
1184 1.4126697901123402
1185 1.4126697901123402
1186 2.1512524996701154
1187 2.1512524996701154
1188 2.1512524996701154
1189 2.1512524996701154
1190 1.2270519051806645
1191 1.2270519051806645
1192 1.2270519051806645
1193 1.2270519051806645
1194 1.200931958904097
1195 1.200931958904097
1196 1.200931958904097
1197 1.200931958904097
1198 2.1806200495409573
1199 2.1806200495409573
1200 2.1806200495409573
1201 2.1806200495409573
1202 0.9223431731127169
1203 0.9223431731127169
1204 0.9223431731127169
1205 0.9223431731127169
1206 2.425078179237644
1207 2.425078179237644
1208 2.425078179237644
1209 2.425078179237644
1210 1.8475440886725423
1211 1.8475440886725423
1212 1.8475440886725423
1213 1.8475440886725423
1214 0.7172801982006406
1215 0.7172801982006406
1216 1.2805187672087024
1217 1.2805187672087024
1218 1.2805187672087024
1219 1.2805187672087024
1220 1.0719884856154245
1221 1.0719884856154245
1222 1.0719884856154245
1223 1.0719884856154245
1224 1.0913591503067162
1225 1.0913591503067162
1226 1.0913591503067162
1227 1.0913591503067162
1228 1.0538039825075092
1229 1.0538039825075092
1230 3.21968220339646
1231 3.21968220339646
1232 3.21968220339646
1233 3.21968220339646
1234 1.8079471555112046
1235 1.8079471555112046
1236 1.8079471555112046
1237 1.8079471555112046
1238 1.36428843605018
1239 1.36428843605018
1240 1.36428843605018
1241 1.36428843605018
1242 1.6766015864299009
1243 1.6766015864299009
1244 1.6766015864299009
1245 1.6766015864299009
1246 2.2319107653623402
1247 2.2319107653623402
1248 2.2319107653623402
1249 2.2319107653623402
1250 2.9751117527025803
1251 2.9751117527025803
1252 1.4332396414255852
1253 1.4332396414255852
1254 1.4332396414255852
1255 1.4332396414255852
1256 1.4776776540345913
1257 2.9775331935688656
1258 2.9775331935688656
1259 2.9775331935688656
1260 2.9775331935688656
1261 3.126285822021585
1262 3.126285822021585
1263 3.126285822021585
1264 3.126285822021585
1265 4.264682112572363
1266 4.264682112572363
1267 4.264682112572363
1268 4.264682112572363
1269 2.7536397497138836
1270 2.7536397497138836
1271 2.7536397497138836
1272 2.7536397497138836
1273 2.66505565210136
1274 2.66505565210136
1275 2.66505565210136
1276 2.66505565210136
1277 3.037353805910492
1278 3.037353805910492
1279 3.037353805910492
1280 3.037353805910492
1281 3.260875510613411
1282 3.260875510613411
1283 3.260875510613411
1284 3.260875510613411
1285 3.564197396584386
1286 3.564197396584386
1287 3.564197396584386
1288 3.564197396584386
1289 2.8886164578435953
1290 2.8886164578435953
1291 2.8886164578435953
1292 2.8886164578435953
1293 4.7033433984477035
1294 4.7033433984477035
1295 4.7033433984477035
1296 4.7033433984477035
1297 4.2691736262683335
1298 4.2691736262683335
1299 6.194191769117879
1300 6.194191769117879
1301 6.194191769117879
1302 6.194191769117879
1303 5.836030932188891
1304 5.836030932188891
1305 5.836030932188891
1306 5.836030932188891
1307 3.8004131081953405
1308 3.8004131081953405
1309 3.8004131081953405
1310 3.8004131081953405
1311 1.5552461969823241
1312 1.5552461969823241
1313 1.5552461969823241
1314 1.5552461969823241
1315 3.7240756729055375
1316 3.7240756729055375
1317 3.7240756729055375
1318 3.7240756729055375
1319 5.16845414283798
1320 3.56953094429377
1321 3.56953094429377
1322 3.56953094429377
1323 3.56953094429377
1324 3.5432396712952006
1325 3.5432396712952006
1326 3.5432396712952006
1327 3.5432396712952006
1328 3.465831264817291
1329 3.465831264817291
1330 3.465831264817291
1331 3.465831264817291
1332 2.9894781114505884
1333 2.9894781114505884
1334 2.9894781114505884
1335 2.9894781114505884
1336 2.633465171275064
1337 2.633465171275064
1338 2.633465171275064
1339 2.633465171275064
1340 3.505604436663279
1341 3.505604436663279
1342 3.505604436663279
1343 3.505604436663279
1344 2.3265652196772773
1345 2.3265652196772773
1346 2.3265652196772773
1347 2.3265652196772773
1348 1.2408349345369099
1349 1.2408349345369099
1350 1.2408349345369099
1351 1.2408349345369099
1352 3.820714971059522
1353 3.820714971059522
1354 3.820714971059522
1355 3.820714971059522
1356 2.2532794174791206
1357 2.2532794174791206
1358 2.2532794174791206
1359 2.2532794174791206
1360 1.4334006735484315
1361 1.4334006735484315
1362 1.4334006735484315
1363 1.4334006735484315
1364 3.084475968531722
1365 3.084475968531722
1366 3.084475968531722
1367 3.084475968531722
1368 4.937866567061041
1369 4.937866567061041
1370 4.937866567061041
1371 4.937866567061041
1372 3.2373302212359554
1373 3.2373302212359554
1374 3.2373302212359554
1375 3.2373302212359554
1376 2.2570581311712488
1377 2.2570581311712488
1378 2.2570581311712488
1379 2.2570581311712488
1380 3.835273906752746
1381 3.835273906752746
1382 3.835273906752746
1383 3.835273906752746
1384 2.496249011287812
1385 2.496249011287812
1386 2.496249011287812
1387 2.496249011287812
1388 4.208843263014783
1389 4.208843263014783
1390 4.208843263014783
1391 4.208843263014783
1392 2.06569932172745
1393 2.06569932172745
1394 2.06569932172745
1395 2.06569932172745
1396 1.7737033373028472
1397 1.7737033373028472
1398 1.7737033373028472
1399 1.7737033373028472
1400 3.548659548991221
1401 3.48846358652046
1402 3.48846358652046
1403 3.48846358652046
1404 3.48846358652046
1405 2.6094066240211617
1406 2.6094066240211617
1407 2.6094066240211617
1408 2.6094066240211617
1409 5.065747609728427
1410 5.065747609728427
1411 5.065747609728427
1412 0.1493763884970305
1413 0.1493763884970305
1414 0.1493763884970305
1415 0.1493763884970305
1416 2.4964240684788805
1417 2.4964240684788805
1418 2.4964240684788805
1419 2.4964240684788805
1420 1.6303588369857784
1421 1.6303588369857784
1422 1.6303588369857784
1423 1.6303588369857784
1424 3.3404745943978775
1425 3.3404745943978775
1426 3.3404745943978775
1427 3.3404745943978775
1428 1.3618596113039425
1429 1.3618596113039425
1430 1.3618596113039425
1431 1.3618596113039425
1432 0.9219697251808514
1433 0.9219697251808514
1434 0.9219697251808514
1435 0.9219697251808514
1436 2.812265423906469
1437 2.812265423906469
1438 2.812265423906469
1439 2.812265423906469
1440 3.9351509851168256
1441 3.9351509851168256
1442 3.9351509851168256
1443 3.9351509851168256
1444 0.39636453306370734
1445 0.39636453306370734
1446 0.39636453306370734
1447 0.39636453306370734
1448 0.5335712917650054
1449 0.5335712917650054
1450 0.5335712917650054
1451 0.5335712917650054
1452 0.1708071037689542
1453 0.1708071037689542
1454 1.5834109845777147
1455 1.5834109845777147
1456 1.5834109845777147
1457 1.5834109845777147
1458 2.5455245535915703
1459 2.5455245535915703
1460 2.5455245535915703
1461 2.5455245535915703
1462 2.210588403135989
1463 2.210588403135989
1464 2.210588403135989
1465 2.210588403135989
1466 3.07820955151425
1467 3.07820955151425
1468 3.07820955151425
1469 3.07820955151425
1470 1.6402614328345224
1471 1.6402614328345224
1472 1.6402614328345224
1473 1.6402614328345224
1474 3.677717534319581
1475 3.677717534319581
1476 3.677717534319581
1477 3.677717534319581
1478 2.0336524156230134
1479 2.0336524156230134
1480 2.0336524156230134
1481 2.0336524156230134
1482 1.6981081120553863
1483 1.6981081120553863
1484 1.6981081120553863
1485 1.6981081120553863
1486 3.142931230226086
1487 3.142931230226086
1488 3.142931230226086
1489 3.142931230226086
1490 1.1640017251338184
1491 1.1640017251338184
1492 5.515144790250833
1493 5.515144790250833
1494 5.515144790250833
1495 5.515144790250833
1496 4.336507501353613
1497 4.336507501353613
1498 4.336507501353613
1499 4.336507501353613
1500 4.584948719487958
1501 4.584948719487958
1502 4.584948719487958
1503 4.584948719487958
1504 4.970999821645642
1505 4.970999821645642
1506 4.970999821645642
1507 4.970999821645642
1508 2.5704174361298966
1509 2.5704174361298966
1510 2.5704174361298966
1511 2.5704174361298966
1512 0.5038807310408462
1513 0.5038807310408462
1514 0.5038807310408462
1515 0.5038807310408462
1516 1.6623465808741489
1517 1.6623465808741489
1518 1.6623465808741489
1519 1.6623465808741489
1520 2.0219911711393292
1521 2.0219911711393292
1522 2.0219911711393292
1523 2.0219911711393292
1524 5.741326207794593
1525 5.741326207794593
1526 5.741326207794593
1527 5.741326207794593
1528 4.3834893426300185
1529 4.3834893426300185
1530 4.3834893426300185
1531 4.3834893426300185
1532 1.3425167110307124
1533 1.3425167110307124
1534 1.3425167110307124
1535 1.3425167110307124
1536 0.8225722066702192
1537 0.8225722066702192
1538 0.8225722066702192
1539 0.8225722066702192
1540 2.6184852423661096
1541 2.6184852423661096
1542 2.6184852423661096
1543 2.6184852423661096
1544 0.1
1545 0.1
1546 0.1
1547 0.1
1548 3.8515137085473814
1549 3.8515137085473814
1550 3.8515137085473814
1551 3.8515137085473814
1552 3.9742305907731934
1553 3.9742305907731934
1554 3.9742305907731934
1555 3.9742305907731934
1556 2.2516370862627566
1557 2.2516370862627566
1558 2.2516370862627566
1559 2.2516370862627566
1560 2.5974172057826808
1561 2.5974172057826808
1562 2.5974172057826808
1563 2.5974172057826808
1564 3.156007665702294
1565 3.156007665702294
1566 3.156007665702294
1567 3.156007665702294
1568 3.3112137279274263
1569 3.3112137279274263
1570 3.3112137279274263
1571 3.3112137279274263
1572 4.493172898353707
1573 4.493172898353707
1574 4.493172898353707
1575 4.493172898353707
1576 1.5811929292416116
1577 1.5811929292416116
1578 1.5811929292416116
1579 1.5811929292416116
1580 2.2324237401830507
1581 2.2324237401830507
1582 2.2324237401830507
1583 2.2324237401830507
1584 1.9116554149352862
1585 1.9116554149352862
1586 1.9116554149352862
1587 1.9116554149352862
1588 2.8667178125620554
1589 2.8667178125620554
1590 2.8667178125620554
1591 2.8667178125620554
1592 4.64218296918075
1593 4.64218296918075
1594 4.64218296918075
1595 4.64218296918075
1596 4.329535115730065
1597 4.329535115730065
1598 4.329535115730065
1599 4.329535115730065
1600 3.280106176161516
1601 3.280106176161516
1602 3.280106176161516
1603 3.280106176161516
1604 1.8714069127396356
1605 1.828932307235512
1606 1.6723725728746157
1607 1.6723725728746157
1608 1.6723725728746157
1609 1.6723725728746157
1610 0.4480085101678175
1611 0.4480085101678175
1612 0.4480085101678175
1613 0.4480085101678175
1614 1.5583699315757373
1615 1.5583699315757373
1616 1.5583699315757373
1617 2.030997430837849
1618 2.030997430837849
1619 2.030997430837849
1620 2.030997430837849
1621 4.1673974842359485
1622 4.1673974842359485
1623 4.1673974842359485
1624 4.1673974842359485
1625 3.276492036764979
1626 3.276492036764979
1627 3.276492036764979
1628 3.276492036764979
1629 6.511550323854333
1630 6.511550323854333
1631 6.511550323854333
1632 6.511550323854333
1633 4.409365341046127
1634 4.409365341046127
1635 4.409365341046127
1636 4.409365341046127
1637 3.0609636504277553
1638 3.0609636504277553
1639 3.0609636504277553
1640 3.0609636504277553
1641 3.8668506132192277
1642 3.8668506132192277
1643 3.8668506132192277
1644 3.8668506132192277
1645 5.955251693187799
1646 5.955251693187799
1647 5.955251693187799
1648 5.955251693187799
1649 1.1529650775827798
1650 1.1529650775827798
1651 1.1529650775827798
1652 1.1529650775827798
1653 4.491621221425126
1654 4.491621221425126
1655 4.491621221425126
1656 4.491621221425126
1657 5.205622474563245
1658 5.205622474563245
1659 5.205622474563245
1660 5.205622474563245
1661 4.013198687022767
1662 4.013198687022767
1663 4.013198687022767
1664 4.013198687022767
1665 3.392182505047466
1666 3.392182505047466
1667 3.392182505047466
1668 3.392182505047466
1669 1.9227254001178162
1670 1.2923021954151217
1671 1.2923021954151217
1672 1.2923021954151217
1673 1.2923021954151217
1674 2.0312262517968462
1675 2.0312262517968462
1676 2.0312262517968462
1677 2.0312262517968462
1678 1.0063913745792377
1679 1.0063913745792377
1680 1.0063913745792377
1681 1.0063913745792377
1682 1.9549359498860286
1683 1.9549359498860286
1684 1.9549359498860286
1685 1.9549359498860286
1686 2.7337406332374927
1687 2.7337406332374927
1688 2.7337406332374927
1689 2.7337406332374927
1690 1.7220921852669846
1691 1.7220921852669846
1692 1.7220921852669846
1693 1.7220921852669846
1694 2.384433754984988
1695 2.384433754984988
1696 2.384433754984988
1697 2.384433754984988
1698 2.392822502769992
1699 2.392822502769992
1700 2.392822502769992
1701 2.392822502769992
1702 1.3696334295437418
1703 1.3696334295437418
1704 1.3696334295437418
1705 1.3696334295437418
1706 1.5677665384975104
1707 1.5677665384975104
1708 1.5677665384975104
1709 1.5677665384975104
1710 2.2181142042744924
1711 2.2181142042744924
1712 2.2181142042744924
1713 2.2181142042744924
1714 0.877479290119373
1715 0.877479290119373
1716 0.5116191839625971
1717 1.6097669389092597
1718 1.6097669389092597
1719 1.6097669389092597
1720 1.6097669389092597
1721 2.6843331103657793
1722 2.6843331103657793
1723 2.6843331103657793
1724 2.6843331103657793
1725 2.959730159926063
1726 2.959730159926063
1727 2.959730159926063
1728 2.959730159926063
1729 1.768924091933604
1730 1.768924091933604
1731 1.768924091933604
1732 1.768924091933604
1733 1.441952424034475
1734 1.441952424034475
1735 1.441952424034475
1736 1.441952424034475
1737 2.9842366743486513
1738 2.9842366743486513
1739 2.9842366743486513
1740 2.9842366743486513
1741 5.329266098165001
1742 5.329266098165001
1743 5.329266098165001
1744 5.329266098165001
1745 1.7063908261657692
1746 1.7063908261657692
1747 1.7063908261657692
1748 1.7063908261657692
1749 2.851467161112569
1750 2.851467161112569
1751 2.851467161112569
1752 2.851467161112569
1753 2.533423272909601
1754 1.9776766529477885
1755 1.9776766529477885
1756 1.9776766529477885
1757 1.9776766529477885
1758 2.3217338678890904
1759 2.3217338678890904
1760 2.3217338678890904
1761 2.3217338678890904
1762 2.72744054700507
1763 2.72744054700507
1764 2.72744054700507
1765 2.72744054700507
1766 1.6403712666334953
1767 5.458446124518266
1768 5.458446124518266
1769 5.458446124518266
1770 1.0189666714005297
1771 1.0189666714005297
1772 1.0189666714005297
1773 1.0189666714005297
1774 2.0019578627838577
1775 2.5573052559140725
1776 2.5573052559140725
1777 2.5573052559140725
1778 2.5573052559140725
1779 1.4666597068858707
1780 1.4666597068858707
1781 1.4666597068858707
1782 1.4666597068858707
1783 0.8172635827823609
1784 0.8172635827823609
1785 0.8172635827823609
1786 0.8172635827823609
1787 2.419271668438523
1788 2.419271668438523
1789 2.419271668438523
1790 2.419271668438523
1791 4.232113877610917
1792 4.232113877610917
1793 4.232113877610917
1794 4.232113877610917
1795 1.354724121801361
1796 1.354724121801361
1797 1.354724121801361
1798 1.354724121801361
1799 2.503020442308736
1800 2.503020442308736
1801 2.503020442308736
1802 2.503020442308736
1803 3.600393989023972
1804 3.600393989023972
1805 3.600393989023972
1806 3.600393989023972
1807 3.5752646582773533
1808 3.5752646582773533
1809 3.5752646582773533
1810 3.5752646582773533
1811 2.2247479275938287
1812 2.2247479275938287
1813 2.2247479275938287
1814 2.2247479275938287
1815 5.077764752802187
1816 5.077764752802187
1817 5.077764752802187
1818 5.077764752802187
1819 3.3846315994099085
1820 3.3846315994099085
1821 3.3846315994099085
1822 3.3846315994099085
1823 4.744122194143943
1824 4.744122194143943
1825 4.744122194143943
1826 4.744122194143943
1827 1.8513385846404822
1828 1.8513385846404822
1829 1.8513385846404822
1830 1.8513385846404822
1831 3.353769737356456
1832 3.353769737356456
1833 3.353769737356456
1834 3.353769737356456
1835 3.7562926877687266
1836 3.7562926877687266
1837 3.7562926877687266
1838 3.7562926877687266
1839 1.0031407037659523
1840 1.0031407037659523
1841 1.0031407037659523
1842 1.0031407037659523
1843 4.393472516359113
1844 4.393472516359113
1845 1.4953639010837825
1846 1.4953639010837825
1847 1.4953639010837825
1848 1.4953639010837825
1849 1.177260545030162
1850 1.177260545030162
1851 1.177260545030162
1852 1.177260545030162
1853 0.9501214917065836
1854 0.9501214917065836
1855 0.9501214917065836
1856 0.9501214917065836
1857 1.1391467219223295
1858 1.1391467219223295
1859 1.1391467219223295
1860 1.1391467219223295
1861 0.45847323210821067
1862 0.45847323210821067
1863 0.45847323210821067
1864 0.45847323210821067
1865 1.1556868195220145
1866 1.1556868195220145
1867 1.1556868195220145
1868 1.1556868195220145
1869 0.9869733622322026
1870 0.9869733622322026
1871 0.9869733622322026
1872 0.9869733622322026
1873 0.35626555158068596
1874 0.35626555158068596
1875 0.35626555158068596
1876 0.35626555158068596
1877 0.9813727762847451
1878 0.9813727762847451
1879 0.9813727762847451
1880 0.9813727762847451
1881 1.4467610657263386
1882 1.4467610657263386
1883 1.4467610657263386
1884 1.4467610657263386
1885 0.9669520046933354
1886 0.9669520046933354
1887 0.9669520046933354
1888 0.9669520046933354
1889 0.8165465241578591
1890 0.8165465241578591
1891 0.8165465241578591
1892 0.8165465241578591
1893 0.9630589137989276
1894 0.9630589137989276
1895 2.108258881102567
1896 2.108258881102567
1897 2.108258881102567
1898 2.108258881102567
1899 1.996944550304749
1900 1.996944550304749
1901 1.996944550304749
1902 1.996944550304749
1903 2.0748463159553214
1904 2.0748463159553214
1905 2.0748463159553214
1906 2.0748463159553214
1907 0.8454393068140756
1908 0.8454393068140756
1909 0.8454393068140756
1910 0.8454393068140756
1911 0.6075133110077658
1912 0.6075133110077658
1913 0.6075133110077658
1914 0.6075133110077658
1915 1.9776420385478395
1916 1.9776420385478395
1917 1.9776420385478395
1918 1.9776420385478395
1919 1.5978999502834426
1920 1.5978999502834426
1921 1.5978999502834426
1922 1.5978999502834426
1923 2.5320471513693765
1924 2.5320471513693765
1925 2.5320471513693765
1926 2.5320471513693765
1927 1.7625196017876952
1928 1.7625196017876952
1929 1.7625196017876952
1930 1.7625196017876952
1931 2.156029922433619
1932 2.156029922433619
1933 2.156029922433619
1934 2.156029922433619
1935 1.4519349056948505
1936 1.4519349056948505
1937 1.4519349056948505
1938 1.4519349056948505
1939 1.6664760063241437
1940 1.6664760063241437
1941 1.6664760063241437
1942 1.6664760063241437
1943 1.7578708383007835
1944 4.275327079588694
1945 0.1
1946 0.1
1947 0.1
1948 0.1
1949 0.27356486736368235
1950 0.27356486736368235
1951 0.27356486736368235
1952 0.27356486736368235
1953 0.8017213954374581
1954 0.8017213954374581
1955 0.8017213954374581
1956 0.8017213954374581
1957 0.7509271903475085
1958 0.7509271903475085
1959 0.7509271903475085
1960 0.7509271903475085
1961 0.36898012071539993
1962 0.36898012071539993
1963 0.36898012071539993
1964 0.36898012071539993
1965 0.6818271327952458
1966 0.6818271327952458
1967 2.3553685633315897
1968 2.3553685633315897
1969 2.3553685633315897
1970 2.3553685633315897
1971 2.075256765797983
1972 2.075256765797983
1973 2.075256765797983
1974 2.075256765797983
1975 3.0302967499479374
1976 1.8930463709683032
1977 1.8930463709683032
1978 1.8930463709683032
1979 1.8930463709683032
1980 1.2644803633907529
1981 1.2644803633907529
1982 1.2644803633907529
1983 1.2644803633907529
1984 1.719654496060902
1985 0.29288479742624185
1986 0.29288479742624185
1987 1.5178075138910514
1988 1.5178075138910514
1989 1.5178075138910514
1990 1.5178075138910514
1991 0.1
1992 0.1
1993 0.1
1994 0.1
1995 1.2394628082553139
1996 1.2394628082553139
1997 1.2394628082553139
1998 1.2394628082553139
1999 1.6016070671169784
