0 1.214024705885418
1 1.214024705885418
2 0.6647525363636246
3 0.6647525363636246
4 1.1477403826497417
5 1.1477403826497417
6 1.418472198109009
7 1.418472198109009
8 0.806079463043707
9 0.806079463043707
10 1.0004281352547262
11 1.0004281352547262
12 1.2227869946557917
13 1.2227869946557917
14 1.5008000897583487
15 1.5008000897583487
16 0.9786930712810396
17 0.9786930712810396
18 1.0558457748569172
19 1.0558457748569172
20 1.1236893052163346
21 1.1236893052163346
22 1.3344152799415845
23 1.3344152799415845
24 1.1467788805828556
25 1.1467788805828556
26 0.9710362333728909
27 0.9710362333728909
28 1.106032415721211
29 1.106032415721211
30 1.1929923976045094
31 1.1929923976045094
32 0.9459514922708576
33 0.9459514922708576
34 1.3773984931261394
35 1.3773984931261394
36 1.0898404842596472
37 1.0898404842596472
38 1.1214124220739126
39 1.1214124220739126
40 1.0730461680148062
41 1.0730461680148062
42 0.9652041728081835
43 0.9652041728081835
44 1.164773288819819
45 1.164773288819819
46 1.139767322031592
47 1.139767322031592
48 1.2083289493211165
49 1.2083289493211165
50 0.9946617479180155
51 0.9946617479180155
52 1.3988692836774306
53 1.3988692836774306
54 0.9295687484773834
55 0.9295687484773834
56 1.043679469386836
57 1.043679469386836
58 1.4886708082677274
59 1.4886708082677274
60 0.8545822520789524
61 0.8545822520789524
62 0.8521351789915308
63 0.8521351789915308
64 1.1605783407340902
65 1.1605783407340902
66 1.1511789703170692
67 1.1511789703170692
68 1.1572802625786083
69 1.1572802625786083
70 1.2324751546720154
71 1.7668773581506476
72 1.7668773581506476
73 1.519181316148816
74 1.519181316148816
75 1.727647792776343
76 1.727647792776343
77 1.4923107010401255
78 1.4923107010401255
79 1.954044068390071
80 1.954044068390071
81 1.465509548989624
82 1.465509548989624
83 1.194890792020884
84 1.194890792020884
85 1.7493987550002457
86 1.7493987550002457
87 0.9985895911488755
88 0.9985895911488755
89 1.4102855162622427
90 1.4102855162622427
91 1.268576299936664
92 1.268576299936664
93 1.645697493064262
94 1.645697493064262
95 1.4360337882458774
96 1.4360337882458774
97 1.7354439019129624
98 1.7354439019129624
99 1.882165031798165
100 1.882165031798165
101 1.1962415168176403
102 1.1962415168176403
103 1.3264177844386813
104 1.3264177844386813
105 1.6492205648876783
106 1.6492205648876783
107 1.6698873343794727
108 1.6698873343794727
109 1.3178448385180965
110 1.3178448385180965
111 1.1716043493302315
112 1.1716043493302315
113 1.5775908355982065
114 1.5775908355982065
115 1.61799492570306
116 1.61799492570306
117 1.833048131871468
118 1.833048131871468
119 1.5182352767645988
120 1.5182352767645988
121 1.1470448831692095
122 1.1470448831692095
123 1.974122592708913
124 1.974122592708913
125 1.6272734184752458
126 1.6272734184752458
127 1.5129510692578447
128 1.5129510692578447
129 1.4845793128602007
130 1.4845793128602007
131 1.3381251232102085
132 1.3381251232102085
133 1.6710026372464728
134 1.6710026372464728
135 1.5724074925226783
136 1.5724074925226783
137 2.158887090772506
138 2.158887090772506
139 1.673275990380656
140 1.673275990380656
141 1.6319382094080674
142 1.6319382094080674
143 1.7468497321879415
144 1.7468497321879415
145 1.5649782941547152
146 1.5649782941547152
147 1.4919818829465015
148 1.4919818829465015
149 2.1542893993234067
150 2.1542893993234067
151 1.3509621849069477
152 1.3509621849069477
153 1.1536675956021172
154 1.1536675956021172
155 1.7518110057774159
156 1.7518110057774159
157 1.6083474726857532
158 1.6083474726857532
159 1.5182276938002441
160 1.5182276938002441
161 3.4234787381169736
162 3.2362663629111426
163 3.2362663629111426
164 3.271760821556074
165 3.271760821556074
166 3.175441305229425
167 3.175441305229425
168 2.079362044649372
169 2.079362044649372
170 2.9775692200524335
171 2.9775692200524335
172 3.1066305578184235
173 3.1066305578184235
174 2.455643481995422
175 2.455643481995422
176 2.515295578705725
177 2.515295578705725
178 3.8936100058450487
179 3.8936100058450487
180 3.508633623188141
181 3.508633623188141
182 2.9456218649272246
183 2.9456218649272246
184 3.5436569502285833
185 3.5436569502285833
186 2.613162496326083
187 2.613162496326083
188 2.7289073018251204
189 2.7289073018251204
190 3.251777753168413
191 3.251777753168413
192 3.072607294571112
193 2.635327181241152
194 2.635327181241152
195 2.9616996453040634
196 2.9616996453040634
197 2.6602475326094783
198 2.6602475326094783
199 2.2731188463787073
200 2.2731188463787073
201 2.481584181746813
202 2.481584181746813
203 2.3140331724141774
204 2.3140331724141774
205 2.4756116071025756
206 2.4756116071025756
207 2.1576334444250715
208 2.1576334444250715
209 2.623962744526594
210 2.623962744526594
211 2.254333128990571
212 2.254333128990571
213 2.0268166758369235
214 2.0268166758369235
215 2.951472274883617
216 2.951472274883617
217 2.9251646215712337
218 2.9251646215712337
219 3.072022479687705
220 3.072022479687705
221 2.329128700464466
222 2.329128700464466
223 3.169889188938389
224 3.169889188938389
225 2.305413364162887
226 2.305413364162887
227 2.0382006782103903
228 2.0382006782103903
229 2.6586656460512925
230 2.6586656460512925
231 2.69518968457591
232 2.69518968457591
233 3.147533476096495
234 3.147533476096495
235 2.682287277525173
236 2.682287277525173
237 2.421571365895722
238 2.421571365895722
239 2.2561385650559123
240 2.2561385650559123
241 2.1674341457856556
242 2.1674341457856556
243 3.3338529431260167
244 3.3338529431260167
245 2.31593666296004
246 2.31593666296004
247 2.2723516470050686
248 2.2723516470050686
249 2.6432164694732667
250 2.6432164694732667
251 1.55538977119582
252 1.55538977119582
253 2.159076462679725
254 2.159076462679725
255 2.605837095373603
256 2.605837095373603
257 2.467779919257426
258 2.467779919257426
259 3.149144320958407
260 3.149144320958407
261 1.8815309477476756
262 1.8815309477476756
263 2.5559743081159985
264 2.5559743081159985
265 1.8510903512670036
266 1.8510903512670036
267 2.303695685942655
268 2.303695685942655
269 2.208349989603092
270 2.208349989603092
271 2.7090911455025286
272 2.7090911455025286
273 2.5774060664449796
274 2.5774060664449796
275 1.790909894042347
276 1.790909894042347
277 1.672248962373416
278 1.672248962373416
279 0.7807820851579753
280 0.7807820851579753
281 1.257325028588025
282 1.257325028588025
283 1.3740536892883375
284 1.3740536892883375
285 1.2522027920152365
286 1.2522027920152365
287 1.1862964349415421
288 1.1862964349415421
289 1.3007780609670874
290 1.3007780609670874
291 1.3953851525660221
292 1.3953851525660221
293 1.01079895148542
294 1.01079895148542
295 0.9002332969251559
296 0.9002332969251559
297 0.7834922668087099
298 0.7834922668087099
299 1.0255208314654234
300 1.0255208314654234
301 1.1372601401722204
302 1.1372601401722204
303 1.0887618330883837
304 1.0887618330883837
305 1.488081818278123
306 1.488081818278123
307 0.9526975806954128
308 0.9526975806954128
309 1.0229478047404876
310 0.48393184763089053
311 0.48393184763089053
312 0.566642470558014
313 0.566642470558014
314 0.4171421382728109
315 0.4171421382728109
316 0.7175022125166417
317 0.7175022125166417
318 0.8976906189236505
319 0.8976906189236505
320 0.6014670396456955
321 0.6014670396456955
322 0.6449283000407391
323 0.6449283000407391
324 0.6839654746473772
325 0.6839654746473772
326 0.5579928185244052
327 0.5579928185244052
328 0.8157539945547059
329 0.8157539945547059
330 0.6217483966474798
331 0.6217483966474798
332 0.5416017330109362
333 0.5416017330109362
334 0.5803069933118836
335 0.5803069933118836
336 0.5369497771662296
337 0.5369497771662296
338 0.8587456867320329
339 0.8587456867320329
340 0.7419168693402924
341 0.7419168693402924
342 0.6124225041344218
343 0.6124225041344218
344 0.732683208701369
345 0.732683208701369
346 0.5526254620777303
347 0.5526254620777303
348 0.8009572802423649
349 0.8009572802423649
350 0.5758330043351203
351 0.5758330043351203
352 0.7375318340767232
353 0.7375318340767232
354 0.6368046304923592
355 0.6368046304923592
356 0.9355694254719058
357 0.9355694254719058
358 0.7483685460725099
359 0.7483685460725099
360 0.6658361115995768
361 0.6658361115995768
362 0.6030537752866124
363 0.6030537752866124
364 0.6295585243986404
365 0.6295585243986404
366 0.7524475608539953
367 0.7524475608539953
368 0.5435673934731218
369 0.5435673934731218
370 0.5226602597508452
371 0.5226602597508452
372 0.4548514052273619
373 0.4548514052273619
374 0.8356682827163838
375 0.8356682827163838
376 0.5725167269126558
377 0.5725167269126558
378 0.6423851051181626
379 0.6423851051181626
380 0.7747852326279088
381 0.7747852326279088
382 0.48449031172478907
383 0.48449031172478907
384 0.40410760876603224
385 0.40410760876603224
386 0.6210325021322158
387 0.6210325021322158
388 0.7095652600697964
389 0.7095652600697964
390 0.8059207306916847
391 0.8059207306916847
392 0.5355366829926168
393 0.5355366829926168
394 0.6070143180494737
395 0.6070143180494737
396 0.8472806562721522
397 0.8472806562721522
398 0.5821918026065072
399 0.5821918026065072
400 0.6191525146265466
401 0.6191525146265466
402 0.7954179199096766
403 0.7954179199096766
404 0.6419158599137119
405 0.6419158599137119
406 0.5180942253775447
407 4.093279763774357
408 4.093279763774357
409 2.8696359299039464
410 2.8696359299039464
411 3.724984097762579
412 3.724984097762579
413 2.91599030956273
414 2.91599030956273
415 3.810627938476906
416 3.810627938476906
417 3.8243829311967517
418 3.8243829311967517
419 3.8594243768708996
420 3.8594243768708996
421 2.819451505737943
422 2.819451505737943
423 3.961319027778553
424 3.961319027778553
425 3.3494367550922304
426 3.3494367550922304
427 3.7693097916771037
428 3.7693097916771037
429 4.6019312812186355
430 4.6019312812186355
431 3.779582129762465
432 3.779582129762465
433 4.504845552110078
434 4.504845552110078
435 2.751956303679661
436 2.751956303679661
437 2.4664240351539584
438 2.4664240351539584
439 2.635316859983882
440 3.552221316332555
441 3.552221316332555
442 3.916448706000793
443 3.916448706000793
444 3.880079627415488
445 3.880079627415488
446 4.023791689438808
447 4.023791689438808
448 3.1619457912840327
449 3.1619457912840327
450 3.4202103951368086
451 3.4202103951368086
452 4.2767865562947085
453 4.2767865562947085
454 3.8703415651062345
455 3.8703415651062345
456 2.864343788095214
457 2.864343788095214
458 2.924066761969035
459 2.924066761969035
460 4.151705841161152
461 4.151705841161152
462 4.043238819990492
463 4.043238819990492
464 3.624001115728978
465 3.624001115728978
466 5.168009310432855
467 5.168009310432855
468 3.9726278898974807
469 3.9726278898974807
470 3.098392568828085
471 3.098392568828085
472 4.671743769398958
473 4.671743769398958
474 4.060461356701903
475 4.060461356701903
476 3.884161442131686
477 3.884161442131686
478 3.922470471436368
479 3.922470471436368
480 3.4416300977763155
481 3.4416300977763155
482 3.67674075959686
483 3.67674075959686
484 4.0039261609778185
485 4.0039261609778185
486 4.054572113331508
487 4.054572113331508
488 3.9014838758232364
489 3.9014838758232364
490 4.638619311441335
491 4.638619311441335
492 5.011487076071549
493 5.011487076071549
494 3.851977074684901
495 3.851977074684901
496 3.2082152831442774
497 3.2082152831442774
498 3.1691430811552053
499 3.1691430811552053
500 3.5993608443862657
501 3.5993608443862657
502 4.1107402248539735
503 4.1107402248539735
504 4.506311684321146
505 4.506311684321146
506 3.4667045460541988
507 3.4667045460541988
508 4.509318419508555
509 4.509318419508555
510 3.958595955553636
511 3.958595955553636
512 3.0628619006825692
513 3.0628619006825692
514 3.7086480765425236
515 3.7086480765425236
516 2.757284112799931
517 2.757284112799931
518 3.3271853688346877
519 3.3271853688346877
520 4.060838603434567
521 4.060838603434567
522 4.151975200912694
523 4.151975200912694
524 2.428148041994999
525 2.428148041994999
526 4.996948586885128
527 2.1998351205915707
528 2.6624560301087126
529 2.6624560301087126
530 2.068347703774288
531 2.068347703774288
532 2.2164954537748702
533 2.2164954537748702
534 2.14551212920065
535 2.14551212920065
536 2.0472105860412353
537 2.0472105860412353
538 1.9078081021906366
539 1.9078081021906366
540 1.9426269395782516
541 1.9426269395782516
542 1.9855571278230524
543 1.9855571278230524
544 1.7425256393119646
545 1.7425256393119646
546 1.9734575121396676
547 1.9734575121396676
548 1.7550614615434197
549 1.7550614615434197
550 1.9874913720969838
551 1.9874913720969838
552 2.47850578697369
553 2.47850578697369
554 2.130855210306022
555 2.130855210306022
556 2.2192769910521477
557 2.2192769910521477
558 1.5428397821487962
559 1.5428397821487962
560 2.082084939041563
561 2.082084939041563
562 1.632010389052811
563 1.632010389052811
564 2.5592351504531847
565 2.5592351504531847
566 2.7260148957585857
567 2.7260148957585857
568 2.225567701968135
569 2.225567701968135
570 1.5352654834507975
571 1.5352654834507975
572 1.7842403651609107
573 1.7842403651609107
574 2.5672594451115422
575 2.5672594451115422
576 2.522338011332822
577 2.522338011332822
578 2.1759111093308703
579 0.17238705809633698
580 0.17238705809633698
581 0.21030821141145867
582 0.21030821141145867
583 0.14196407584243004
584 0.14196407584243004
585 0.19052752650521684
586 0.19052752650521684
587 0.19396828801107577
588 0.19396828801107577
589 0.19644088259237258
590 0.19644088259237258
591 0.19323656273167714
592 0.19323656273167714
593 0.19988568362175937
594 0.19988568362175937
595 0.19497899122698215
596 0.19497899122698215
597 0.1668032802121422
598 0.1668032802121422
599 0.2019519893478069
600 0.2019519893478069
601 0.18158868023696054
602 0.18158868023696054
603 0.1278981406793262
604 0.1278981406793262
605 0.23082914417829326
606 0.23082914417829326
607 0.1661649274472951
608 0.1661649274472951
609 0.19273311515716746
610 0.19273311515716746
611 0.20809996208287984
612 0.20809996208287984
613 0.11477973312571209
614 0.11477973312571209
615 0.19237575192468911
616 0.19237575192468911
617 0.2127632433358257
618 0.2127632433358257
619 0.26229985418818885
620 0.26229985418818885
621 0.15994766506748243
622 0.15994766506748243
623 0.19341268582540982
624 0.19341268582540982
625 0.25529451383052587
626 0.25529451383052587
627 0.17042406942676935
628 0.17042406942676935
629 0.20427294170777546
630 0.20427294170777546
631 0.1736415836463921
632 0.1736415836463921
633 0.1727750488158939
634 0.1727750488158939
635 0.212654253453316
636 1.9220153184319635
637 1.9220153184319635
638 1.279429917464799
639 1.279429917464799
640 1.0524968102186274
641 1.0524968102186274
642 1.4942863692751647
643 1.4942863692751647
644 1.6258663087536351
645 1.6258663087536351
646 1.7901772604522903
647 1.7901772604522903
648 1.5478947337267914
649 1.5478947337267914
650 1.4324768255088731
651 1.4324768255088731
652 1.7642287214595802
653 1.7642287214595802
654 1.83814167546396
655 1.83814167546396
656 1.3179515157937518
657 1.3179515157937518
658 1.3598984532256364
659 1.3598984532256364
660 1.0645892106408268
661 1.0645892106408268
662 3.7668051311688817
663 3.7668051311688817
664 3.6080693172718328
665 3.6080693172718328
666 2.8707436749592294
667 2.8707436749592294
668 4.285272717146994
669 4.285272717146994
670 5.166273882833325
671 5.166273882833325
672 2.9990821478571075
673 2.9990821478571075
674 4.769861534484471
675 4.769861534484471
676 3.4222978457291893
677 3.4222978457291893
678 4.919633667997106
679 4.919633667997106
680 4.578591006923283
681 4.578591006923283
682 3.7903126475604467
683 3.7903126475604467
684 4.35424639941362
685 4.35424639941362
686 3.8869151528526804
687 3.8869151528526804
688 4.00154323894408
689 4.00154323894408
690 4.311452207358029
691 4.311452207358029
692 2.9238870860368738
693 2.9238870860368738
694 3.349043043100223
695 3.349043043100223
696 2.9142515469120474
697 2.9142515469120474
698 3.7955863801737246
699 3.7955863801737246
700 3.997535850685188
701 3.997535850685188
702 3.2978498604719846
703 3.2978498604719846
704 4.430808345753809
705 4.430808345753809
706 3.960687584467412
707 3.960687584467412
708 4.3480910151491665
709 4.3480910151491665
710 4.301610219734289
711 4.301610219734289
712 4.1256474604465145
713 4.1256474604465145
714 4.007631290135246
715 4.007631290135246
716 4.190104673093757
717 4.190104673093757
718 2.7726996354085998
719 2.7726996354085998
720 3.063940868425301
721 3.063940868425301
722 4.883589909296354
723 4.883589909296354
724 3.262357640442195
725 3.262357640442195
726 5.162419551138669
727 5.162419551138669
728 3.2946113792526397
729 1.0296109746584399
730 1.0296109746584399
731 1.0183913002032956
732 1.0183913002032956
733 0.9722125860250903
734 0.9722125860250903
735 1.0949665940580349
736 1.0949665940580349
737 1.198866089063524
738 1.198866089063524
739 1.198348142109351
740 1.198348142109351
741 1.2684538703228077
742 1.2684538703228077
743 0.9310984567841164
744 0.9310984567841164
745 1.1870558967862137
746 1.1870558967862137
747 1.0606226192438508
748 1.0606226192438508
749 1.2028932695663466
750 1.2028932695663466
751 1.242961220036131
752 1.242961220036131
753 1.28712268191305
754 1.28712268191305
755 1.1487682150474545
756 1.1487682150474545
757 1.1219983905973465
758 1.1219983905973465
759 1.3682434383650204
760 1.3682434383650204
761 1.2039546294213874
762 1.2039546294213874
763 0.9380941645551876
764 0.9380941645551876
765 1.0317802601507327
766 1.0317802601507327
767 1.1360703736313849
768 1.1360703736313849
769 0.9873114294783263
770 0.9873114294783263
771 0.8141435927999346
772 0.8141435927999346
773 1.1550105957201038
774 1.1550105957201038
775 1.3850272950733928
776 1.3850272950733928
777 1.2546508482762797
778 1.2546508482762797
779 1.333390911853981
780 1.333390911853981
781 0.6537411350615665
782 0.6537411350615665
783 1.0561395647573275
784 1.0561395647573275
785 0.852553864126474
786 0.852553864126474
787 1.181633388277566
788 1.181633388277566
789 0.7997150983575917
790 0.7997150983575917
791 1.2516408787535798
792 1.2516408787535798
793 1.0137708031662258
794 1.0137708031662258
795 1.1335036036500499
796 1.1335036036500499
797 0.7538919657824801
798 0.7538919657824801
799 0.9862941366293233
800 0.9862941366293233
801 1.0611776835061446
802 1.0611776835061446
803 1.2621919657650682
804 1.2621919657650682
805 1.4010078225658567
806 1.4010078225658567
807 0.9812006368672633
808 0.9812006368672633
809 0.9853637547067511
810 0.9853637547067511
811 1.2271454896397194
812 1.2271454896397194
813 0.8319642164032626
814 0.8319642164032626
815 1.2102948983465
816 1.2102948983465
817 1.1149951354980776
818 1.1149951354980776
819 0.9464052632802417
820 0.9464052632802417
821 2.7201779362944327
822 2.7201779362944327
823 1.7958932770102685
824 1.7958932770102685
825 3.0594685316372994
826 3.0594685316372994
827 2.5041427286073303
828 2.5041427286073303
829 2.0651790807845836
830 2.0651790807845836
831 1.9840938077367225
832 1.9840938077367225
833 2.7032786214234052
834 2.7032786214234052
835 2.702380340403639
836 2.702380340403639
837 1.9289397721558368
838 2.978587404584883
839 2.978587404584883
840 3.461161298262558
841 3.461161298262558
842 2.9663250530190397
843 2.9663250530190397
844 4.378894216950317
845 4.378894216950317
846 4.178228806101465
847 4.178228806101465
848 3.990887189146341
849 3.990887189146341
850 1.3261153469448959
851 1.3261153469448959
852 1.347093985169049
853 1.347093985169049
854 1.5428171107631221
855 1.5428171107631221
856 1.125439562854611
857 1.125439562854611
858 1.5969835405962425
859 1.5969835405962425
860 1.1586456266144762
861 1.1586456266144762
862 1.8352726926545728
863 1.8352726926545728
864 2.070124874523956
865 2.070124874523956
866 1.4126650640698628
867 1.4126650640698628
868 1.2742671768168745
869 1.2742671768168745
870 1.901750587874926
871 4.268221946829401
872 4.268221946829401
873 3.9804788065403125
874 3.9804788065403125
875 3.604604246974346
876 3.604604246974346
877 3.088533125977897
878 3.088533125977897
879 3.5700307172474224
880 3.5700307172474224
881 3.64348561700847
882 3.64348561700847
883 4.198745410008188
884 4.198745410008188
885 2.8175330732156882
886 2.8175330732156882
887 3.008175414948023
888 3.008175414948023
889 3.8740472332285436
890 3.8740472332285436
891 5.344233615712131
892 5.344233615712131
893 4.4415592288645325
894 4.4415592288645325
895 4.067142987708195
896 4.067142987708195
897 4.55703665168313
898 4.55703665168313
899 4.47344135023115
900 4.47344135023115
901 4.1160955123988305
902 4.1160955123988305
903 4.327252104997668
904 4.327252104997668
905 3.286194105521921
906 3.286194105521921
907 3.4793487920950668
908 3.4793487920950668
909 3.753860182175128
910 3.753860182175128
911 3.355116831765193
912 3.355116831765193
913 3.1637104263693523
914 3.1637104263693523
915 3.5369774769953386
916 3.5369774769953386
917 3.5623524244491382
918 3.5623524244491382
919 3.8520946172288415
920 3.8520946172288415
921 3.144148300351458
922 3.144148300351458
923 4.31903161312636
924 4.31903161312636
925 3.057511250200337
926 3.057511250200337
927 3.9566103332101656
928 3.9566103332101656
929 5.145350968694883
930 5.145350968694883
931 4.406779821449503
932 4.406779821449503
933 2.997386670466606
934 2.997386670466606
935 3.989444778053739
936 3.989444778053739
937 4.1306856436517965
938 4.1306856436517965
939 3.532194538033399
940 3.532194538033399
941 4.528948316823592
942 4.528948316823592
943 3.1634324083242533
944 3.1634324083242533
945 2.840253107797749
946 2.840253107797749
947 3.2430294767203485
948 3.2430294767203485
949 3.9379111038208947
950 3.9379111038208947
951 4.934053360953993
952 4.934053360953993
953 3.364075878880398
954 3.364075878880398
955 3.848771621268061
956 3.848771621268061
957 4.062315640523035
958 4.062315640523035
959 3.8841957223730827
960 3.8841957223730827
961 3.9635633158262826
962 3.9635633158262826
963 2.5871446195010215
964 2.5871446195010215
965 4.070760032548782
966 4.070760032548782
967 4.152622234014539
968 4.152622234014539
969 4.177384052141927
970 4.177384052141927
971 3.050187095198515
972 3.050187095198515
973 3.3312641963184286
974 3.3312641963184286
975 3.118897046186812
976 3.118897046186812
977 2.9813283521734206
978 2.9813283521734206
979 2.563230609706705
980 2.563230609706705
981 2.8220176232408476
982 2.8220176232408476
983 3.090731052240937
984 3.090731052240937
985 3.117057249988868
986 3.117057249988868
987 3.3248606941487218
988 3.3248606941487218
989 2.8948309862372668
990 2.8948309862372668
991 3.992552682607512
992 3.992552682607512
993 2.858291441376965
994 2.858291441376965
995 2.8517622045021866
996 2.8517622045021866
997 2.8325617103386387
998 2.8325617103386387
999 3.8688049710199057
1000 3.8688049710199057
1001 3.207861756810829
1002 3.207861756810829
1003 2.026090497346227
1004 2.026090497346227
1005 2.6474567757339487
1006 2.6474567757339487
1007 3.1003570701362055
1008 3.1003570701362055
1009 3.1648770931441637
1010 3.1648770931441637
1011 2.550314346790219
1012 2.550314346790219
1013 3.0387940442307997
1014 3.0387940442307997
1015 3.0944017362142073
1016 3.0944017362142073
1017 2.4968527254305357
1018 2.4968527254305357
1019 2.22998577734933
1020 2.22998577734933
1021 2.587733735436367
1022 2.587733735436367
1023 2.5355503777265156
1024 2.5355503777265156
1025 3.2213158462126885
1026 3.2213158462126885
1027 1.9516054415708708
1028 1.9516054415708708
1029 2.4780176481106158
1030 2.4780176481106158
1031 2.616319714763358
1032 2.616319714763358
1033 3.0617550643817757
1034 3.0617550643817757
1035 2.2247895596533422
1036 2.2247895596533422
1037 2.4957665196898864
1038 2.4957665196898864
1039 2.8668310374913077
1040 2.8668310374913077
1041 3.6115221249052167
1042 3.6115221249052167
1043 2.7564444715637357
1044 2.7564444715637357
1045 3.274747056364478
1046 3.274747056364478
1047 2.5406684915683173
1048 2.5406684915683173
1049 2.6338882427082178
1050 2.6338882427082178
1051 2.538601161167187
1052 2.538601161167187
1053 3.7782336293636227
1054 3.7782336293636227
1055 2.8138881692209012
1056 2.8138881692209012
1057 2.960381012679185
1058 2.960381012679185
1059 2.6559921803697164
1060 2.6559921803697164
1061 2.6880598755731953
1062 2.6880598755731953
1063 2.4976760703492573
1064 2.4976760703492573
1065 2.3727402685393133
1066 2.3727402685393133
1067 3.5603188595484423
1068 3.5603188595484423
1069 2.954693829592617
1070 2.954693829592617
1071 3.374121066384704
1072 3.374121066384704
1073 3.478897368980433
1074 3.478897368980433
1075 0.777775983521364
1076 0.777775983521364
1077 0.65263798549351
1078 0.65263798549351
1079 0.5522535844138174
1080 0.5522535844138174
1081 0.6600112284313008
1082 0.6600112284313008
1083 0.7689556912980764
1084 0.7689556912980764
1085 0.6433631601709853
1086 0.6433631601709853
1087 0.5706148884442596
1088 0.5706148884442596
1089 0.7947841553734913
1090 0.7947841553734913
1091 0.6923643322605493
1092 0.6923643322605493
1093 0.6352910717242216
1094 0.6352910717242216
1095 0.6541296942232845
1096 0.6541296942232845
1097 0.5298378915332096
1098 0.5298378915332096
1099 0.7182197295597018
1100 0.7182197295597018
1101 0.6198312092638074
1102 0.6198312092638074
1103 0.6602137766877368
1104 0.6602137766877368
1105 0.7200143890217808
1106 0.7200143890217808
1107 0.6139993633183879
1108 0.6139993633183879
1109 0.5339816796278531
1110 0.5339816796278531
1111 0.5429188259922229
1112 0.5429188259922229
1113 0.6214712762052366
1114 0.6214712762052366
1115 0.7880288417515875
1116 0.7880288417515875
1117 0.5821486345979202
1118 0.5821486345979202
1119 0.6303982264027507
1120 0.6303982264027507
1121 0.6298228173227681
1122 0.6298228173227681
1123 0.8690442946974377
1124 0.8690442946974377
1125 0.6070617353204651
1126 0.6070617353204651
1127 0.6391959930499642
1128 0.6391959930499642
1129 0.5981108910049356
1130 0.5981108910049356
1131 0.6881809104960229
1132 0.6881809104960229
1133 0.6207849272988936
1134 0.6207849272988936
1135 0.7608904837790862
1136 0.7608904837790862
1137 0.6195052422698252
1138 0.6195052422698252
1139 0.7923839252021664
1140 0.7923839252021664
1141 0.6463934291351104
1142 0.6463934291351104
1143 0.6346168851714761
1144 0.6346168851714761
1145 0.6382858786297299
1146 0.6382858786297299
1147 0.6022181958499877
1148 0.6022181958499877
1149 0.751187154496449
1150 0.751187154496449
1151 0.7327788330774418
1152 0.7327788330774418
1153 0.703909060014128
1154 0.703909060014128
1155 0.7738495550053386
1156 0.2129152381235721
1157 0.2129152381235721
1158 0.23577693452309095
1159 0.23577693452309095
1160 0.20415280764025948
1161 0.20415280764025948
1162 0.21681110570062348
1163 0.21681110570062348
1164 0.18330975562616034
1165 0.18330975562616034
1166 0.22942077397565774
1167 0.22942077397565774
1168 0.2181523327709726
1169 0.2181523327709726
1170 0.20502569850155555
1171 0.20502569850155555
1172 1.6310974515583778
1173 1.6310974515583778
1174 2.0853466859496725
1175 2.0853466859496725
1176 2.7731870484034142
1177 2.7731870484034142
1178 2.3390515069173854
1179 2.3390515069173854
1180 2.7770417883809726
1181 2.7770417883809726
1182 1.8041620622142824
1183 1.8041620622142824
1184 2.088393971579178
1185 2.088393971579178
1186 2.932255868930274
1187 2.932255868930274
1188 1.998722842700202
1189 1.998722842700202
1190 2.4663841796869512
1191 2.4663841796869512
1192 1.653591810557829
1193 1.653591810557829
1194 3.004501050489837
1195 3.004501050489837
1196 2.481281072634621
1197 2.481281072634621
1198 2.471022444224067
1199 2.471022444224067
1200 2.7164655070764905
1201 2.7164655070764905
1202 2.171839623262901
1203 2.171839623262901
1204 2.3756637782418633
1205 2.3756637782418633
1206 2.0909263025231226
1207 2.0909263025231226
1208 2.4599779409699325
1209 2.4599779409699325
1210 2.7696385321579493
1211 2.7696385321579493
1212 3.0330488843141046
1213 3.0330488843141046
1214 3.0727948531959255
1215 3.0727948531959255
1216 2.3471797676988393
1217 2.3471797676988393
1218 2.3480141896185924
1219 2.3480141896185924
1220 2.372488250542214
1221 2.372488250542214
1222 1.8158349710392048
1223 1.8158349710392048
1224 2.2929132455189136
1225 2.2929132455189136
1226 2.6034010520514497
1227 2.6034010520514497
1228 2.2623260212502916
1229 2.2623260212502916
1230 1.8036572311106693
1231 1.8036572311106693
1232 2.808927685554505
1233 2.808927685554505
1234 2.978974862339327
1235 2.978974862339327
1236 2.638607106904002
1237 2.638607106904002
1238 0.6188693838023417
1239 0.6188693838023417
1240 0.6636273192374472
1241 0.6636273192374472
1242 0.6457864450611683
1243 0.6457864450611683
1244 0.5519949246060711
1245 0.5519949246060711
1246 0.42213344998747215
1247 0.42213344998747215
1248 0.7390072708090397
1249 0.7390072708090397
1250 0.6020318833801063
1251 0.6020318833801063
1252 0.6142284884451628
1253 0.6142284884451628
1254 0.7259203480912245
1255 0.7259203480912245
1256 0.5973367021540649
1257 0.5973367021540649
1258 0.8830811221672478
1259 0.8830811221672478
1260 0.5476022308436429
1261 0.5476022308436429
1262 0.7396891152852196
1263 0.7396891152852196
1264 0.7150734021360752
1265 0.7150734021360752
1266 0.5177133673841148
1267 0.5177133673841148
1268 0.6191952208654338
1269 0.6191952208654338
1270 0.6479767945367444
1271 0.6479767945367444
1272 0.7554759954624339
1273 0.7554759954624339
1274 0.6456342127932378
1275 0.6456342127932378
1276 0.8421239943103163
1277 0.8421239943103163
1278 0.9926073896508018
1279 0.9926073896508018
1280 0.837768699318546
1281 0.837768699318546
1282 0.7483760758273666
1283 0.7483760758273666
1284 0.5006716166170793
1285 0.5006716166170793
1286 0.6148171928422966
1287 0.6148171928422966
1288 0.5508434479937603
1289 0.5508434479937603
1290 0.6666625227763129
1291 0.6666625227763129
1292 0.7204990165360117
1293 0.7204990165360117
1294 0.7779062146214192
1295 0.7779062146214192
1296 0.4863191520651499
1297 0.4863191520651499
1298 0.6716645784408001
1299 0.6716645784408001
1300 0.6033330857550622
1301 0.6033330857550622
1302 0.80731542371473
1303 0.80731542371473
1304 0.3731600734327798
1305 0.3731600734327798
1306 0.8386922877737011
1307 0.8386922877737011
1308 0.6338578004750153
1309 0.6338578004750153
1310 0.6275924656912923
1311 0.6275924656912923
1312 0.6705734554811525
1313 0.6705734554811525
1314 0.5787402938668547
1315 0.5787402938668547
1316 0.5615824098601228
1317 0.5615824098601228
1318 0.7727520606414661
1319 0.7727520606414661
1320 0.6074651869141972
1321 0.6074651869141972
1322 0.569956354566837
1323 0.569956354566837
1324 0.5695622299896181
1325 0.5695622299896181
1326 0.5488109747695502
1327 0.5488109747695502
1328 0.6945796570753657
1329 0.6945796570753657
1330 0.5112407670256361
1331 0.5112407670256361
1332 0.5693883946293602
1333 0.5693883946293602
1334 0.7274453578289066
1335 0.7274453578289066
1336 0.6008341944669869
1337 0.6008341944669869
1338 0.7740998592412486
1339 0.7740998592412486
1340 0.596633986827246
1341 0.596633986827246
1342 0.5051331067676017
1343 0.5051331067676017
1344 0.7072616908825902
1345 0.7072616908825902
1346 0.7991866889590903
1347 0.7991866889590903
1348 0.5595033272290624
1349 0.5595033272290624
1350 0.6405630818102571
1351 0.6405630818102571
1352 0.7755034215757086
1353 0.7755034215757086
1354 0.8017089713575967
1355 0.8017089713575967
1356 0.6318039384034856
1357 0.6318039384034856
1358 0.7861844519141508
1359 0.7861844519141508
1360 0.6778443394236625
1361 0.6778443394236625
1362 0.7559594170165371
1363 0.7559594170165371
1364 0.4373320454208647
1365 0.4373320454208647
1366 0.8433382426516798
1367 0.8433382426516798
1368 0.6391614614882949
1369 0.6391614614882949
1370 0.48095674606778355
1371 0.48095674606778355
1372 0.6926311129285709
1373 0.6926311129285709
1374 0.6852713753997307
1375 0.6852713753997307
1376 0.57025180643987
1377 0.57025180643987
1378 0.7096996703537486
1379 0.7096996703537486
1380 0.5585101893713496
1381 0.5585101893713496
1382 0.590716673803277
1383 0.590716673803277
1384 0.931864770434843
1385 0.931864770434843
1386 0.5781930475838996
1387 0.5781930475838996
1388 0.4958190260322827
1389 0.4958190260322827
1390 0.8478109815424025
1391 0.8478109815424025
1392 0.7075998682287991
1393 0.7075998682287991
1394 0.6599403685532976
1395 0.6599403685532976
1396 0.732487875975653
1397 0.732487875975653
1398 0.7418782479901584
1399 0.7418782479901584
1400 0.6661196041375975
1401 0.6661196041375975
1402 0.48544978813194917
1403 0.48544978813194917
1404 0.6610601801638532
1405 0.6610601801638532
1406 0.3448265109688255
1407 0.3448265109688255
1408 0.623687126141919
1409 0.623687126141919
1410 0.6897757555381437
1411 0.6897757555381437
1412 0.6393211568317262
1413 0.6393211568317262
1414 0.6170171220189051
1415 0.6170171220189051
1416 0.5699999550395001
1417 0.5699999550395001
1418 0.6846151855556117
1419 0.6846151855556117
1420 0.734560794384184
1421 0.734560794384184
1422 0.6615830853892871
1423 0.6615830853892871
1424 0.6972883121097307
1425 0.6972883121097307
1426 0.7153933225455996
1427 0.7153933225455996
1428 0.6361033635078912
1429 0.6361033635078912
1430 0.8144183497737427
1431 0.8144183497737427
1432 0.6307717008041637
1433 0.6307717008041637
1434 0.5275528781987331
1435 0.5275528781987331
1436 0.6595244185931125
1437 0.6595244185931125
1438 0.62574273068316
1439 0.62574273068316
1440 0.6686173153922527
1441 0.6686173153922527
1442 0.607926392502102
1443 0.607926392502102
1444 0.5804297189918232
1445 0.5804297189918232
1446 0.848487678420696
1447 0.848487678420696
1448 0.6528938632072712
1449 0.6528938632072712
1450 0.7703605931507338
1451 0.7703605931507338
1452 0.8052177401731336
1453 0.8052177401731336
1454 0.7531165193537728
1455 0.7531165193537728
1456 0.766985709141893
1457 0.766985709141893
1458 0.8487603354307103
1459 0.8487603354307103
1460 0.45421497446870374
1461 0.45421497446870374
1462 0.7314828196515464
1463 0.7314828196515464
1464 0.6072029694360809
1465 0.6072029694360809
1466 0.6763961984567363
1467 0.6763961984567363
1468 0.5770608635597886
1469 0.5770608635597886
1470 0.7198287131421619
1471 0.7198287131421619
1472 0.4448023117339597
1473 0.4448023117339597
1474 0.8033374087941134
1475 0.8033374087941134
1476 0.5850874363858779
1477 0.5850874363858779
1478 0.5803762470739483
1479 0.5803762470739483
1480 0.7201180844125754
1481 0.7201180844125754
1482 0.7369301982425025
1483 0.7369301982425025
1484 0.6446965695917598
1485 0.6446965695917598
1486 0.6863790642965638
1487 0.6863790642965638
1488 0.5674972597417199
1489 0.5674972597417199
1490 0.646159721240309
1491 0.646159721240309
1492 0.8763184713891818
1493 0.8763184713891818
1494 0.6604256707758425
1495 0.6604256707758425
1496 0.6197536609089792
1497 0.6197536609089792
1498 0.7567745001256126
1499 0.7567745001256126
1500 0.6746944226473583
1501 0.6746944226473583
1502 0.7462475528404022
1503 0.7462475528404022
1504 0.5653986928009915
1505 0.5653986928009915
1506 0.718843966470602
1507 0.718843966470602
1508 0.7260726674684339
1509 0.7260726674684339
1510 0.6419033603825023
1511 0.6419033603825023
1512 0.6954507632387331
1513 0.6954507632387331
1514 0.6852048260756027
1515 0.6852048260756027
1516 0.6773715856727405
1517 0.6773715856727405
1518 0.6018186728143373
1519 0.6018186728143373
1520 0.7798866659172133
1521 0.7798866659172133
1522 0.6407091849162946
1523 0.6407091849162946
1524 0.7746425599234914
1525 0.7746425599234914
1526 0.6411675807093321
1527 0.6411675807093321
1528 0.8614248328225139
1529 0.8614248328225139
1530 0.7738293810379557
1531 0.7738293810379557
1532 0.4902964026481251
1533 0.4902964026481251
1534 0.439065011526128
1535 0.439065011526128
1536 0.7479714304800247
1537 0.7479714304800247
1538 0.8364615179453854
1539 0.8364615179453854
1540 0.8052333782794197
1541 0.8052333782794197
1542 0.5374384537864697
1543 0.5374384537864697
1544 0.7178959860260885
1545 0.7178959860260885
1546 0.6597058967987424
1547 0.6597058967987424
1548 0.4734823319174081
1549 0.4734823319174081
1550 0.7798837572910015
1551 0.7798837572910015
1552 0.5848554700831887
1553 0.5848554700831887
1554 0.5564555837477098
1555 0.5564555837477098
1556 0.8966832708721933
1557 0.8966832708721933
1558 0.5198993366040345
1559 0.5198993366040345
1560 0.7143466654413807
1561 0.7143466654413807
1562 0.7065545374709963
1563 0.7065545374709963
1564 0.6838281097175167
1565 0.6838281097175167
1566 0.735724134991007
1567 0.735724134991007
1568 0.6417106221042292
1569 0.6417106221042292
1570 0.43925087873699165
1571 0.43925087873699165
1572 0.7079008729762862
1573 0.7079008729762862
1574 0.6437255707036569
1575 0.6437255707036569
1576 0.6438397918733121
1577 0.6438397918733121
1578 0.7221358871866934
1579 0.7221358871866934
1580 0.7310598173857429
1581 0.7310598173857429
1582 0.6804047132700025
1583 0.6804047132700025
1584 0.7401073926765778
1585 0.7401073926765778
1586 0.5917845534640278
1587 0.5917845534640278
1588 0.6890582466748092
1589 0.6890582466748092
1590 0.6611176672997578
1591 0.6611176672997578
1592 0.9099830761940773
1593 0.9099830761940773
1594 0.61145617417241
1595 0.61145617417241
1596 0.6562735954099856
1597 0.6562735954099856
1598 0.5883659657206175
1599 0.5883659657206175
1600 0.6451345573851325
1601 0.6451345573851325
1602 0.7938784163102497
1603 0.7938784163102497
1604 0.702484824377852
1605 0.702484824377852
1606 0.6913397496705928
1607 0.6913397496705928
1608 0.5828144349507357
1609 0.5828144349507357
1610 0.6919084099814478
1611 0.6919084099814478
1612 0.7876286728685298
1613 0.7876286728685298
1614 0.7131504507164853
1615 0.7131504507164853
1616 0.6102882535745182
1617 0.6102882535745182
1618 0.5584416281035514
1619 0.5584416281035514
1620 0.6465101788068016
1621 0.6465101788068016
1622 0.6897092742508184
1623 0.6897092742508184
1624 0.7521901327336085
1625 0.7521901327336085
1626 0.803056691577412
1627 0.803056691577412
1628 0.6191797877801883
1629 0.6191797877801883
1630 0.7448238542062818
1631 0.7448238542062818
1632 0.6352961505474332
1633 0.6352961505474332
1634 0.9144734741653178
1635 0.9144734741653178
1636 0.757476241200892
1637 0.757476241200892
1638 0.6337487835254902
1639 0.6337487835254902
1640 0.6484720830133363
1641 0.6484720830133363
1642 0.6970040206929763
1643 0.6970040206929763
1644 0.6711621906291109
1645 0.6711621906291109
1646 0.6604073003725582
1647 0.6604073003725582
1648 0.5168930630213537
1649 0.5168930630213537
1650 0.6191627566487545
1651 0.6191627566487545
1652 0.5712055975409381
1653 0.5712055975409381
1654 0.7112410771370871
1655 0.7112410771370871
1656 0.47027722584590476
1657 0.47027722584590476
1658 0.6525367731816574
1659 0.6525367731816574
1660 0.6081643643626123
1661 0.6081643643626123
1662 0.8234528572686088
1663 0.8234528572686088
1664 0.834120103966991
1665 0.834120103966991
1666 0.6086738623733363
1667 0.6086738623733363
1668 0.6229138371718576
1669 0.6229138371718576
1670 0.48586991589084905
1671 0.48586991589084905
1672 0.6238433818872995
1673 0.6238433818872995
1674 0.662587283437554
1675 0.662587283437554
1676 0.5551181831572005
1677 0.5551181831572005
1678 0.7397972404296316
1679 0.7397972404296316
1680 0.5058750986851559
1681 0.5058750986851559
1682 0.6710599308929812
1683 0.6710599308929812
1684 0.43453979542362214
1685 0.43453979542362214
1686 0.6624454601760599
1687 0.6624454601760599
1688 0.7718718658856684
1689 0.7718718658856684
1690 0.9018753307296374
1691 0.9018753307296374
1692 0.9232418431194518
1693 0.9232418431194518
1694 0.6595576864872738
1695 0.6595576864872738
1696 0.49648353739423634
1697 0.49648353739423634
1698 0.7591974488282893
1699 0.7591974488282893
1700 0.5397547600120332
1701 0.5397547600120332
1702 0.6412907358293984
1703 0.6412907358293984
1704 0.7288484842467604
1705 0.7288484842467604
1706 0.6009452020726174
1707 0.6009452020726174
1708 0.683490690775657
1709 0.683490690775657
1710 0.6199639039937614
1711 0.6199639039937614
1712 0.8626819170713298
1713 0.8626819170713298
1714 0.5693801913713763
1715 0.5693801913713763
1716 0.6195084174137817
1717 0.6195084174137817
1718 0.9266869711804222
1719 0.9266869711804222
1720 0.6453627504987607
1721 0.6453627504987607
1722 0.6176741565781496
1723 0.6176741565781496
1724 0.5427249890315379
1725 0.5427249890315379
1726 0.546387363559335
1727 0.546387363559335
1728 0.7330284332550616
1729 0.7330284332550616
1730 0.798396859751867
1731 0.798396859751867
1732 0.8018254437020955
1733 0.8018254437020955
1734 0.5950205197586531
1735 0.5950205197586531
1736 0.6345466524346874
1737 0.6345466524346874
1738 0.5468075759499972
1739 0.5468075759499972
1740 0.6001010226013863
1741 0.6001010226013863
1742 0.6894060545866547
1743 0.6894060545866547
1744 0.6922865878490918
1745 0.6922865878490918
1746 0.6844360433096845
1747 0.6844360433096845
1748 0.5656436148511464
1749 0.5656436148511464
1750 0.6218272657740277
1751 0.6218272657740277
1752 0.6868887803762603
1753 0.6868887803762603
1754 0.6752140288895819
1755 0.6752140288895819
1756 0.6513646627977933
1757 0.6513646627977933
1758 0.6986405531350536
1759 0.6986405531350536
1760 0.5937816349834553
1761 0.5937816349834553
1762 0.7764725530520618
1763 0.7764725530520618
1764 0.7644362596259084
1765 0.7644362596259084
1766 0.5964388817710619
1767 0.5964388817710619
1768 0.7099603160518448
1769 0.7099603160518448
1770 0.5879391170573196
1771 0.5879391170573196
1772 0.7566055610726826
1773 0.7566055610726826
1774 0.5627768314159883
1775 0.5627768314159883
1776 0.5103683032671839
1777 0.5103683032671839
1778 0.5455849672158386
1779 0.5455849672158386
1780 0.5602525060775457
1781 0.5602525060775457
1782 0.7200663353609029
1783 0.7200663353609029
1784 2.0519873708260072
1785 2.0519873708260072
1786 3.4597357883230426
1787 3.4597357883230426
1788 3.4521476689181245
1789 3.4521476689181245
1790 2.7371108149801158
1791 2.7371108149801158
1792 3.0245524483482757
1793 3.0245524483482757
1794 3.9168148874072193
1795 3.9168148874072193
1796 3.9008598385659115
1797 3.9008598385659115
1798 1.8519483902402605
1799 1.8519483902402605
1800 2.2375236482268894
1801 2.2375236482268894
1802 2.307842740067146
1803 2.307842740067146
1804 3.1579077531029975
1805 3.1579077531029975
1806 2.7011069669444465
1807 2.7011069669444465
1808 2.9994764665370317
1809 2.9994764665370317
1810 2.794618151767418
1811 2.794618151767418
1812 2.9166719724253305
1813 2.9166719724253305
1814 3.1733918263865526
1815 3.1733918263865526
1816 4.2438298956857174
1817 4.2438298956857174
1818 2.0441876985281615
1819 2.0441876985281615
1820 3.504431054043806
1821 3.504431054043806
1822 3.1736640137687675
1823 3.1736640137687675
1824 3.2745043868340447
1825 3.2745043868340447
1826 2.3882681583152894
1827 2.3882681583152894
1828 3.1210537312207465
1829 3.1210537312207465
1830 2.2754918762833904
1831 2.2754918762833904
1832 3.4898930771801298
1833 3.4898930771801298
1834 3.026883954514023
1835 3.026883954514023
1836 3.3163075286357344
1837 3.3163075286357344
1838 3.124776335706512
1839 3.124776335706512
1840 3.0138606617685513
1841 3.0138606617685513
1842 3.2199544777924114
1843 3.2199544777924114
1844 2.521719229882415
1845 2.521719229882415
1846 2.348498141810524
1847 2.348498141810524
1848 3.2819784348446097
1849 3.2819784348446097
1850 3.3255497742379116
1851 3.3255497742379116
1852 2.598515437468473
1853 2.598515437468473
1854 3.024295186621236
1855 3.024295186621236
1856 2.447027750212557
1857 2.447027750212557
1858 2.5504147468681024
1859 2.5504147468681024
1860 2.130612193989054
1861 2.130612193989054
1862 2.445170956704776
1863 2.445170956704776
1864 2.9917712167488846
1865 2.9917712167488846
1866 2.948907573669435
1867 2.948907573669435
1868 3.480989297994068
1869 1.81479775983471
1870 1.81479775983471
1871 1.8844261558287592
1872 1.8844261558287592
1873 2.336499429091807
1874 2.336499429091807
1875 2.5992496171299457
1876 2.5992496171299457
1877 1.698969164713124
1878 1.698969164713124
1879 2.007486812598432
1880 2.007486812598432
1881 2.1183956297277344
1882 2.1183956297277344
1883 1.7769571754275917
1884 1.7769571754275917
1885 1.9421252788151373
1886 1.9421252788151373
1887 1.5930436923572624
1888 1.5930436923572624
1889 1.9558746293589295
1890 1.9558746293589295
1891 2.04240057703154
1892 2.04240057703154
1893 2.300524520777651
1894 2.300524520777651
1895 2.0569769308513624
1896 2.0569769308513624
1897 1.5798534068392447
1898 1.5798534068392447
1899 1.9100142929386474
1900 1.9100142929386474
1901 2.4591372137806795
1902 2.4591372137806795
1903 1.808109416636793
1904 1.808109416636793
1905 1.6357240578126477
1906 1.6357240578126477
1907 1.4394957068245535
1908 1.4394957068245535
1909 2.051318189951961
1910 2.051318189951961
1911 1.9272346873585864
1912 1.9272346873585864
1913 2.68744916614577
1914 2.68744916614577
1915 1.9874740264965478
1916 1.9874740264965478
1917 2.138536364313388
1918 2.138536364313388
1919 2.2321090222545057
1920 2.2321090222545057
1921 2.398907040004557
1922 2.398907040004557
1923 1.9374893473588386
1924 1.9374893473588386
1925 1.890969036050209
1926 1.890969036050209
1927 1.8243904344833712
1928 1.8243904344833712
1929 2.609810032114002
1930 2.609810032114002
1931 2.354984908018576
1932 2.354984908018576
1933 1.5369861805965495
1934 1.5369861805965495
1935 2.548509300927938
1936 2.548509300927938
1937 2.1487096143627187
1938 2.1487096143627187
1939 1.8365327877355055
1940 1.8365327877355055
1941 2.7239867686663026
1942 2.7239867686663026
1943 1.8613706593816028
1944 1.8613706593816028
1945 1.6301043799741328
1946 1.6301043799741328
1947 1.5017454167631372
1948 1.5017454167631372
1949 1.9673499693183754
1950 1.9673499693183754
1951 2.7413909559100067
1952 2.7413909559100067
1953 1.5803758669707628
1954 1.5803758669707628
1955 2.3317525735369755
1956 2.3317525735369755
1957 1.7916744121075214
1958 1.7916744121075214
1959 1.936502503150411
1960 1.936502503150411
1961 2.180347459133257
1962 2.180347459133257
1963 1.8432690757920331
1964 1.8432690757920331
1965 1.8700755744367084
1966 1.8700755744367084
1967 2.4693070780925166
1968 2.4693070780925166
1969 1.9401186824471321
1970 1.9401186824471321
1971 2.45965742818258
1972 2.45965742818258
1973 1.881134952166351
1974 1.881134952166351
1975 2.112169047477886
1976 3.397078695158944
1977 3.397078695158944
1978 2.3045425371534236
1979 2.3045425371534236
1980 3.698659055096314
1981 3.698659055096314
1982 4.434199115564535
1983 4.434199115564535
1984 2.592053999695275
1985 2.592053999695275
1986 3.345501516566657
1987 3.345501516566657
1988 2.582024228512384
1989 2.582024228512384
1990 3.2626138736217323
1991 3.2626138736217323
1992 2.682829639404889
1993 2.682829639404889
1994 3.1528368650554643
1995 3.1528368650554643
1996 2.470139239170578
1997 2.470139239170578
1998 2.177242560133066
1999 2.177242560133066
