0 3.0027055711013273
1 3.0027055711013273
2 3.722512298577706
3 3.722512298577706
4 4.358937794938626
5 4.358937794938626
6 5.578056228748438
7 5.578056228748438
8 4.2353841582417475
9 4.2353841582417475
10 4.918684907893963
11 4.918684907893963
12 4.843484496060368
13 4.843484496060368
14 3.386046078289756
15 3.386046078289756
16 5.234746620928636
17 5.234746620928636
18 4.941508646479024
19 4.941508646479024
20 5.305664434701925
21 5.305664434701925
22 5.842634321157618
23 5.842634321157618
24 4.3460364869534756
25 4.3460364869534756
26 4.19731329188943
27 4.19731329188943
28 6.122929610095249
29 6.122929610095249
30 3.6077170142895936
31 3.6077170142895936
32 1.5215670217240933
33 1.5215670217240933
34 1.7409682814790322
35 1.7409682814790322
36 1.538399636768169
37 1.538399636768169
38 1.0027046618462563
39 1.0027046618462563
40 1.8104170609399195
41 1.8104170609399195
42 1.5389178199068267
43 1.5389178199068267
44 1.5045042727934805
45 1.5045042727934805
46 4.657918736023635
47 4.657918736023635
48 4.244722833124325
49 4.244722833124325
50 4.272312061142035
51 4.272312061142035
52 3.8123287754117148
53 3.8123287754117148
54 4.1596026321975605
55 4.1596026321975605
56 3.993631600185734
57 3.993631600185734
58 3.674489862994018
59 3.674489862994018
60 3.4038233678228056
61 3.061710163622063
62 3.061710163622063
63 3.252880014578632
64 3.252880014578632
65 3.3208847888117696
66 3.3208847888117696
67 3.179162138119043
68 3.179162138119043
69 3.227462255711643
70 3.227462255711643
71 2.9367740748035707
72 2.9367740748035707
73 2.4267767794365547
74 2.4267767794365547
75 2.316989687998245
76 2.316989687998245
77 2.4134659701203565
78 2.4134659701203565
79 3.349616541906392
80 3.349616541906392
81 2.626443329104195
82 2.626443329104195
83 4.108730907247985
84 4.02061216415136
85 4.02061216415136
86 4.439677046712749
87 4.439677046712749
88 3.2858713266785795
89 3.2858713266785795
90 3.3895475239687216
91 3.3895475239687216
92 2.926177053649168
93 2.926177053649168
94 3.19361878097958
95 3.19361878097958
96 2.2301268788500064
97 2.2301268788500064
98 4.609072446315221
99 4.609072446315221
100 3.3911281789779726
101 3.3911281789779726
102 5.0069339083322415
103 5.0069339083322415
104 2.441582683996565
105 2.441582683996565
106 3.738014085584033
107 3.738014085584033
108 3.633654315178504
109 3.633654315178504
110 3.54968276904764
111 3.54968276904764
112 2.1077773151315373
113 2.1077773151315373
114 3.5968020874976196
115 3.5968020874976196
116 3.097549694320582
117 3.097549694320582
118 4.21176890277219
119 4.21176890277219
120 3.1002198391112326
121 3.1002198391112326
122 3.098442557073913
123 3.098442557073913
124 3.2552316710354567
125 3.2552316710354567
126 3.642517442394197
127 3.642517442394197
128 3.866033085598405
129 3.866033085598405
130 2.834536263691832
131 2.834536263691832
132 4.364023304412539
133 4.364023304412539
134 3.0819989448346723
135 3.0819989448346723
136 3.242811986591227
137 3.242811986591227
138 2.6719929759296823
139 2.6719929759296823
140 4.0247317149408115
141 4.0247317149408115
142 4.026309788023298
143 4.026309788023298
144 3.7260127267094
145 3.7260127267094
146 2.848565874773884
147 2.848565874773884
148 3.765795919007755
149 3.765795919007755
150 3.3923400995749575
151 3.3923400995749575
152 2.9782052979135596
153 2.9782052979135596
154 2.7295504807908286
155 2.7295504807908286
156 3.0293545921296627
157 3.0293545921296627
158 3.086989406618466
159 3.086989406618466
160 3.0386654523377126
161 3.0386654523377126
162 2.096227995888407
163 2.096227995888407
164 3.2890281104479424
165 3.2890281104479424
166 3.325965836688395
167 3.325965836688395
168 3.6664719832612
169 3.6664719832612
170 3.3956954840019433
171 3.3956954840019433
172 3.8124367117217663
173 3.8124367117217663
174 4.04794049467821
175 4.04794049467821
176 2.7521306947514033
177 2.7521306947514033
178 3.2358514241420844
179 3.2358514241420844
180 2.666306295570485
181 2.666306295570485
182 3.465157807100365
183 3.465157807100365
184 4.3409569244009925
185 4.3409569244009925
186 4.219456564140191
187 4.219456564140191
188 3.957668339278916
189 3.957668339278916
190 3.066554455111466
191 3.066554455111466
192 3.9239446698194103
193 3.9239446698194103
194 2.6693653399107324
195 2.6693653399107324
196 2.918324556546017
197 2.918324556546017
198 3.2945395174616037
199 3.2945395174616037
200 3.326825749284904
201 3.326825749284904
202 3.8312554000859405
203 3.8312554000859405
204 3.6191880836328436
205 3.6191880836328436
206 4.24019007102032
207 4.24019007102032
208 3.2456395558507123
209 3.2456395558507123
210 2.3400556623427122
211 2.3400556623427122
212 2.690969424304047
213 2.690969424304047
214 4.047608872466722
215 4.047608872466722
216 3.834916816419162
217 3.834916816419162
218 2.8179563165478636
219 2.8179563165478636
220 3.149188564335379
221 3.149188564335379
222 3.748108276500239
223 3.748108276500239
224 3.9203339269456863
225 3.9203339269456863
226 3.773549041588584
227 3.773549041588584
228 3.223628062464636
229 3.223628062464636
230 3.389262125575009
231 3.389262125575009
232 3.8338381483185646
233 3.8338381483185646
234 3.294007094780287
235 3.294007094780287
236 3.0033019477516762
237 3.0033019477516762
238 3.744383380573262
239 3.744383380573262
240 3.173056116185068
241 3.173056116185068
242 3.2518862037982488
243 3.2518862037982488
244 3.0644370015452527
245 3.0644370015452527
246 2.480593420560224
247 2.480593420560224
248 4.227503542577432
249 4.227503542577432
250 3.680958232156048
251 3.680958232156048
252 3.9829068910325214
253 3.9829068910325214
254 3.7376411051137675
255 3.7376411051137675
256 2.951959860113514
257 2.951959860113514
258 2.7762501487093396
259 2.7762501487093396
260 3.1245282387408104
261 3.1245282387408104
262 3.9164711250082247
263 3.9164711250082247
264 3.351397136404853
265 3.351397136404853
266 3.205548496782113
267 3.205548496782113
268 3.3478191658547387
269 3.3478191658547387
270 2.6708109786202945
271 2.6708109786202945
272 3.3092429355161834
273 3.3092429355161834
274 2.86666493643564
275 2.86666493643564
276 2.610309837588548
277 2.610309837588548
278 3.324325191562928
279 3.324325191562928
280 3.9279223479572885
281 3.9279223479572885
282 4.207297555199373
283 4.207297555199373
284 4.110195597701967
285 4.110195597701967
286 1.4145753605702576
287 1.4145753605702576
288 1.8439155837126722
289 1.8439155837126722
290 1.208455981695144
291 1.208455981695144
292 1.1048998526400142
293 1.1048998526400142
294 1.8654333374700072
295 1.8654333374700072
296 1.489736165242603
297 1.489736165242603
298 1.1499069556154762
299 1.1499069556154762
300 1.902417153676503
301 1.902417153676503
302 1.7420759548398679
303 1.7420759548398679
304 1.881798463451294
305 1.881798463451294
306 1.6496866864036492
307 1.6496866864036492
308 1.2476235144637076
309 1.2476235144637076
310 1.3635522236667774
311 1.3635522236667774
312 1.5808100394685283
313 1.5808100394685283
314 1.5213030970568837
315 1.5213030970568837
316 1.7109677093091107
317 1.7109677093091107
318 1.9284484476918777
319 1.9284484476918777
320 1.8835704805880304
321 1.8835704805880304
322 2.0883708454579835
323 2.0883708454579835
324 1.715107677806486
325 1.715107677806486
326 1.02185760789683
327 2.60395816178295
328 2.60395816178295
329 4.430654809277499
330 4.430654809277499
331 3.3441766728078957
332 3.3441766728078957
333 3.631964997527017
334 3.631964997527017
335 3.478756297161964
336 3.478756297161964
337 3.716695562402448
338 3.716695562402448
339 4.131909449761039
340 4.131909449761039
341 5.2947718521237945
342 5.2947718521237945
343 3.257311571256599
344 3.257311571256599
345 4.268771197542302
346 4.268771197542302
347 2.9232296043441166
348 2.9232296043441166
349 3.868468861748234
350 3.868468861748234
351 2.614195212648778
352 2.614195212648778
353 3.129756876971008
354 1.2412392120642903
355 1.2412392120642903
356 1.0416436984675335
357 1.0416436984675335
358 0.9978446321530009
359 0.9978446321530009
360 1.2955734017932576
361 1.2955734017932576
362 0.7742017670740693
363 0.7742017670740693
364 1.2591856879465315
365 1.2591856879465315
366 0.6722285487654007
367 0.6722285487654007
368 1.1263059603819423
369 1.1263059603819423
370 0.8421978371418446
371 0.8421978371418446
372 1.1328291839367988
373 1.1328291839367988
374 1.0788852308234382
375 1.0788852308234382
376 1.0506901990030584
377 1.0506901990030584
378 0.8622668355976122
379 0.8622668355976122
380 0.8257500917988254
381 0.8257500917988254
382 1.010254346813943
383 1.010254346813943
384 0.7950594126361934
385 0.7950594126361934
386 1.6815053185881006
387 1.6815053185881006
388 3.3015249017921144
389 3.3015249017921144
390 2.9263254273504806
391 2.9263254273504806
392 2.6735879596607615
393 2.6735879596607615
394 1.9543324306018433
395 1.9543324306018433
396 2.2460368220510993
397 2.2460368220510993
398 2.024588932565065
399 2.024588932565065
400 2.91922615515849
401 2.91922615515849
402 3.033290489031217
403 3.033290489031217
404 2.6729230182424986
405 2.6729230182424986
406 2.326966988309629
407 2.326966988309629
408 1.9148663891089308
409 1.9148663891089308
410 2.3887645392162917
411 2.3887645392162917
412 2.655606872220086
413 2.655606872220086
414 1.9450575559219259
415 1.9450575559219259
416 2.4443812508679916
417 2.4443812508679916
418 2.819084002694926
419 2.819084002694926
420 2.3609887115381682
421 2.3609887115381682
422 2.731497417170285
423 2.731497417170285
424 3.5492746475142303
425 3.5492746475142303
426 2.704993356602636
427 2.704993356602636
428 2.5521713338662226
429 2.5521713338662226
430 2.4009558582716624
431 2.4009558582716624
432 2.412851384757356
433 2.412851384757356
434 1.701224564050635
435 1.701224564050635
436 2.332640811261286
437 2.332640811261286
438 2.6543386060882828
439 2.6543386060882828
440 2.9322637004670193
441 2.9322637004670193
442 2.498660064941658
443 2.498660064941658
444 2.802257678310399
445 2.802257678310399
446 1.9323825270393125
447 1.9323825270393125
448 2.4719686638626093
449 2.4719686638626093
450 2.701784105689466
451 2.701784105689466
452 2.0463995824972017
453 2.0463995824972017
454 3.1158026173399813
455 3.1158026173399813
456 2.7155443408920483
457 2.7155443408920483
458 3.0146302238548586
459 3.0146302238548586
460 2.6921373961932495
461 2.6921373961932495
462 2.4404885359895117
463 2.4404885359895117
464 2.0835444924456414
465 2.0835444924456414
466 2.2578914173727167
467 2.2578914173727167
468 2.4358230330821793
469 2.4358230330821793
470 2.4380630299728274
471 2.4380630299728274
472 2.719463096308007
473 2.719463096308007
474 2.6678304728683924
475 2.6678304728683924
476 2.2713123701715663
477 2.2713123701715663
478 3.29756965366072
479 3.29756965366072
480 2.488949255209069
481 2.488949255209069
482 2.0450091528542633
483 2.0450091528542633
484 2.252555210916138
485 2.252555210916138
486 1.8693853546528507
487 1.8693853546528507
488 2.610015949557384
489 2.610015949557384
490 3.0041033906697447
491 3.0041033906697447
492 3.3625457592727903
493 3.3625457592727903
494 2.621315196575292
495 2.621315196575292
496 2.544855227070672
497 2.544855227070672
498 2.3350709330900554
499 2.3350709330900554
500 2.749411948494756
501 2.749411948494756
502 3.044273425277291
503 3.044273425277291
504 2.943462536957645
505 2.943462536957645
506 2.46784606902195
507 2.46784606902195
508 2.5270123479970534
509 2.5270123479970534
510 2.6049211497473657
511 2.6049211497473657
512 0.8682186854123737
513 0.8682186854123737
514 0.755368975546302
515 0.755368975546302
516 1.076779551361821
517 1.076779551361821
518 1.022352378594757
519 1.022352378594757
520 0.7250906771495715
521 0.7250906771495715
522 0.705297573148518
523 0.705297573148518
524 1.1676939950986236
525 1.1676939950986236
526 0.8740442704363787
527 0.8740442704363787
528 1.1651258722202444
529 1.1651258722202444
530 1.117533944238512
531 1.117533944238512
532 1.299223626949043
533 1.299223626949043
534 1.0143781768329243
535 1.0143781768329243
536 1.0544457502887772
537 1.0544457502887772
538 1.3540830003741142
539 1.3540830003741142
540 1.178214314819272
541 1.178214314819272
542 1.2045466543045849
543 1.2045466543045849
544 1.2619332101528564
545 1.2619332101528564
546 1.1835309655632393
547 1.1835309655632393
548 1.25427603534918
549 1.25427603534918
550 1.0462782901124101
551 1.0462782901124101
552 1.1969595918651579
553 1.1969595918651579
554 1.2618717109162858
555 1.2618717109162858
556 1.3359243044290412
557 1.3359243044290412
558 1.3535333081497765
559 1.3535333081497765
560 1.047951698021471
561 1.047951698021471
562 1.0792679263857918
563 1.0792679263857918
564 1.3567811888872299
565 1.3567811888872299
566 1.0005642634203142
567 1.0005642634203142
568 1.435445084549953
569 1.435445084549953
570 0.9946924485439398
571 0.9946924485439398
572 1.2478466599991633
573 1.2478466599991633
574 1.6934732165171225
575 3.961437408197146
576 3.961437408197146
577 3.662020446081985
578 3.662020446081985
579 3.074222715307978
580 3.074222715307978
581 4.570698152856041
582 1.0378884483936903
583 1.0378884483936903
584 1.8546446900790237
585 1.8546446900790237
586 1.4936860977363453
587 1.4936860977363453
588 1.4784421783693191
589 1.4784421783693191
590 1.509537424211997
591 1.509537424211997
592 1.3972846833736663
593 1.3972846833736663
594 2.0793640096269677
595 2.0793640096269677
596 1.411920718231052
597 1.411920718231052
598 2.068644201002403
599 2.068644201002403
600 1.886384861034418
601 1.886384861034418
602 1.593258275511189
603 1.593258275511189
604 1.3509143290856098
605 1.3509143290856098
606 1.4110035078623946
607 1.4110035078623946
608 1.4077238668900378
609 1.4077238668900378
610 1.6594627029854485
611 1.6594627029854485
612 1.31590691542411
613 1.31590691542411
614 1.5379187561569578
615 1.5379187561569578
616 1.344100703725881
617 1.344100703725881
618 1.6099263089389826
619 1.6099263089389826
620 1.1480314248417245
621 1.1480314248417245
622 1.1796541080286023
623 1.1796541080286023
624 1.6333481804497414
625 1.6333481804497414
626 1.3578076958429235
627 1.3578076958429235
628 1.1020494109612369
629 1.1020494109612369
630 1.263321043119692
631 1.263321043119692
632 1.5274344229451693
633 1.5274344229451693
634 1.0456996389030437
635 1.0456996389030437
636 1.9565453790363274
637 1.9565453790363274
638 1.1710154595034081
639 1.1710154595034081
640 1.9552653993401197
641 1.9552653993401197
642 1.4537013196800115
643 1.4537013196800115
644 1.6109186791535821
645 1.6109186791535821
646 1.3649004396562432
647 1.3649004396562432
648 1.5643683219160966
649 1.5643683219160966
650 1.651025399203969
651 1.651025399203969
652 1.4348048644017688
653 1.4348048644017688
654 1.44136428349914
655 1.44136428349914
656 1.7211896739053323
657 1.7211896739053323
658 1.4921011681317848
659 1.4921011681317848
660 3.870306453453991
661 3.870306453453991
662 2.3783248039784888
663 2.3783248039784888
664 3.610825866937283
665 3.610825866937283
666 2.8408470797393073
667 2.8408470797393073
668 1.9103930026635905
669 1.9103930026635905
670 2.058968718937468
671 2.058968718937468
672 2.5171713611516005
673 2.5171713611516005
674 3.385476220217445
675 3.385476220217445
676 2.7649450472516452
677 2.7649450472516452
678 1.1566450843271923
679 1.1566450843271923
680 0.8860687350217186
681 0.8860687350217186
682 0.9266344367698406
683 0.9266344367698406
684 1.032541280473314
685 1.032541280473314
686 1.2175187712936377
687 1.2175187712936377
688 0.9702948228503016
689 0.9702948228503016
690 0.8758364542865177
691 0.8758364542865177
692 1.3538882671177468
693 1.3538882671177468
694 1.3232727540523577
695 1.3232727540523577
696 1.168759669903612
697 1.168759669903612
698 1.3684561390380345
699 1.3684561390380345
700 1.1642490112690966
701 1.1642490112690966
702 1.0001601178574486
703 1.0001601178574486
704 1.3868817560033704
705 1.3868817560033704
706 1.03495769343986
707 1.03495769343986
708 1.263494492834634
709 1.263494492834634
710 0.8634163060524538
711 0.8634163060524538
712 1.2190040138429838
713 1.2190040138429838
714 0.9102734109262989
715 0.9102734109262989
716 0.9617687628678523
717 0.9617687628678523
718 1.3114863919175808
719 1.3114863919175808
720 1.109828227395707
721 1.109828227395707
722 0.9976844285168791
723 0.9976844285168791
724 0.9643894642337402
725 0.9643894642337402
726 1.0368596581508391
727 1.0368596581508391
728 1.187915452576802
729 1.187915452576802
730 0.8305604102748332
731 0.8305604102748332
732 1.1585257323853235
733 1.1585257323853235
734 0.9749514295769839
735 0.9749514295769839
736 1.1592247070647501
737 1.1592247070647501
738 1.1029639791121197
739 1.1029639791121197
740 0.8198378274507002
741 0.8198378274507002
742 1.1316358043109636
743 1.1316358043109636
744 0.9241242783311946
745 0.9241242783311946
746 1.0960147495682075
747 1.0960147495682075
748 1.2252474732829552
749 1.2252474732829552
750 1.550898024995905
751 1.550898024995905
752 1.0227585134693713
753 1.0227585134693713
754 1.8757947996678082
755 1.8757947996678082
756 2.0573344387324664
757 2.0573344387324664
758 1.9148029093569845
759 1.9148029093569845
760 1.9115574476962824
761 1.9115574476962824
762 1.7090137108811918
763 1.7090137108811918
764 1.5246081837841243
765 1.5246081837841243
766 1.7707555817613376
767 1.7707555817613376
768 2.3727141476944813
769 2.3727141476944813
770 1.7148340901873191
771 1.7148340901873191
772 2.7965960511232524
773 2.7965960511232524
774 2.1090503894532646
775 2.1090503894532646
776 2.20478352635549
777 2.20478352635549
778 1.7703942868309566
779 1.7703942868309566
780 2.43024081413049
781 2.43024081413049
782 2.182038543937181
783 2.182038543937181
784 1.5730670829523172
785 1.5730670829523172
786 3.5895355945202687
787 3.5895355945202687
788 2.0272838577168617
789 2.0272838577168617
790 1.959300995319322
791 1.959300995319322
792 2.5889482706249693
793 2.5889482706249693
794 1.5883413694674302
795 1.5883413694674302
796 1.6675395495249334
797 1.6675395495249334
798 2.1592755826071017
799 2.1592755826071017
800 1.3896533954572463
801 1.3896533954572463
802 1.7374956262032728
803 1.7374956262032728
804 2.131260854073234
805 2.131260854073234
806 2.243878265942437
807 2.243878265942437
808 1.070451370576091
809 1.070451370576091
810 2.2645283707527977
811 2.2645283707527977
812 1.9775693470244755
813 1.9775693470244755
814 2.5063615627245777
815 2.5063615627245777
816 2.551369758731772
817 2.551369758731772
818 2.3875844861397435
819 2.3875844861397435
820 2.3156376270347625
821 2.3156376270347625
822 1.9944123269920315
823 1.9944123269920315
824 2.3233402233743647
825 2.3233402233743647
826 1.7866849353416847
827 1.7866849353416847
828 2.1117726182619663
829 2.1117726182619663
830 1.4574615120799606
831 1.4574615120799606
832 1.7211432911561637
833 1.7211432911561637
834 1.4104255199417237
835 1.4104255199417237
836 1.863812897791971
837 1.863812897791971
838 1.787420378243166
839 1.787420378243166
840 1.727047096610156
841 1.727047096610156
842 2.336392104952916
843 2.336392104952916
844 2.1121679330519
845 2.1121679330519
846 1.6219231366207376
847 1.6219231366207376
848 2.258096458288231
849 2.258096458288231
850 1.884494892654913
851 1.884494892654913
852 2.2861531846830507
853 2.2861531846830507
854 1.9431295243786952
855 1.9431295243786952
856 2.1817211158983554
857 2.1817211158983554
858 2.1919957973789064
859 2.1919957973789064
860 2.0408763568265
861 2.0408763568265
862 2.450148519516661
863 2.450148519516661
864 1.9586142969524671
865 1.9586142969524671
866 2.2182081236033118
867 2.2182081236033118
868 1.6923596038822777
869 1.6923596038822777
870 2.3432744023533725
871 2.3432744023533725
872 1.9130721137264943
873 1.9130721137264943
874 2.122759222953396
875 2.122759222953396
876 1.8691821681926415
877 1.8691821681926415
878 2.2804415647858085
879 2.2804415647858085
880 2.3683668482255107
881 2.3683668482255107
882 2.561481780019053
883 2.561481780019053
884 2.291216240228553
885 2.291216240228553
886 2.27866403577207
887 2.7429495858886916
888 2.7429495858886916
889 2.622837861147454
890 2.622837861147454
891 2.797403893890245
892 2.797403893890245
893 2.071980995646279
894 2.071980995646279
895 2.136049169683808
896 2.136049169683808
897 2.4590089458203597
898 2.4590089458203597
899 2.264261577644018
900 2.264261577644018
901 3.23607574294757
902 3.23607574294757
903 2.3847650353918395
904 2.3847650353918395
905 1.9114442511559253
906 1.9114442511559253
907 2.06798560134044
908 2.06798560134044
909 2.2709212640231318
910 2.2709212640231318
911 1.7425618525461992
912 1.8711039910273597
913 1.8711039910273597
914 0.1793049265017893
915 0.1793049265017893
916 0.1737471374686827
917 0.1737471374686827
918 0.12830372142018104
919 0.12830372142018104
920 0.21339703217717815
921 0.21339703217717815
922 0.17037575550769593
923 0.17037575550769593
924 0.18446977189529268
925 0.18446977189529268
926 0.12175050821857875
927 0.12175050821857875
928 0.21400111791454124
929 0.21400111791454124
930 0.2148374205359968
931 0.2148374205359968
932 0.2144739689447801
933 0.2144739689447801
934 0.17719244955528016
935 0.17719244955528016
936 0.21982850283234084
937 0.21982850283234084
938 0.2705208001227496
939 0.2705208001227496
940 0.19781975729663695
941 0.19781975729663695
942 0.16833880523930173
943 0.16833880523930173
944 0.19346160550476832
945 0.19346160550476832
946 0.21732339363425265
947 0.21732339363425265
948 0.19523538683078148
949 0.19523538683078148
950 0.23808516162168164
951 0.23808516162168164
952 0.1409214446482662
953 0.1409214446482662
954 0.22504458885978618
955 0.22504458885978618
956 0.19577702018005963
957 0.19577702018005963
958 0.17888568997802815
959 0.17888568997802815
960 0.24246912544543195
961 0.24246912544543195
962 0.17668968855470565
963 0.17668968855470565
964 0.20627346741509653
965 0.20627346741509653
966 0.14765925437233013
967 0.14765925437233013
968 0.20796406406195952
969 0.9770568484850309
970 0.9770568484850309
971 1.3090128814660502
972 1.3090128814660502
973 0.7915707830877914
974 0.7915707830877914
975 1.1488952586072443
976 1.1488952586072443
977 1.2302163690388104
978 1.2302163690388104
979 1.0567485818951363
980 1.0567485818951363
981 1.1513689375137035
982 1.1513689375137035
983 1.3736453192354048
984 1.3736453192354048
985 1.0681008637135077
986 1.0681008637135077
987 0.6674693279927708
988 0.6674693279927708
989 1.1958365589128648
990 1.1958365589128648
991 1.249869010083561
992 1.249869010083561
993 0.8907821356297697
994 0.8907821356297697
995 0.9918581522013608
996 0.9918581522013608
997 1.4762017876492988
998 1.4762017876492988
999 1.1705088864302564
1000 1.1705088864302564
1001 1.2585647188132043
1002 1.2585647188132043
1003 1.2116190437788328
1004 1.2116190437788328
1005 1.199453600631767
1006 1.199453600631767
1007 0.8607232719248199
1008 0.8607232719248199
1009 1.1138624658624745
1010 1.1138624658624745
1011 1.1168640487442183
1012 1.1168640487442183
1013 0.6960305383837199
1014 0.6960305383837199
1015 0.8480261684211254
1016 0.8480261684211254
1017 1.0862968047995543
1018 1.0862968047995543
1019 1.105758850279905
1020 1.105758850279905
1021 1.429970256183944
1022 1.429970256183944
1023 1.2622702886578725
1024 1.2622702886578725
1025 1.361896617784467
1026 1.361896617784467
1027 1.1552933904397347
1028 1.1552933904397347
1029 1.1439558228134894
1030 1.1439558228134894
1031 1.2205572267375344
1032 1.2205572267375344
1033 1.1572362343431069
1034 1.1572362343431069
1035 0.9158629252014865
1036 0.9158629252014865
1037 1.2053090491480605
1038 1.2053090491480605
1039 1.2788878697012407
1040 1.2788878697012407
1041 1.097466095856443
1042 1.097466095856443
1043 0.730904621690059
1044 0.730904621690059
1045 1.2726370485487606
1046 1.2726370485487606
1047 0.819725245907156
1048 0.819725245907156
1049 1.1819943747028605
1050 1.1819943747028605
1051 0.6979281259907278
1052 0.6979281259907278
1053 1.178967285590818
1054 1.178967285590818
1055 0.9354227857905295
1056 0.9354227857905295
1057 1.0650527475798648
1058 1.0650527475798648
1059 0.9379568696880434
1060 0.9379568696880434
1061 1.1578882408223163
1062 1.1578882408223163
1063 0.9264176692347336
1064 0.9264176692347336
1065 1.53961469779914
1066 1.53961469779914
1067 1.0876114993724606
1068 1.0876114993724606
1069 0.984203380753779
1070 0.984203380753779
1071 1.0878613099614647
1072 1.0878613099614647
1073 0.7669609701697484
1074 0.7669609701697484
1075 1.5625698854464543
1076 1.5625698854464543
1077 0.6909837620245174
1078 2.900597719029785
1079 2.900597719029785
1080 1.7985838165734436
1081 1.7985838165734436
1082 2.7669702604268585
1083 2.7669702604268585
1084 0.990748459854091
1085 0.990748459854091
1086 1.113821589676037
1087 1.113821589676037
1088 1.8406047127434613
1089 1.8406047127434613
1090 2.0706104994117718
1091 2.0706104994117718
1092 1.5934586036175546
1093 1.5934586036175546
1094 2.4215774099037564
1095 2.4215774099037564
1096 1.7253664832186004
1097 1.7253664832186004
1098 2.7348629024359954
1099 2.7348629024359954
1100 2.514258367827826
1101 2.514258367827826
1102 3.9069646150341546
1103 3.9069646150341546
1104 2.9414882084189804
1105 2.9414882084189804
1106 3.364395868121139
1107 3.364395868121139
1108 3.404030886114558
1109 3.404030886114558
1110 3.4000828238115277
1111 3.4000828238115277
1112 2.117160573830297
1113 2.117160573830297
1114 3.4019910720445394
1115 3.4019910720445394
1116 2.782813711912134
1117 2.782813711912134
1118 3.6210290429533494
1119 3.6210290429533494
1120 1.9427837821859641
1121 1.9427837821859641
1122 2.788128403279708
1123 2.788128403279708
1124 2.8992437334223915
1125 2.8992437334223915
1126 2.9790746978150597
1127 2.9790746978150597
1128 2.7574982347734323
1129 2.7574982347734323
1130 2.890125109170219
1131 2.890125109170219
1132 2.006024774912899
1133 0.973859641416009
1134 0.973859641416009
1135 1.0406609854088593
1136 1.0406609854088593
1137 0.854279248586828
1138 0.854279248586828
1139 1.138346461900853
1140 1.138346461900853
1141 1.3615677659240524
1142 1.3615677659240524
1143 1.1861161011571852
1144 1.1861161011571852
1145 1.2878972023083866
1146 1.2878972023083866
1147 0.8091521835691204
1148 0.8091521835691204
1149 1.0027490038941511
1150 1.0027490038941511
1151 0.9409355689729544
1152 0.9409355689729544
1153 0.8857262038740705
1154 0.8857262038740705
1155 0.9954244759702349
1156 0.9954244759702349
1157 1.2000178600951235
1158 1.2000178600951235
1159 0.5450462248447455
1160 0.5450462248447455
1161 0.7465156092372107
1162 0.7465156092372107
1163 0.9816321215762065
1164 0.9816321215762065
1165 1.1718125039536025
1166 1.1718125039536025
1167 0.9112800051870447
1168 0.9112800051870447
1169 0.9795195056316952
1170 0.9795195056316952
1171 0.897808459339284
1172 0.897808459339284
1173 1.525621560583802
1174 1.525621560583802
1175 1.5110583931981751
1176 1.5110583931981751
1177 1.3069260165041365
1178 1.3069260165041365
1179 1.2491662506898398
1180 1.2491662506898398
1181 1.0947966975104257
1182 1.0947966975104257
1183 1.7039527169346336
1184 1.7039527169346336
1185 1.4254127921401507
1186 1.4254127921401507
1187 1.0847270322247522
1188 1.0847270322247522
1189 1.0274005199095793
1190 1.0274005199095793
1191 0.8515219589598801
1192 0.8515219589598801
1193 0.9007731321200494
1194 0.9007731321200494
1195 1.1792733643449413
1196 1.1792733643449413
1197 1.254602631211317
1198 1.254602631211317
1199 1.3551106827197485
1200 1.3551106827197485
1201 1.090072595516568
1202 2.3542973451319518
1203 2.3542973451319518
1204 3.0547278356643637
1205 3.0547278356643637
1206 2.7039310680668485
1207 2.7039310680668485
1208 2.916729498988774
1209 2.916729498988774
1210 3.373238962048458
1211 3.373238962048458
1212 3.0775846055715324
1213 3.0775846055715324
1214 3.342008027386057
1215 3.342008027386057
1216 3.5874500300349457
1217 3.5874500300349457
1218 3.6093258972819817
1219 3.6093258972819817
1220 3.264656024319026
1221 3.264656024319026
1222 2.333655876104523
1223 2.333655876104523
1224 3.906691439635285
1225 3.906691439635285
1226 3.0097844683703823
1227 3.0097844683703823
1228 1.7846540332205223
1229 1.7846540332205223
1230 2.9453374552877807
1231 2.9453374552877807
1232 3.0082563443347676
1233 3.0082563443347676
1234 3.440130641097206
1235 3.440130641097206
1236 4.056586083363773
1237 4.056586083363773
1238 4.430035837283345
1239 4.430035837283345
1240 2.3202876316844616
1241 2.3202876316844616
1242 4.294368261529868
1243 4.294368261529868
1244 2.9333040171802875
1245 2.9333040171802875
1246 3.5791582916662623
1247 3.5791582916662623
1248 3.0774189725074232
1249 3.0774189725074232
1250 4.414651177950686
1251 4.414651177950686
1252 3.2067435054268345
1253 3.2067435054268345
1254 2.2717485799801365
1255 2.2717485799801365
1256 3.0676278183337984
1257 3.0676278183337984
1258 4.18996837250247
1259 4.18996837250247
1260 3.4851717097419708
1261 3.4851717097419708
1262 4.999523219094178
1263 4.999523219094178
1264 2.952568079698069
1265 2.952568079698069
1266 3.794432444174931
1267 3.794432444174931
1268 3.4346543352759817
1269 3.4346543352759817
1270 3.3608480136011716
1271 3.3608480136011716
1272 2.8069611855328116
1273 2.8069611855328116
1274 3.1912248016625258
1275 3.1912248016625258
1276 3.6584493538491802
1277 3.6584493538491802
1278 3.860083722883359
1279 3.860083722883359
1280 3.215277706736258
1281 3.215277706736258
1282 3.6153764729311306
1283 3.6153764729311306
1284 3.471270768947526
1285 3.471270768947526
1286 1.8325237959919576
1287 1.8325237959919576
1288 2.376062817195826
1289 2.376062817195826
1290 2.9010176849516784
1291 2.9010176849516784
1292 2.9509068237844573
1293 2.9509068237844573
1294 3.660621477014935
1295 3.660621477014935
1296 3.0144382121588724
1297 3.0144382121588724
1298 3.7450107184843544
1299 3.7450107184843544
1300 3.9189747998810223
1301 3.9189747998810223
1302 3.908028385537878
1303 3.908028385537878
1304 3.680378143717621
1305 3.680378143717621
1306 3.310396110109241
1307 3.310396110109241
1308 3.6752509424366244
1309 3.6752509424366244
1310 4.712796312895259
1311 4.712796312895259
1312 3.2744439979478117
1313 3.2744439979478117
1314 3.1180671126417057
1315 3.1180671126417057
1316 2.7064341791811506
1317 2.7064341791811506
1318 3.3377292623444377
1319 3.3377292623444377
1320 3.247588817128603
1321 3.247588817128603
1322 3.5825037224765612
1323 3.5825037224765612
1324 3.514945187554685
1325 3.514945187554685
1326 3.3555011809780444
1327 3.3555011809780444
1328 3.1754034695242215
1329 3.1754034695242215
1330 2.8318110734393285
1331 2.8318110734393285
1332 3.61477773326405
1333 3.61477773326405
1334 3.448483093628713
1335 3.448483093628713
1336 2.676984844979501
1337 2.676984844979501
1338 3.0521551020950484
1339 3.0521551020950484
1340 4.153738031392559
1341 4.153738031392559
1342 4.86430974525985
1343 4.86430974525985
1344 3.4702247648587368
1345 3.4702247648587368
1346 2.2414070523097713
1347 2.2414070523097713
1348 4.228361523879425
1349 4.228361523879425
1350 2.701961890765294
1351 2.701961890765294
1352 3.1594607721995507
1353 3.1594607721995507
1354 3.6197278401098365
1355 3.6197278401098365
1356 4.323813599672405
1357 4.323813599672405
1358 2.685422035460882
1359 2.685422035460882
1360 3.975245650306288
1361 3.975245650306288
1362 3.802258765987631
1363 3.802258765987631
1364 3.7445438533526314
1365 3.7445438533526314
1366 3.6742497266929295
1367 3.6742497266929295
1368 3.247193091788148
1369 3.247193091788148
1370 3.9316590441311488
1371 3.9316590441311488
1372 3.3091496133967393
1373 3.3091496133967393
1374 2.472450480091669
1375 2.472450480091669
1376 3.0146513519772915
1377 3.0146513519772915
1378 2.7963311034121583
1379 2.7963311034121583
1380 2.9971468746519716
1381 2.9971468746519716
1382 2.7828383386656297
1383 2.7828383386656297
1384 3.024531762879613
1385 3.024531762879613
1386 3.6559241195819743
1387 3.6559241195819743
1388 2.1410543250489082
1389 2.1410543250489082
1390 4.869982295557545
1391 4.869982295557545
1392 4.094807870618162
1393 4.094807870618162
1394 3.1070507911659386
1395 3.1070507911659386
1396 3.340687518472921
1397 3.340687518472921
1398 3.9822016190807057
1399 3.9822016190807057
1400 2.679395089218942
1401 2.679395089218942
1402 1.1940333460799424
1403 1.1940333460799424
1404 0.48068392015065
1405 0.48068392015065
1406 1.1676492656062691
1407 1.1676492656062691
1408 0.5712343226340854
1409 0.5712343226340854
1410 1.306666188611421
1411 1.306666188611421
1412 1.4082487362047253
1413 1.4082487362047253
1414 1.4448828246132883
1415 1.4448828246132883
1416 1.3394361926600664
1417 1.3394361926600664
1418 1.0400090467189236
1419 1.0400090467189236
1420 0.9727396773120868
1421 0.9727396773120868
1422 1.190657199480967
1423 1.190657199480967
1424 1.1577321091233608
1425 1.1577321091233608
1426 1.3995922662069034
1427 1.3995922662069034
1428 1.2057954917912896
1429 1.2057954917912896
1430 0.8634347489265494
1431 0.8634347489265494
1432 0.9514623793637875
1433 0.9514623793637875
1434 1.1675326524005705
1435 1.1675326524005705
1436 0.9736261812959491
1437 0.9736261812959491
1438 1.0040046148374724
1439 1.0040046148374724
1440 1.279947878869666
1441 1.279947878869666
1442 1.1776958863544533
1443 1.1776958863544533
1444 1.2532590565516928
1445 1.2532590565516928
1446 1.3167810179728097
1447 1.3167810179728097
1448 1.130443364733397
1449 1.130443364733397
1450 1.2716238628135892
1451 1.2716238628135892
1452 0.8814737259622549
1453 0.8814737259622549
1454 1.2326152218193536
1455 1.2326152218193536
1456 0.9813804336169927
1457 0.9813804336169927
1458 0.9889321911281542
1459 0.9889321911281542
1460 1.1780515056383907
1461 1.1780515056383907
1462 1.0504986650144468
1463 1.0504986650144468
1464 1.08332910967489
1465 1.08332910967489
1466 1.0721571621427133
1467 1.0721571621427133
1468 1.2097909174882118
1469 1.2097909174882118
1470 0.8849816921471311
1471 0.8849816921471311
1472 1.0335650488015349
1473 1.0335650488015349
1474 0.8983856222855889
1475 0.8983856222855889
1476 0.8279056340424991
1477 0.8279056340424991
1478 1.056389443560831
1479 1.056389443560831
1480 1.1515201834397146
1481 1.1515201834397146
1482 1.2155998653227371
1483 1.2155998653227371
1484 1.0614819818749432
1485 1.0614819818749432
1486 1.2244725565825547
1487 1.2244725565825547
1488 0.7419633995612267
1489 0.7419633995612267
1490 1.1692318547817944
1491 1.1692318547817944
1492 1.1182772752504115
1493 1.1182772752504115
1494 0.9313107713712966
1495 0.9313107713712966
1496 1.0198162075300155
1497 1.0198162075300155
1498 0.6483455945370769
1499 0.6483455945370769
1500 0.9601958215287221
1501 0.9601958215287221
1502 1.2250323261177674
1503 1.2250323261177674
1504 1.1996804433106605
1505 1.1996804433106605
1506 0.8656616210514556
1507 0.8656616210514556
1508 1.5579501621840446
1509 1.5579501621840446
1510 1.1702607517860664
1511 1.1702607517860664
1512 1.070631132109689
1513 0.19395319276712614
1514 0.19395319276712614
1515 0.2223147126432914
1516 0.2223147126432914
1517 0.18816454956174855
1518 0.18816454956174855
1519 0.19256584904983437
1520 0.7590300286051747
1521 0.7590300286051747
1522 0.6492292796705345
1523 0.6492292796705345
1524 1.0556523654465244
1525 1.0556523654465244
1526 0.4347066151603841
1527 0.4347066151603841
1528 0.7207268210959371
1529 0.7207268210959371
1530 0.6626755803500991
1531 0.6626755803500991
1532 0.863312316430677
1533 0.863312316430677
1534 0.5675626324757527
1535 0.5675626324757527
1536 0.6532430681402613
1537 0.6532430681402613
1538 0.6145071596128112
1539 0.6145071596128112
1540 0.6525794140748435
1541 0.6525794140748435
1542 0.5690010473449537
1543 0.5690010473449537
1544 0.7003764501557129
1545 0.7003764501557129
1546 0.5261626549499895
1547 0.5261626549499895
1548 0.814983114383896
1549 0.814983114383896
1550 0.7383554835784418
1551 0.7383554835784418
1552 0.5549481578832103
1553 0.5549481578832103
1554 0.5896252875568003
1555 0.5896252875568003
1556 0.7284746969692317
1557 0.7284746969692317
1558 0.6701737538107861
1559 0.6701737538107861
1560 0.6091272076576437
1561 0.6091272076576437
1562 0.5939361942358541
1563 0.5939361942358541
1564 0.8972202032415807
1565 0.8972202032415807
1566 0.5698375831516679
1567 0.5698375831516679
1568 0.7129878466558676
1569 0.7129878466558676
1570 0.8796524953542236
1571 0.8796524953542236
1572 0.7363876376578022
1573 0.7363876376578022
1574 0.5376734732899547
1575 0.5376734732899547
1576 0.7723435584221818
1577 0.7723435584221818
1578 0.7546783347510415
1579 0.7546783347510415
1580 0.8127440252603464
1581 3.317648929301696
1582 3.317648929301696
1583 2.259749564162325
1584 2.259749564162325
1585 3.137346471905631
1586 3.137346471905631
1587 2.8225268194113617
1588 2.8225268194113617
1589 2.7749522827652355
1590 2.7749522827652355
1591 3.847711689313838
1592 3.847711689313838
1593 3.347326444671522
1594 3.347326444671522
1595 2.7818843464458323
1596 2.7818843464458323
1597 2.278789346253888
1598 2.278789346253888
1599 1.8618302961706839
1600 1.8618302961706839
1601 2.1567885914689207
1602 2.1567885914689207
1603 2.702550286751794
1604 2.702550286751794
1605 3.169771683914435
1606 3.169771683914435
1607 2.4036510916175327
1608 2.4036510916175327
1609 4.283344208665838
1610 4.283344208665838
1611 3.0180365013699775
1612 3.0180365013699775
1613 2.8739228612408727
1614 2.8739228612408727
1615 3.9039633531483666
1616 3.9039633531483666
1617 2.4709243777001144
1618 2.4709243777001144
1619 3.8313110429629003
1620 3.8313110429629003
1621 3.501617306418935
1622 3.501617306418935
1623 2.167227555723357
1624 2.167227555723357
1625 3.8489746306949923
1626 3.8489746306949923
1627 2.900991874259325
1628 2.900991874259325
1629 2.6920595401046805
1630 2.6920595401046805
1631 2.4054622989500096
1632 2.4054622989500096
1633 2.5391141657291674
1634 2.5391141657291674
1635 3.499406098585827
1636 3.499406098585827
1637 2.2421767653320095
1638 2.2421767653320095
1639 2.9785448616791452
1640 2.9785448616791452
1641 2.650631561541153
1642 2.650631561541153
1643 3.8426016096371347
1644 3.8426016096371347
1645 3.6565323561872933
1646 3.6565323561872933
1647 4.095296054931721
1648 4.095296054931721
1649 2.265325675832476
1650 2.265325675832476
1651 2.7261958378593194
1652 2.7261958378593194
1653 2.9535889640978645
1654 2.9535889640978645
1655 2.0247902347323112
1656 2.0247902347323112
1657 2.3607919801808097
1658 2.3607919801808097
1659 3.5910801968802
1660 3.5910801968802
1661 3.287794053411724
1662 3.287794053411724
1663 3.132502660086776
1664 3.132502660086776
1665 3.113556144350831
1666 3.113556144350831
1667 3.6496034206511805
1668 3.6496034206511805
1669 4.121688037246513
1670 4.121688037246513
1671 4.058483360192834
1672 4.058483360192834
1673 3.284453106386254
1674 3.284453106386254
1675 4.260145662468686
1676 4.260145662468686
1677 4.381977105530188
1678 4.381977105530188
1679 3.801568051634195
1680 3.801568051634195
1681 2.99867764292289
1682 2.99867764292289
1683 3.5568237518685395
1684 3.5568237518685395
1685 3.900431666532576
1686 3.900431666532576
1687 3.780633229002243
1688 3.780633229002243
1689 4.180749470649326
1690 4.180749470649326
1691 4.568560485413171
1692 4.568560485413171
1693 2.939161544260282
1694 2.939161544260282
1695 3.902108874692995
1696 3.902108874692995
1697 3.6160577975940793
1698 3.6160577975940793
1699 4.858062179059117
1700 4.858062179059117
1701 3.6114775157527634
1702 3.6114775157527634
1703 3.7226061022907966
1704 3.7226061022907966
1705 3.2602844640855664
1706 3.2602844640855664
1707 3.42102361676594
1708 3.42102361676594
1709 3.221068915268848
1710 3.221068915268848
1711 4.287230677376404
1712 4.287230677376404
1713 5.1922275725576945
1714 5.1922275725576945
1715 4.296351642850809
1716 4.296351642850809
1717 4.4234884925343625
1718 4.4234884925343625
1719 5.489519938655934
1720 5.489519938655934
1721 2.7354728171871905
1722 2.7354728171871905
1723 3.0869458989459284
1724 3.0869458989459284
1725 3.577955983349613
1726 3.577955983349613
1727 3.047337198066316
1728 3.047337198066316
1729 3.563662416713684
1730 3.563662416713684
1731 4.30805625190315
1732 4.30805625190315
1733 2.187905500251156
1734 2.187905500251156
1735 2.720490874799806
1736 2.720490874799806
1737 5.068345624301443
1738 5.068345624301443
1739 4.4617830054268035
1740 4.4617830054268035
1741 3.8451281284934655
1742 3.8451281284934655
1743 3.0144696369654467
1744 3.0144696369654467
1745 4.782613538127829
1746 4.782613538127829
1747 2.8241239716482527
1748 2.8241239716482527
1749 5.234601860541471
1750 5.234601860541471
1751 4.305386315348314
1752 4.305386315348314
1753 2.4556659436643358
1754 2.4655474942390607
1755 2.4655474942390607
1756 2.3727204935893274
1757 2.3727204935893274
1758 1.7158771217832585
1759 1.7158771217832585
1760 2.061361001569023
1761 2.061361001569023
1762 2.1920542580085924
1763 2.1920542580085924
1764 1.7148129619659989
1765 1.7148129619659989
1766 2.002505555138795
1767 2.002505555138795
1768 1.6506174677804581
1769 1.6506174677804581
1770 1.7760214472678233
1771 1.7760214472678233
1772 2.4810301444444347
1773 2.4810301444444347
1774 2.9603705030770744
1775 2.9603705030770744
1776 1.4573360547515162
1777 1.4573360547515162
1778 1.7380879506960993
1779 1.7380879506960993
1780 2.492562087653392
1781 2.492562087653392
1782 2.0260120708339153
1783 2.0260120708339153
1784 1.961210729522511
1785 1.961210729522511
1786 1.7282091790538285
1787 1.7282091790538285
1788 2.1783248475780663
1789 0.1405607657781362
1790 0.1405607657781362
1791 0.15570201597703529
1792 0.15570201597703529
1793 0.1899093960295274
1794 0.1899093960295274
1795 0.19654742083248575
1796 0.19654742083248575
1797 0.2549213740471749
1798 0.2549213740471749
1799 0.19594181005262998
1800 0.19594181005262998
1801 0.1940722671261471
1802 0.1940722671261471
1803 0.2358705316681986
1804 0.2358705316681986
1805 0.18257799071051561
1806 0.18257799071051561
1807 0.2087121801543891
1808 0.2087121801543891
1809 0.23715778004609184
1810 0.23715778004609184
1811 0.15084016318823235
1812 0.15084016318823235
1813 0.15403551996956977
1814 0.15403551996956977
1815 0.22651204280502182
1816 0.22651204280502182
1817 0.1745446237370264
1818 0.1745446237370264
1819 0.18297630436530654
1820 0.18297630436530654
1821 0.21334964564026782
1822 0.21334964564026782
1823 0.18104813654259536
1824 0.18104813654259536
1825 0.298151801164417
1826 0.298151801164417
1827 0.17913785045069633
1828 0.17913785045069633
1829 0.229886935786597
1830 0.229886935786597
1831 0.20137376279938307
1832 0.20137376279938307
1833 0.22234797753742905
1834 0.22234797753742905
1835 0.14650841787356053
1836 0.14650841787356053
1837 0.2469177494025176
1838 0.2469177494025176
1839 0.149044390410194
1840 0.149044390410194
1841 0.1380908797522466
1842 0.1380908797522466
1843 0.20697701876850214
1844 0.20697701876850214
1845 0.22421992781585656
1846 0.22421992781585656
1847 0.18460161812933093
1848 0.18460161812933093
1849 0.16022213278598701
1850 0.16022213278598701
1851 0.2059132973138876
1852 0.2059132973138876
1853 0.17256175251484146
1854 0.17256175251484146
1855 0.17822953096812522
1856 0.17822953096812522
1857 0.25328105690900377
1858 0.25328105690900377
1859 0.19673528839887586
1860 0.19673528839887586
1861 0.21623984759964196
1862 0.21623984759964196
1863 0.23512329686718758
1864 1.0935154693068498
1865 1.0935154693068498
1866 0.9488574302767773
1867 0.9488574302767773
1868 1.0587335119178938
1869 1.0587335119178938
1870 1.3137695657932837
1871 1.3137695657932837
1872 1.2938456230338224
1873 1.2938456230338224
1874 0.9506306070740957
1875 0.9506306070740957
1876 1.0466499441088957
1877 1.0466499441088957
1878 0.6335429664058773
1879 0.6335429664058773
1880 0.9680531190654956
1881 0.9680531190654956
1882 1.170932244395595
1883 1.170932244395595
1884 1.1045602644146932
1885 1.1045602644146932
1886 1.3960719588285089
1887 1.3960719588285089
1888 0.6950393322053222
1889 0.6950393322053222
1890 1.3039408410097635
1891 1.3039408410097635
1892 1.055763871846662
1893 1.055763871846662
1894 1.3168085110700902
1895 1.3168085110700902
1896 0.9117270517466929
1897 0.9117270517466929
1898 1.1536755187473282
1899 1.1536755187473282
1900 0.7303381610261588
1901 0.7303381610261588
1902 0.9687809484943438
1903 0.9687809484943438
1904 1.3063283914352068
1905 1.3063283914352068
1906 1.160798162024402
1907 1.160798162024402
1908 1.2791101289265612
1909 1.2791101289265612
1910 1.0139310465780818
1911 1.0139310465780818
1912 1.2194627933656155
1913 1.2194627933656155
1914 1.1589422561719023
1915 1.1589422561719023
1916 1.2254940995808987
1917 1.2254940995808987
1918 1.007374037435327
1919 1.007374037435327
1920 0.9596848881777308
1921 0.9596848881777308
1922 0.6850274053606924
1923 0.6850274053606924
1924 1.1861076599543294
1925 1.1861076599543294
1926 1.2404091684943177
1927 1.2404091684943177
1928 1.040324768425727
1929 1.040324768425727
1930 1.3412564882903442
1931 1.3412564882903442
1932 1.0094007190922734
1933 1.0094007190922734
1934 1.3066848548341288
1935 1.3066848548341288
1936 1.17290497920759
1937 1.17290497920759
1938 1.1694312251996635
1939 1.1694312251996635
1940 1.4347236010207485
1941 1.4347236010207485
1942 1.0552691983263238
1943 1.0552691983263238
1944 0.9991697733122404
1945 0.9991697733122404
1946 1.0507371015374098
1947 1.0507371015374098
1948 1.248231714858484
1949 1.248231714858484
1950 0.9397109345612906
1951 0.9397109345612906
1952 1.359752909524211
1953 1.359752909524211
1954 0.891630487577036
1955 0.891630487577036
1956 0.961924526851424
1957 0.961924526851424
1958 0.9803956101923188
1959 0.9803956101923188
1960 1.0688769655112424
1961 1.0688769655112424
1962 1.5060264660541152
1963 1.5060264660541152
1964 1.1021871062419828
1965 1.1021871062419828
1966 0.9989630157994118
1967 0.9989630157994118
1968 1.1114466898319204
1969 1.1114466898319204
1970 1.0288409626385888
1971 1.0288409626385888
1972 1.1790150802574781
1973 1.1790150802574781
1974 1.1730621040907605
1975 1.1730621040907605
1976 1.3293894080409243
1977 1.3293894080409243
1978 1.0339880605508156
1979 1.0339880605508156
1980 1.5925867178736777
1981 1.5925867178736777
1982 3.440420779874447
1983 3.440420779874447
1984 3.8323432801308717
1985 3.8323432801308717
1986 2.537632575255059
1987 2.537632575255059
1988 4.2806829310389025
1989 4.2806829310389025
1990 3.9325209622467656
1991 3.9325209622467656
1992 3.949979701424401
1993 3.949979701424401
1994 3.347021325239616
1995 3.347021325239616
1996 3.298276283808894
1997 3.298276283808894
1998 2.054362862578262
1999 2.054362862578262
