0 2.2800549549811397
1 2.2800549549811397
2 2.2800549549811397
3 2.2899523063372964
4 2.2899523063372964
5 2.2899523063372964
6 2.7168437152142184
7 2.7168437152142184
8 2.7168437152142184
9 2.829249697469093
10 2.829249697469093
11 2.829249697469093
12 3.4490275273918676
13 3.4490275273918676
14 3.4490275273918676
15 3.0717825233933955
16 3.0717825233933955
17 3.0717825233933955
18 3.481421525763304
19 3.481421525763304
20 3.481421525763304
21 2.0013812484188755
22 2.0013812484188755
23 2.0013812484188755
24 3.5150547888328996
25 3.5150547888328996
26 3.5150547888328996
27 1.3170299892340733
28 1.3170299892340733
29 1.3170299892340733
30 4.299782718231843
31 4.299782718231843
32 4.299782718231843
33 5.303441337207181
34 5.303441337207181
35 5.303441337207181
36 3.55798469644483
37 3.55798469644483
38 3.55798469644483
39 2.5997811010038245
40 2.5997811010038245
41 2.5997811010038245
42 1.9479731639770175
43 1.9479731639770175
44 1.9479731639770175
45 1.6254992116130755
46 1.6254992116130755
47 1.6254992116130755
48 1.9972087018775713
49 1.9968836431498687
50 1.9968836431498687
51 1.9968836431498687
52 5.153391088375506
53 5.153391088375506
54 5.153391088375506
55 4.608727653031753
56 4.608727653031753
57 4.608727653031753
58 3.076206330757937
59 3.076206330757937
60 3.076206330757937
61 3.3219735637349066
62 3.3219735637349066
63 3.3219735637349066
64 0.6995788194588988
65 0.6995788194588988
66 0.6995788194588988
67 6.332924597294879
68 6.332924597294879
69 6.332924597294879
70 4.7126814409920135
71 4.7126814409920135
72 4.7126814409920135
73 1.8939255552522605
74 1.8939255552522605
75 1.8939255552522605
76 3.318289758083813
77 3.318289758083813
78 3.318289758083813
79 5.749448877324793
80 5.749448877324793
81 5.749448877324793
82 3.7222755153971323
83 3.7222755153971323
84 3.7222755153971323
85 3.022425329512729
86 3.022425329512729
87 3.022425329512729
88 1.4597780113042427
89 1.4597780113042427
90 1.4597780113042427
91 2.853907720301805
92 2.853907720301805
93 2.853907720301805
94 2.702084472902311
95 2.702084472902311
96 2.702084472902311
97 1.5052826304048865
98 1.5052826304048865
99 1.5052826304048865
100 1.3825431164254873
101 1.3825431164254873
102 1.3825431164254873
103 2.657691565686349
104 2.657691565686349
105 2.657691565686349
106 1.8878526233508621
107 1.8878526233508621
108 1.8878526233508621
109 2.1673398610259915
110 2.1673398610259915
111 2.1673398610259915
112 3.5101319692699677
113 3.5101319692699677
114 3.5101319692699677
115 3.527314434947353
116 3.527314434947353
117 3.527314434947353
118 2.7477025600133906
119 2.7477025600133906
120 2.7477025600133906
121 1.4197552582947006
122 1.4197552582947006
123 1.4197552582947006
124 1.4743543681467055
125 1.4743543681467055
126 1.4743543681467055
127 1.4426361508399448
128 1.4426361508399448
129 1.4426361508399448
130 3.2356676101440245
131 3.2356676101440245
132 3.2356676101440245
133 2.01608939049651
134 2.01608939049651
135 2.01608939049651
136 3.643545453868952
137 3.643545453868952
138 3.643545453868952
139 2.5142185274167597
140 2.5142185274167597
141 2.5142185274167597
142 2.064917638402977
143 2.064917638402977
144 2.064917638402977
145 3.3027862225459335
146 3.3027862225459335
147 3.3027862225459335
148 2.1132306438113977
149 2.1132306438113977
150 2.1132306438113977
151 1.7960271724520054
152 1.7960271724520054
153 1.7960271724520054
154 2.7703158005079116
155 2.7703158005079116
156 2.7703158005079116
157 2.7489268643614526
158 2.7489268643614526
159 2.7489268643614526
160 0.6746831424020574
161 0.6746831424020574
162 0.6746831424020574
163 1.575053264349462
164 1.575053264349462
165 1.575053264349462
166 2.599406026368233
167 2.599406026368233
168 2.599406026368233
169 2.6400415085644227
170 2.6400415085644227
171 2.6400415085644227
172 0.7281546161571582
173 0.7281546161571582
174 0.7281546161571582
175 2.6465655076896692
176 2.6465655076896692
177 2.6465655076896692
178 3.0044654821267214
179 3.0044654821267214
180 3.0044654821267214
181 2.0642642756151153
182 2.0642642756151153
183 2.0642642756151153
184 3.1076391146550524
185 3.1076391146550524
186 3.1076391146550524
187 3.14789792723224
188 3.14789792723224
189 3.14789792723224
190 2.746772986567287
191 2.746772986567287
192 2.746772986567287
193 4.107548390873534
194 4.107548390873534
195 4.107548390873534
196 3.3252425118683773
197 3.3252425118683773
198 3.3252425118683773
199 2.5916110821507656
200 2.5916110821507656
201 2.5916110821507656
202 0.9647493783503158
203 0.9647493783503158
204 0.9647493783503158
205 2.0899958541774404
206 2.0899958541774404
207 2.0899958541774404
208 1.80062678705912
209 1.80062678705912
210 1.80062678705912
211 2.5250424874899378
212 2.5250424874899378
213 2.5250424874899378
214 2.8256002114606042
215 2.8256002114606042
216 2.8256002114606042
217 2.2917377155141136
218 2.2917377155141136
219 2.2917377155141136
220 4.383958685857537
221 4.383958685857537
222 4.383958685857537
223 2.841055742268737
224 2.841055742268737
225 2.841055742268737
226 1.5189319654489362
227 1.5189319654489362
228 1.5189319654489362
229 5.323063741736873
230 5.323063741736873
231 5.323063741736873
232 2.543238408099858
233 2.543238408099858
234 2.543238408099858
235 1.244319554375585
236 1.244319554375585
237 1.244319554375585
238 1.715585510380765
239 1.715585510380765
240 1.715585510380765
241 1.6178642436672392
242 1.6178642436672392
243 1.6178642436672392
244 0.7013155516579939
245 0.7013155516579939
246 0.7013155516579939
247 2.3274685270220172
248 2.3274685270220172
249 2.3274685270220172
250 2.385334892197961
251 2.385334892197961
252 2.385334892197961
253 2.7853546292152203
254 2.7853546292152203
255 2.7853546292152203
256 0.9322864110795364
257 0.9322864110795364
258 0.9322864110795364
259 4.62954557591836
260 4.62954557591836
261 4.62954557591836
262 3.088675763470255
263 3.088675763470255
264 3.088675763470255
265 2.5367254851679424
266 2.5367254851679424
267 2.5367254851679424
268 2.928042910828177
269 2.928042910828177
270 2.928042910828177
271 3.218723822149962
272 3.218723822149962
273 3.218723822149962
274 3.882796567445882
275 3.882796567445882
276 3.882796567445882
277 3.9801404232704263
278 3.9801404232704263
279 3.9801404232704263
280 1.3821621961662987
281 1.3821621961662987
282 1.3821621961662987
283 2.423829023344527
284 2.423829023344527
285 2.423829023344527
286 2.1157439516693146
287 2.1157439516693146
288 2.1157439516693146
289 3.7118971677410846
290 3.7118971677410846
291 3.7118971677410846
292 2.085118240677987
293 2.085118240677987
294 2.085118240677987
295 1.026285683976727
296 1.026285683976727
297 1.026285683976727
298 0.7530857710487893
299 0.7530857710487893
300 0.7530857710487893
301 2.2294040295523807
302 2.2294040295523807
303 2.2294040295523807
304 4.181144116016001
305 4.181144116016001
306 4.181144116016001
307 2.5925754428231658
308 2.5925754428231658
309 2.5925754428231658
310 3.4800045352354276
311 3.4800045352354276
312 3.4800045352354276
313 5.419300706558836
314 5.419300706558836
315 5.419300706558836
316 2.8202514346822785
317 2.8202514346822785
318 2.8202514346822785
319 5.97524388105627
320 5.97524388105627
321 5.97524388105627
322 4.544311997664375
323 4.544311997664375
324 4.544311997664375
325 3.153521743913048
326 3.153521743913048
327 3.153521743913048
328 3.81911780590464
329 3.81911780590464
330 3.81911780590464
331 1.6726371854902262
332 1.6726371854902262
333 1.6726371854902262
334 2.0791845989982534
335 2.0791845989982534
336 2.0791845989982534
337 2.05770434337746
338 2.05770434337746
339 2.05770434337746
340 2.938219655565723
341 2.938219655565723
342 2.938219655565723
343 2.2605646637266408
344 2.2605646637266408
345 2.2605646637266408
346 1.4512751858489512
347 1.4512751858489512
348 1.4512751858489512
349 3.477398420035088
350 3.477398420035088
351 3.477398420035088
352 2.055765954435984
353 2.055765954435984
354 2.055765954435984
355 5.179396974808398
356 5.179396974808398
357 5.179396974808398
358 3.4504737236364393
359 3.4504737236364393
360 3.4504737236364393
361 2.5504194533907834
362 2.5504194533907834
363 2.5504194533907834
364 1.180886774967932
365 1.180886774967932
366 1.180886774967932
367 3.0038212129436017
368 3.0038212129436017
369 3.0038212129436017
370 2.7724533513710057
371 2.7724533513710057
372 2.7724533513710057
373 2.840820920717121
374 2.840820920717121
375 2.840820920717121
376 3.8128163215040685
377 3.8128163215040685
378 3.8128163215040685
379 4.111138005235382
380 4.111138005235382
381 4.111138005235382
382 2.100091043968824
383 2.100091043968824
384 2.100091043968824
385 2.5083324439688437
386 2.5083324439688437
387 2.5083324439688437
388 1.068306909977767
389 1.068306909977767
390 1.068306909977767
391 1.5418930195022433
392 1.5418930195022433
393 1.5418930195022433
394 2.8897188890528716
395 2.8897188890528716
396 2.8897188890528716
397 0.8327609683499266
398 0.8327609683499266
399 0.8327609683499266
400 2.4260749714087333
401 2.4260749714087333
402 2.4260749714087333
403 3.616211495921643
404 3.616211495921643
405 3.616211495921643
406 3.2730195071618065
407 3.2730195071618065
408 3.2730195071618065
409 3.4016766823187083
410 3.4016766823187083
411 3.4016766823187083
412 3.5685061003437073
413 3.5685061003437073
414 3.5685061003437073
415 1.1593622470341758
416 1.1593622470341758
417 1.1593622470341758
418 2.8515149559812856
419 2.8515149559812856
420 2.8515149559812856
421 5.220895257878173
422 5.220895257878173
423 5.220895257878173
424 0.1
425 0.1
426 0.1
427 2.4879365196279735
428 2.4879365196279735
429 2.4879365196279735
430 1.9925480793635524
431 1.9925480793635524
432 1.9925480793635524
433 3.1385184575301723
434 3.1385184575301723
435 3.1385184575301723
436 3.11938813628185
437 3.11938813628185
438 3.11938813628185
439 2.431570130337192
440 2.431570130337192
441 2.431570130337192
442 2.883809376981374
443 0.8656805533969884
444 0.8656805533969884
445 0.8656805533969884
446 0.438089835160117
447 0.438089835160117
448 0.438089835160117
449 1.7404246845569853
450 1.7404246845569853
451 1.7404246845569853
452 0.9915496161745021
453 0.9915496161745021
454 0.9915496161745021
455 0.933414005317749
456 0.933414005317749
457 0.933414005317749
458 1.617831971024894
459 1.617831971024894
460 1.617831971024894
461 1.1073016973923295
462 1.1073016973923295
463 1.1073016973923295
464 0.1
465 0.1
466 0.1
467 1.144096360429295
468 1.144096360429295
469 1.144096360429295
470 0.7874876573655865
471 0.7874876573655865
472 0.7874876573655865
473 1.1408130817522204
474 1.1408130817522204
475 1.1408130817522204
476 1.1514972152364908
477 1.1514972152364908
478 1.1514972152364908
479 0.6612514887526654
480 0.6612514887526654
481 0.6612514887526654
482 1.0955879268083033
483 1.0955879268083033
484 1.0955879268083033
485 1.0831064522949914
486 1.0831064522949914
487 1.0831064522949914
488 0.8083170261237106
489 0.8083170261237106
490 0.8083170261237106
491 1.0067450736140302
492 1.0067450736140302
493 1.0067450736140302
494 1.302743106584036
495 1.302743106584036
496 1.302743106584036
497 1.4350974068401652
498 1.4350974068401652
499 1.4350974068401652
500 1.3277944231632004
501 1.3277944231632004
502 1.3277944231632004
503 0.45067129588361543
504 0.45067129588361543
505 0.45067129588361543
506 0.5662513355597428
507 0.5662513355597428
508 0.5662513355597428
509 0.6318464235231787
510 0.6318464235231787
511 0.6318464235231787
512 0.6739912924791692
513 0.6739912924791692
514 0.6739912924791692
515 1.0313413374709852
516 1.0313413374709852
517 1.0313413374709852
518 0.7378462171230121
519 0.7378462171230121
520 0.7378462171230121
521 0.9732058302990984
522 0.9732058302990984
523 0.9732058302990984
524 1.598307902528408
525 1.598307902528408
526 1.598307902528408
527 0.9349506327026345
528 0.9349506327026345
529 0.9349506327026345
530 0.3018884894695032
531 0.3018884894695032
532 0.3018884894695032
533 1.5287462239890326
534 1.5287462239890326
535 1.5287462239890326
536 1.1097522702750615
537 1.1097522702750615
538 1.1097522702750615
539 0.9310851310216182
540 0.9310851310216182
541 0.9310851310216182
542 0.9951468578923387
543 0.9951468578923387
544 0.9951468578923387
545 1.4077198410229588
546 1.4077198410229588
547 1.4077198410229588
548 1.1268026304186387
549 1.1268026304186387
550 1.1268026304186387
551 1.3805118152113045
552 1.3805118152113045
553 1.3805118152113045
554 1.0568871135067635
555 1.0568871135067635
556 1.0568871135067635
557 1.1866817473625866
558 1.1866817473625866
559 1.1866817473625866
560 0.2309096932814506
561 0.2309096932814506
562 0.2309096932814506
563 0.36166261668906385
564 0.36166261668906385
565 0.36166261668906385
566 1.9525901925751186
567 1.9525901925751186
568 1.9525901925751186
569 2.4026140798155318
570 2.4026140798155318
571 2.4026140798155318
572 1.167770333395333
573 1.167770333395333
574 1.167770333395333
575 1.416409456800226
576 1.416409456800226
577 1.416409456800226
578 1.203394410719684
579 1.203394410719684
580 1.203394410719684
581 1.568113635674393
582 1.568113635674393
583 1.568113635674393
584 0.8408678979872838
585 0.8408678979872838
586 0.8408678979872838
587 1.124325013043637
588 1.124325013043637
589 1.124325013043637
590 1.0311446330444756
591 1.0311446330444756
592 1.0311446330444756
593 0.4093779860828045
594 0.4093779860828045
595 0.4093779860828045
596 0.9567448035324742
597 0.9567448035324742
598 0.9567448035324742
599 1.9016980101412182
600 1.9016980101412182
601 1.9016980101412182
602 0.6225189038539158
603 0.6225189038539158
604 0.6225189038539158
605 1.907997193761293
606 1.907997193761293
607 1.907997193761293
608 0.8675911443039142
609 0.8675911443039142
610 0.8675911443039142
611 1.5875914434441627
612 1.5875914434441627
613 1.5875914434441627
614 1.260287939047497
615 1.260287939047497
616 1.260287939047497
617 0.817062930350047
618 0.817062930350047
619 0.817062930350047
620 0.9451509015641777
621 0.9451509015641777
622 0.9451509015641777
623 1.3241756080559572
624 1.3241756080559572
625 1.3241756080559572
626 1.1052740238780128
627 1.1052740238780128
628 1.1052740238780128
629 0.715505220180209
630 0.715505220180209
631 0.715505220180209
632 1.6967749598114343
633 1.6967749598114343
634 1.331151346746809
635 1.331151346746809
636 1.331151346746809
637 0.414350689872349
638 0.414350689872349
639 0.414350689872349
640 2.0589459899529676
641 2.0589459899529676
642 2.0589459899529676
643 3.00871860593706
644 3.00871860593706
645 3.00871860593706
646 0.1
647 0.1
648 0.1
649 1.7210173339758243
650 1.7210173339758243
651 1.7210173339758243
652 1.1995753203984587
653 1.1995753203984587
654 1.1995753203984587
655 1.309416419954965
656 1.309416419954965
657 1.309416419954965
658 1.8349107428123441
659 1.8349107428123441
660 1.8349107428123441
661 1.5643957276406046
662 1.5643957276406046
663 1.5643957276406046
664 1.347769087623969
665 1.347769087623969
666 1.347769087623969
667 0.6991698634227509
668 0.6991698634227509
669 0.6991698634227509
670 1.5043932226500536
671 1.5043932226500536
672 1.5043932226500536
673 1.9216619250947893
674 1.9216619250947893
675 1.9216619250947893
676 1.2026340737395695
677 1.2026340737395695
678 1.2026340737395695
679 0.18346251493700305
680 0.18346251493700305
681 0.18346251493700305
682 2.8015644966686732
683 2.8015644966686732
684 2.8015644966686732
685 3.1065925149946945
686 3.1065925149946945
687 3.1065925149946945
688 1.576044580071226
689 1.576044580071226
690 1.576044580071226
691 1.7255494242946043
692 1.7255494242946043
693 1.7255494242946043
694 0.77295362743101
695 0.77295362743101
696 0.77295362743101
697 1.76473150870585
698 1.76473150870585
699 1.76473150870585
700 0.36762348640290377
701 0.36762348640290377
702 0.36762348640290377
703 1.926452556007785
704 1.926452556007785
705 1.926452556007785
706 3.10646604668438
707 3.10646604668438
708 3.10646604668438
709 1.3420605150682978
710 1.3420605150682978
711 1.3420605150682978
712 1.8846634631914216
713 1.8846634631914216
714 1.8846634631914216
715 2.2513003831430445
716 2.2513003831430445
717 2.2513003831430445
718 2.3981829050916854
719 2.3981829050916854
720 2.3981829050916854
721 1.853485213308854
722 1.853485213308854
723 1.853485213308854
724 1.9201363007803662
725 1.9201363007803662
726 1.9201363007803662
727 0.933096737617615
728 0.933096737617615
729 0.933096737617615
730 1.4625712231636518
731 1.4625712231636518
732 1.4625712231636518
733 0.9279572991490992
734 0.9279572991490992
735 0.9279572991490992
736 2.9251415391703612
737 2.9251415391703612
738 2.9251415391703612
739 0.5800379066663851
740 0.5800379066663851
741 0.5800379066663851
742 0.5680123926568611
743 0.5680123926568611
744 0.5680123926568611
745 0.9769484689181152
746 0.9769484689181152
747 0.9769484689181152
748 1.3736195539316145
749 1.3736195539316145
750 1.3736195539316145
751 1.8339332287690613
752 1.8339332287690613
753 1.8339332287690613
754 1.9908063851677877
755 1.9908063851677877
756 1.9908063851677877
757 1.8483799031282415
758 5.673775898417945
759 5.673775898417945
760 5.673775898417945
761 5.274729791531732
762 5.274729791531732
763 5.274729791531732
764 0.1
765 0.1
766 0.1
767 4.150942240111244
768 4.150942240111244
769 4.150942240111244
770 4.309810648681516
771 4.309810648681516
772 4.309810648681516
773 3.5194786199695276
774 3.5194786199695276
775 3.5194786199695276
776 5.407820076898036
777 5.407820076898036
778 5.407820076898036
779 2.6620301431028057
780 2.6620301431028057
781 2.6620301431028057
782 4.92905629541856
783 4.92905629541856
784 4.92905629541856
785 5.154649316458741
786 5.154649316458741
787 5.154649316458741
788 5.070090188142884
789 5.070090188142884
790 5.070090188142884
791 1.6884702780619643
792 1.6884702780619643
793 1.6884702780619643
794 3.439418046281149
795 3.439418046281149
796 3.439418046281149
797 3.1582558978593305
798 3.1582558978593305
799 3.1582558978593305
800 5.339554963764296
801 5.339554963764296
802 5.339554963764296
803 4.135626106189324
804 4.135626106189324
805 4.135626106189324
806 1.8918567047144053
807 1.8918567047144053
808 1.8918567047144053
809 2.826023898206963
810 2.826023898206963
811 2.826023898206963
812 4.499233545623596
813 4.499233545623596
814 4.499233545623596
815 0.8657472065247851
816 0.8657472065247851
817 0.8657472065247851
818 1.2238511162623693
819 1.2238511162623693
820 1.2238511162623693
821 4.352727929595315
822 4.352727929595315
823 4.352727929595315
824 1.2603869808836898
825 1.2603869808836898
826 1.2603869808836898
827 1.6716271331334167
828 1.6716271331334167
829 1.6716271331334167
830 3.310747993484468
831 3.310747993484468
832 3.310747993484468
833 2.440148989888571
834 2.440148989888571
835 2.440148989888571
836 6.892209051746333
837 6.892209051746333
838 6.892209051746333
839 2.5865760417817807
840 2.5865760417817807
841 2.5865760417817807
842 5.283527665366615
843 5.283527665366615
844 5.283527665366615
845 1.187811681155213
846 1.187811681155213
847 1.187811681155213
848 4.64382138884881
849 4.64382138884881
850 4.64382138884881
851 1.6583784768955354
852 0.9336422033073258
853 0.9336422033073258
854 0.9336422033073258
855 1.905235023537824
856 1.905235023537824
857 1.905235023537824
858 1.1875361672102822
859 1.1875361672102822
860 1.1875361672102822
861 0.5335186235395498
862 0.5335186235395498
863 0.5335186235395498
864 1.7191309636662502
865 1.7191309636662502
866 1.7191309636662502
867 0.4832851753520261
868 0.4832851753520261
869 0.4832851753520261
870 1.9622190473125842
871 1.9622190473125842
872 1.9622190473125842
873 1.3314631832833441
874 1.3314631832833441
875 1.3314631832833441
876 1.175922289003313
877 1.175922289003313
878 1.175922289003313
879 0.2803208808885138
880 0.2803208808885138
881 0.2803208808885138
882 0.8548860817590875
883 0.8548860817590875
884 0.8548860817590875
885 1.014652732286686
886 1.014652732286686
887 1.014652732286686
888 0.9993074108068002
889 0.9993074108068002
890 0.9993074108068002
891 1.0754602728863425
892 1.0754602728863425
893 1.0754602728863425
894 1.0056785916123256
895 1.0056785916123256
896 1.0056785916123256
897 0.6906753465699935
898 0.6906753465699935
899 0.6906753465699935
900 1.6206749494413157
901 1.6206749494413157
902 1.6206749494413157
903 1.6854748874197925
904 1.6854748874197925
905 1.6854748874197925
906 1.639128785127503
907 1.639128785127503
908 1.639128785127503
909 0.3989963650908923
910 0.3989963650908923
911 0.3989963650908923
912 1.2069850818607875
913 1.2069850818607875
914 1.2069850818607875
915 1.3205275147383346
916 1.3205275147383346
917 1.3205275147383346
918 1.2013360292400117
919 1.2013360292400117
920 1.2013360292400117
921 1.2652511348058875
922 1.2652511348058875
923 1.2652511348058875
924 1.1399091092697875
925 1.1399091092697875
926 1.1399091092697875
927 1.1298932087918054
928 1.1298932087918054
929 1.1298932087918054
930 1.4866236491982758
931 1.4866236491982758
932 1.4866236491982758
933 1.3834893528062124
934 1.3834893528062124
935 1.3834893528062124
936 2.187785005829574
937 2.187785005829574
938 2.187785005829574
939 1.1384971150536596
940 2.6756368873306218
941 2.6756368873306218
942 2.6756368873306218
943 3.1026775601880683
944 3.1026775601880683
945 3.1026775601880683
946 2.783456012722372
947 2.783456012722372
948 2.783456012722372
949 2.519102075733442
950 2.519102075733442
951 2.519102075733442
952 1.075055739901015
953 1.075055739901015
954 1.075055739901015
955 2.223257856011742
956 2.223257856011742
957 2.223257856011742
958 2.6057178840363244
959 2.6057178840363244
960 2.6057178840363244
961 3.2401455862448847
962 3.2401455862448847
963 3.2401455862448847
964 1.3292139552779156
965 1.3292139552779156
966 1.3292139552779156
967 2.2091341430629297
968 2.2091341430629297
969 2.2091341430629297
970 1.253018771229375
971 1.253018771229375
972 1.253018771229375
973 0.5254249824224473
974 0.5254249824224473
975 0.5254249824224473
976 2.612840450291406
977 2.612840450291406
978 2.612840450291406
979 1.5312602152902846
980 1.5312602152902846
981 1.5312602152902846
982 2.8401797039112626
983 2.8401797039112626
984 2.8401797039112626
985 1.704447652848761
986 1.704447652848761
987 1.704447652848761
988 1.9844984365176999
989 1.9844984365176999
990 1.9844984365176999
991 2.7400193514483213
992 2.7400193514483213
993 2.7400193514483213
994 2.222490620164353
995 2.222490620164353
996 2.222490620164353
997 0.61187887919679
998 0.61187887919679
999 0.61187887919679
1000 3.2972747334754997
1001 3.2972747334754997
1002 3.2972747334754997
1003 1.4497167139511848
1004 1.4497167139511848
1005 1.4497167139511848
1006 0.44125677237120753
1007 0.44125677237120753
1008 0.44125677237120753
1009 2.995312241108037
1010 2.995312241108037
1011 2.995312241108037
1012 1.8128302399557383
1013 1.8128302399557383
1014 1.8128302399557383
1015 3.213839149346197
1016 3.213839149346197
1017 3.213839149346197
1018 1.5439913868352886
1019 1.5439913868352886
1020 1.5439913868352886
1021 2.3409832834845306
1022 2.3409832834845306
1023 2.3409832834845306
1024 1.9234482535054653
1025 1.9234482535054653
1026 1.9234482535054653
1027 2.3411041075644983
1028 2.3411041075644983
1029 1.2489349485918577
1030 1.2489349485918577
1031 1.2489349485918577
1032 1.5220125224007737
1033 1.5220125224007737
1034 1.5220125224007737
1035 1.2434364099393007
1036 1.2434364099393007
1037 1.2434364099393007
1038 1.199259035082263
1039 1.199259035082263
1040 1.199259035082263
1041 1.6854656543697222
1042 1.6854656543697222
1043 1.6854656543697222
1044 1.5016293931364029
1045 1.5016293931364029
1046 1.5016293931364029
1047 0.8434751546937713
1048 0.8434751546937713
1049 0.8434751546937713
1050 0.2349368101254553
1051 0.2349368101254553
1052 0.2349368101254553
1053 0.8951093677705813
1054 0.8951093677705813
1055 0.8951093677705813
1056 0.47938709627866205
1057 0.47938709627866205
1058 0.47938709627866205
1059 0.8098592972060137
1060 0.8098592972060137
1061 0.8098592972060137
1062 1.3789592910978359
1063 1.3789592910978359
1064 1.3789592910978359
1065 1.378231953873901
1066 1.378231953873901
1067 1.378231953873901
1068 0.9245757878348431
1069 0.9245757878348431
1070 0.9245757878348431
1071 0.46174295567227785
1072 0.46174295567227785
1073 0.46174295567227785
1074 1.5907581718360964
1075 1.5907581718360964
1076 1.5907581718360964
1077 1.0401184353711816
1078 1.0401184353711816
1079 1.0401184353711816
1080 0.6034810477722234
1081 0.6034810477722234
1082 0.6034810477722234
1083 2.0461325204412724
1084 2.0461325204412724
1085 2.0461325204412724
1086 1.249117481727547
1087 1.249117481727547
1088 1.249117481727547
1089 1.2524971727005145
1090 1.2524971727005145
1091 1.2524971727005145
1092 1.5454813573411712
1093 1.5454813573411712
1094 1.5454813573411712
1095 1.2598058591877372
1096 1.2598058591877372
1097 1.2598058591877372
1098 1.13088367264919
1099 1.13088367264919
1100 1.13088367264919
1101 0.7089873705992158
1102 0.7089873705992158
1103 0.7089873705992158
1104 1.5372120889887126
1105 1.5372120889887126
1106 1.5372120889887126
1107 1.0137120249209686
1108 1.0137120249209686
1109 1.0137120249209686
1110 1.6776988745736268
1111 1.6776988745736268
1112 1.6776988745736268
1113 1.1345470761064536
1114 1.1345470761064536
1115 1.1345470761064536
1116 0.805980841899992
1117 0.805980841899992
1118 0.805980841899992
1119 1.191386024546409
1120 1.191386024546409
1121 1.191386024546409
1122 2.016207480257164
1123 2.016207480257164
1124 2.016207480257164
1125 0.19562432225599224
1126 0.19562432225599224
1127 0.19562432225599224
1128 1.295304514738179
1129 1.295304514738179
1130 1.295304514738179
1131 1.5622088883233107
1132 1.5622088883233107
1133 1.5622088883233107
1134 0.8498836731090482
1135 0.8498836731090482
1136 0.8498836731090482
1137 1.4248877076834172
1138 1.4248877076834172
1139 1.4248877076834172
1140 1.7409478317916047
1141 1.7409478317916047
1142 1.7409478317916047
1143 0.4589239642893891
1144 0.4589239642893891
1145 0.4589239642893891
1146 2.076075979594814
1147 2.076075979594814
1148 2.076075979594814
1149 0.45901174496587227
1150 0.45901174496587227
1151 0.45901174496587227
1152 1.0099990365516718
1153 1.0099990365516718
1154 1.0099990365516718
1155 0.7188899316146732
1156 0.7188899316146732
1157 0.7188899316146732
1158 0.4510233923677295
1159 0.4510233923677295
1160 0.4510233923677295
1161 1.0766365917059384
1162 1.0766365917059384
1163 1.0766365917059384
1164 1.0489228547995464
1165 1.0489228547995464
1166 1.0489228547995464
1167 0.2707722301372135
1168 0.2707722301372135
1169 0.2707722301372135
1170 1.1623910754457576
1171 1.1623910754457576
1172 1.1623910754457576
1173 1.367072941545222
1174 1.367072941545222
1175 1.367072941545222
1176 1.068269455656009
1177 1.068269455656009
1178 1.068269455656009
1179 1.1704120784884366
1180 1.1704120784884366
1181 1.1704120784884366
1182 1.333817212474793
1183 1.333817212474793
1184 1.333817212474793
1185 1.5678065687929177
1186 1.5678065687929177
1187 1.5678065687929177
1188 2.5267289237355155
1189 2.5267289237355155
1190 2.5267289237355155
1191 3.1721456848966967
1192 3.1721456848966967
1193 3.1721456848966967
1194 2.9854245362880105
1195 2.9854245362880105
1196 2.9854245362880105
1197 2.4172852379690357
1198 2.4172852379690357
1199 2.4172852379690357
1200 2.319613895858263
1201 2.319613895858263
1202 2.319613895858263
1203 2.6265001723717076
1204 2.6265001723717076
1205 2.6265001723717076
1206 1.984259111819264
1207 1.984259111819264
1208 1.984259111819264
1209 2.6330157346847076
1210 2.6330157346847076
1211 2.6330157346847076
1212 2.672982067188137
1213 2.672982067188137
1214 2.672982067188137
1215 3.484769574030989
1216 3.484769574030989
1217 3.484769574030989
1218 0.9526143899726858
1219 0.9526143899726858
1220 0.9526143899726858
1221 3.327993013576685
1222 3.327993013576685
1223 3.327993013576685
1224 1.5575738693353502
1225 1.5575738693353502
1226 1.5575738693353502
1227 3.691868718922116
1228 3.691868718922116
1229 3.691868718922116
1230 1.7860593259813484
1231 1.7860593259813484
1232 1.7860593259813484
1233 0.9907139677028425
1234 0.9907139677028425
1235 0.9907139677028425
1236 2.0099353591638716
1237 2.0099353591638716
1238 2.0099353591638716
1239 2.426668587276212
1240 2.426668587276212
1241 2.426668587276212
1242 2.340827316140568
1243 2.340827316140568
1244 2.340827316140568
1245 4.11724351304093
1246 4.11724351304093
1247 4.11724351304093
1248 2.9589352547314016
1249 2.9589352547314016
1250 2.9589352547314016
1251 2.5954806155698398
1252 2.5954806155698398
1253 2.5954806155698398
1254 2.1140640519918805
1255 2.1140640519918805
1256 2.1140640519918805
1257 4.611554761953191
1258 4.611554761953191
1259 4.611554761953191
1260 0.9561320295349063
1261 0.9561320295349063
1262 0.9561320295349063
1263 3.970278377179824
1264 3.970278377179824
1265 3.970278377179824
1266 2.8140987147148238
1267 2.8140987147148238
1268 5.252725867154554
1269 5.252725867154554
1270 5.252725867154554
1271 2.312021709073416
1272 2.312021709073416
1273 2.312021709073416
1274 1.137891329199498
1275 1.137891329199498
1276 1.137891329199498
1277 5.11656186929379
1278 5.11656186929379
1279 5.11656186929379
1280 3.632155068563752
1281 3.632155068563752
1282 3.632155068563752
1283 2.0317441883897294
1284 2.0317441883897294
1285 2.0317441883897294
1286 4.530942965722822
1287 4.530942965722822
1288 4.530942965722822
1289 5.578876083955954
1290 5.578876083955954
1291 5.578876083955954
1292 6.725175579766926
1293 6.725175579766926
1294 6.725175579766926
1295 6.161465646832469
1296 6.161465646832469
1297 6.161465646832469
1298 6.236068070474795
1299 6.236068070474795
1300 6.236068070474795
1301 1.2795900085299086
1302 1.2795900085299086
1303 1.2795900085299086
1304 4.325852011170476
1305 4.325852011170476
1306 4.325852011170476
1307 3.0702853503676675
1308 3.0702853503676675
1309 3.0702853503676675
1310 5.54848599141704
1311 5.54848599141704
1312 5.54848599141704
1313 6.335453078641985
1314 6.335453078641985
1315 6.335453078641985
1316 3.668861402423915
1317 3.668861402423915
1318 3.668861402423915
1319 7.947704692930333
1320 7.947704692930333
1321 7.947704692930333
1322 6.7104210126569335
1323 6.7104210126569335
1324 6.7104210126569335
1325 5.2248144615949785
1326 5.2248144615949785
1327 5.2248144615949785
1328 2.2845055497688396
1329 2.2845055497688396
1330 2.2845055497688396
1331 4.623249442051536
1332 4.623249442051536
1333 4.623249442051536
1334 2.1857812927188984
1335 2.1857812927188984
1336 2.1857812927188984
1337 1.2532736546370216
1338 1.2532736546370216
1339 1.2532736546370216
1340 3.770208037965198
1341 3.770208037965198
1342 3.770208037965198
1343 4.267087795267507
1344 4.267087795267507
1345 4.267087795267507
1346 3.814634300690057
1347 3.814634300690057
1348 3.814634300690057
1349 4.393701493944733
1350 4.393701493944733
1351 4.393701493944733
1352 2.955799059606929
1353 2.955799059606929
1354 2.955799059606929
1355 4.5525712762940325
1356 4.5525712762940325
1357 4.5525712762940325
1358 4.719996537731203
1359 4.719996537731203
1360 4.719996537731203
1361 1.8853656058985502
1362 1.8853656058985502
1363 1.8853656058985502
1364 4.00252334646931
1365 4.00252334646931
1366 4.00252334646931
1367 5.27059148912819
1368 5.27059148912819
1369 5.27059148912819
1370 6.594059669429299
1371 6.594059669429299
1372 6.594059669429299
1373 4.6183318364269965
1374 4.6183318364269965
1375 4.6183318364269965
1376 2.4316098585044346
1377 2.4316098585044346
1378 2.4316098585044346
1379 5.459698108506926
1380 5.459698108506926
1381 5.459698108506926
1382 6.157022699305547
1383 6.157022699305547
1384 6.157022699305547
1385 5.3843851335136215
1386 5.3843851335136215
1387 5.3843851335136215
1388 5.054173347928663
1389 5.054173347928663
1390 5.054173347928663
1391 4.963539209468041
1392 4.963539209468041
1393 4.963539209468041
1394 3.0426449277703362
1395 3.0426449277703362
1396 3.0426449277703362
1397 2.616035177602707
1398 2.616035177602707
1399 2.616035177602707
1400 5.510439157901533
1401 5.510439157901533
1402 5.510439157901533
1403 0.1
1404 0.1
1405 0.1
1406 1.6976149607361428
1407 1.6976149607361428
1408 1.6976149607361428
1409 4.073683185564648
1410 4.073683185564648
1411 4.073683185564648
1412 1.92422597213633
1413 1.92422597213633
1414 1.92422597213633
1415 3.8268571018377537
1416 3.8268571018377537
1417 3.8268571018377537
1418 7.294983746409475
1419 7.294983746409475
1420 7.294983746409475
1421 3.814072925319365
1422 3.814072925319365
1423 3.814072925319365
1424 6.1926443607573525
1425 6.1926443607573525
1426 6.1926443607573525
1427 4.782994850033622
1428 4.782994850033622
1429 4.782994850033622
1430 4.409202178175655
1431 4.409202178175655
1432 4.409202178175655
1433 8.09811371668168
1434 8.09811371668168
1435 8.09811371668168
1436 2.955750058433914
1437 2.955750058433914
1438 2.955750058433914
1439 1.615697639200604
1440 1.615697639200604
1441 1.615697639200604
1442 5.249897244658469
1443 5.249897244658469
1444 5.249897244658469
1445 4.833765381075446
1446 4.833765381075446
1447 4.833765381075446
1448 5.557408049413248
1449 5.557408049413248
1450 5.557408049413248
1451 4.987254335587992
1452 4.987254335587992
1453 4.987254335587992
1454 2.5379951790954687
1455 2.5379951790954687
1456 2.5379951790954687
1457 5.4651900282738435
1458 5.4651900282738435
1459 5.4651900282738435
1460 2.4495577335285796
1461 2.4495577335285796
1462 2.4495577335285796
1463 6.502972428475202
1464 6.502972428475202
1465 6.502972428475202
1466 5.675177315026704
1467 5.675177315026704
1468 5.675177315026704
1469 5.936312459687574
1470 5.936312459687574
1471 5.936312459687574
1472 2.022736576905674
1473 2.022736576905674
1474 2.022736576905674
1475 3.759699956999574
1476 3.759699956999574
1477 3.759699956999574
1478 4.061644160185709
1479 4.061644160185709
1480 4.061644160185709
1481 5.759700921760306
1482 5.759700921760306
1483 5.759700921760306
1484 4.378509988789107
1485 4.378509988789107
1486 4.378509988789107
1487 2.104904574880449
1488 2.104904574880449
1489 2.104904574880449
1490 3.965771320520569
1491 3.965771320520569
1492 3.965771320520569
1493 2.7993376583790797
1494 2.7993376583790797
1495 2.7993376583790797
1496 4.680827276628287
1497 4.680827276628287
1498 4.680827276628287
1499 0.8668131971227151
1500 0.8668131971227151
1501 0.8668131971227151
1502 5.227535495608431
1503 5.227535495608431
1504 5.227535495608431
1505 2.70523099248415
1506 2.70523099248415
1507 2.70523099248415
1508 4.9953039580311245
1509 4.9953039580311245
1510 4.9953039580311245
1511 3.853130845169834
1512 3.853130845169834
1513 3.853130845169834
1514 3.876816204786604
1515 3.876816204786604
1516 3.876816204786604
1517 2.258182642097869
1518 2.258182642097869
1519 2.258182642097869
1520 8.259417987577473
1521 8.259417987577473
1522 8.259417987577473
1523 6.126691175234865
1524 6.126691175234865
1525 6.126691175234865
1526 5.985872293225421
1527 5.985872293225421
1528 5.985872293225421
1529 4.26377921876377
1530 4.26377921876377
1531 4.26377921876377
1532 1.7141287082022365
1533 1.7141287082022365
1534 1.7141287082022365
1535 5.1691263473181
1536 5.1691263473181
1537 5.1691263473181
1538 1.1823742461499984
1539 1.1823742461499984
1540 1.1823742461499984
1541 2.0659388406224166
1542 2.0659388406224166
1543 2.0659388406224166
1544 4.998278665494677
1545 3.2497574761370274
1546 3.2497574761370274
1547 3.2497574761370274
1548 1.8816046406533586
1549 1.8816046406533586
1550 1.8816046406533586
1551 3.41531589778375
1552 3.41531589778375
1553 3.41531589778375
1554 3.936478818855317
1555 3.936478818855317
1556 3.936478818855317
1557 2.90065196627345
1558 2.90065196627345
1559 2.90065196627345
1560 4.3738202444342225
1561 4.3738202444342225
1562 4.3738202444342225
1563 2.546481968087252
1564 2.546481968087252
1565 2.546481968087252
1566 2.3000298125383476
1567 2.3000298125383476
1568 2.3000298125383476
1569 1.4607741073227811
1570 1.4607741073227811
1571 1.4607741073227811
1572 3.6753577916358626
1573 3.6753577916358626
1574 3.6753577916358626
1575 0.2590694284871402
1576 0.2590694284871402
1577 0.2590694284871402
1578 4.21628443159343
1579 4.21628443159343
1580 4.21628443159343
1581 6.164573349087664
1582 6.164573349087664
1583 6.164573349087664
1584 4.174651301659723
1585 4.174651301659723
1586 4.174651301659723
1587 5.73783621385323
1588 5.73783621385323
1589 5.73783621385323
1590 3.2632304581079357
1591 3.2632304581079357
1592 3.2632304581079357
1593 0.1
1594 0.1
1595 0.1
1596 4.176816051647178
1597 4.176816051647178
1598 4.176816051647178
1599 1.5456861494896768
1600 1.5456861494896768
1601 1.5456861494896768
1602 1.9713345355646144
1603 1.9713345355646144
1604 1.9713345355646144
1605 3.7701778179076517
1606 3.7701778179076517
1607 3.7701778179076517
1608 3.3957909680838023
1609 3.3957909680838023
1610 3.3957909680838023
1611 3.7990412268703166
1612 3.7990412268703166
1613 3.7990412268703166
1614 2.647063248275998
1615 6.636444919003251
1616 6.636444919003251
1617 6.636444919003251
1618 4.803218366072421
1619 4.803218366072421
1620 4.803218366072421
1621 4.049925220597871
1622 4.049925220597871
1623 4.049925220597871
1624 4.483792745334508
1625 4.483792745334508
1626 4.483792745334508
1627 2.0550256606931967
1628 2.0550256606931967
1629 2.0550256606931967
1630 3.4274454247278756
1631 3.4274454247278756
1632 3.4274454247278756
1633 7.0310414472271425
1634 7.0310414472271425
1635 7.0310414472271425
1636 1.0626331149612982
1637 1.0626331149612982
1638 1.0626331149612982
1639 5.5939277742408215
1640 5.5939277742408215
1641 5.5939277742408215
1642 0.1
1643 0.1
1644 0.1
1645 1.191321030664636
1646 1.191321030664636
1647 1.191321030664636
1648 3.759054152803849
1649 3.759054152803849
1650 3.759054152803849
1651 3.1934575289726843
1652 3.1934575289726843
1653 3.1934575289726843
1654 7.2939229139107615
1655 7.2939229139107615
1656 7.2939229139107615
1657 2.9869663470883707
1658 2.9869663470883707
1659 2.9869663470883707
1660 3.9892088718810994
1661 3.9892088718810994
1662 3.9892088718810994
1663 2.164891588267216
1664 2.164891588267216
1665 2.164891588267216
1666 4.180620984030804
1667 4.180620984030804
1668 4.180620984030804
1669 2.0614875723601087
1670 2.0614875723601087
1671 2.0614875723601087
1672 1.143412327415375
1673 1.143412327415375
1674 1.143412327415375
1675 2.7339840358242973
1676 2.7339840358242973
1677 2.7339840358242973
1678 4.6638333972716906
1679 4.6638333972716906
1680 4.6638333972716906
1681 3.9314549681022672
1682 3.9314549681022672
1683 3.9314549681022672
1684 5.184842265026006
1685 5.184842265026006
1686 5.184842265026006
1687 4.578559900870766
1688 4.578559900870766
1689 4.578559900870766
1690 5.968754285597895
1691 5.968754285597895
1692 5.968754285597895
1693 0.9947606621515543
1694 0.9947606621515543
1695 0.9947606621515543
1696 3.6736599281360953
1697 3.6736599281360953
1698 3.6736599281360953
1699 3.6951962712834563
1700 3.6951962712834563
1701 3.6951962712834563
1702 4.315264574290169
1703 4.315264574290169
1704 4.315264574290169
1705 6.889267861804656
1706 6.889267861804656
1707 6.889267861804656
1708 2.372060867474677
1709 2.372060867474677
1710 2.372060867474677
1711 2.5255922522504517
1712 2.5255922522504517
1713 2.5255922522504517
1714 2.37332863533162
1715 2.37332863533162
1716 2.37332863533162
1717 1.6601703618073116
1718 1.6601703618073116
1719 1.6601703618073116
1720 1.1725524742914524
1721 1.1725524742914524
1722 1.1725524742914524
1723 3.9510222751536803
1724 3.9510222751536803
1725 3.9510222751536803
1726 6.4117029762184945
1727 6.4117029762184945
1728 6.4117029762184945
1729 3.9898398517421625
1730 3.9898398517421625
1731 3.9898398517421625
1732 3.5370683838994865
1733 3.5370683838994865
1734 3.5370683838994865
1735 3.5024195543666745
1736 3.5024195543666745
1737 3.5024195543666745
1738 1.4227404271324833
1739 1.4227404271324833
1740 1.4227404271324833
1741 0.1
1742 0.1
1743 0.1
1744 4.85881656475706
1745 4.85881656475706
1746 4.85881656475706
1747 2.225210894876869
1748 2.225210894876869
1749 2.225210894876869
1750 2.8739962081804853
1751 2.8739962081804853
1752 2.8739962081804853
1753 4.309229502897652
1754 4.309229502897652
1755 4.309229502897652
1756 2.143389410541804
1757 2.143389410541804
1758 2.143389410541804
1759 5.078420234932203
1760 5.078420234932203
1761 5.078420234932203
1762 5.309913778688434
1763 5.309913778688434
1764 5.309913778688434
1765 2.235792338296832
1766 2.235792338296832
1767 2.235792338296832
1768 4.365235011476204
1769 4.365235011476204
1770 4.365235011476204
1771 4.532114020622072
1772 4.532114020622072
1773 4.532114020622072
1774 1.0914828438871513
1775 1.0914828438871513
1776 1.0914828438871513
1777 4.281300632373072
1778 4.281300632373072
1779 4.281300632373072
1780 4.434180457739774
1781 4.434180457739774
1782 4.434180457739774
1783 4.677030688179076
1784 4.677030688179076
1785 4.677030688179076
1786 5.269461551002427
1787 5.269461551002427
1788 5.269461551002427
1789 5.04666678815394
1790 5.04666678815394
1791 5.04666678815394
1792 3.8172147754446177
1793 3.8172147754446177
1794 3.8172147754446177
1795 4.765363156133585
1796 4.765363156133585
1797 4.765363156133585
1798 3.4847267087989
1799 3.4847267087989
1800 3.4847267087989
1801 3.7103413492528445
1802 3.7103413492528445
1803 3.7103413492528445
1804 5.239077478093634
1805 5.239077478093634
1806 5.239077478093634
1807 6.250040430317247
1808 6.250040430317247
1809 6.250040430317247
1810 5.236257903490094
1811 5.236257903490094
1812 5.236257903490094
1813 1.9165174576197526
1814 1.9165174576197526
1815 1.9165174576197526
1816 2.900385108703367
1817 2.900385108703367
1818 2.900385108703367
1819 4.662453556480486
1820 4.662453556480486
1821 4.662453556480486
1822 2.1832416132522887
1823 2.1832416132522887
1824 2.1832416132522887
1825 5.267993871439233
1826 5.267993871439233
1827 5.267993871439233
1828 1.6833737915889042
1829 1.6833737915889042
1830 1.6833737915889042
1831 1.6824030078305094
1832 1.6824030078305094
1833 1.6824030078305094
1834 3.194445121284647
1835 3.194445121284647
1836 3.194445121284647
1837 4.125551283499832
1838 4.125551283499832
1839 4.125551283499832
1840 3.7913709809013714
1841 3.7913709809013714
1842 3.7913709809013714
1843 0.6852591443892906
1844 0.6852591443892906
1845 0.6852591443892906
1846 0.35369041506654486
1847 0.35369041506654486
1848 0.35369041506654486
1849 0.5311704573479518
1850 0.5311704573479518
1851 0.5311704573479518
1852 0.741307542898237
1853 0.741307542898237
1854 0.741307542898237
1855 0.7245086741563123
1856 0.7245086741563123
1857 0.7245086741563123
1858 1.1560377117266556
1859 1.1560377117266556
1860 1.1560377117266556
1861 0.9178616169473715
1862 0.9178616169473715
1863 0.9178616169473715
1864 0.694812191149417
1865 0.694812191149417
1866 0.694812191149417
1867 0.6361869488302023
1868 0.6361869488302023
1869 0.6361869488302023
1870 0.2878700430453414
1871 0.2878700430453414
1872 0.2878700430453414
1873 0.46295619447857134
1874 0.46295619447857134
1875 0.46295619447857134
1876 0.3777804139575326
1877 0.3777804139575326
1878 0.3777804139575326
1879 0.6756417458956211
1880 0.6756417458956211
1881 0.6756417458956211
1882 0.41228206589096905
1883 0.41228206589096905
1884 0.41228206589096905
1885 0.40766749937007696
1886 0.40766749937007696
1887 0.40766749937007696
1888 1.029061035807708
1889 1.029061035807708
1890 1.029061035807708
1891 0.42622238051952666
1892 0.42622238051952666
1893 0.42622238051952666
1894 0.6401547413554032
1895 0.6401547413554032
1896 0.6401547413554032
1897 1.4523371724057421
1898 1.4523371724057421
1899 1.4523371724057421
1900 0.9298084969730551
1901 0.9298084969730551
1902 0.9298084969730551
1903 1.3927657580321946
1904 1.3927657580321946
1905 1.3927657580321946
1906 0.7660565286227697
1907 0.7660565286227697
1908 0.7660565286227697
1909 0.3232794397033717
1910 0.3232794397033717
1911 0.3232794397033717
1912 0.14344889841581276
1913 0.14344889841581276
1914 0.14344889841581276
1915 0.7498965507301032
1916 0.7498965507301032
1917 0.7498965507301032
1918 0.3442840197158436
1919 0.3442840197158436
1920 0.3442840197158436
1921 0.7858752523629814
1922 0.7858752523629814
1923 0.7858752523629814
1924 0.5888090087827695
1925 0.5888090087827695
1926 0.5888090087827695
1927 1.0247541385946237
1928 1.0247541385946237
1929 1.0247541385946237
1930 0.5891667520189329
1931 0.5891667520189329
1932 0.5891667520189329
1933 0.4370525584237165
1934 0.4370525584237165
1935 0.4370525584237165
1936 0.8300231914895975
1937 0.8300231914895975
1938 0.8300231914895975
1939 0.8145391277910241
1940 0.8145391277910241
1941 0.8145391277910241
1942 0.34902068021230587
1943 0.34902068021230587
1944 0.34902068021230587
1945 1.047644026446859
1946 1.047644026446859
1947 1.047644026446859
1948 0.7110112854330085
1949 0.7110112854330085
1950 0.7110112854330085
1951 0.6840693250989393
1952 0.6840693250989393
1953 0.6840693250989393
1954 1.0063777964790794
1955 1.0063777964790794
1956 1.0063777964790794
1957 0.9358240062682623
1958 0.9358240062682623
1959 0.9358240062682623
1960 0.4698544895927243
1961 0.4698544895927243
1962 0.4698544895927243
1963 0.4303643891990836
1964 0.4303643891990836
1965 0.4303643891990836
1966 0.2628198374353323
1967 0.2628198374353323
1968 0.2628198374353323
1969 0.6751154073579294
1970 0.6751154073579294
1971 0.6751154073579294
1972 0.675260717889271
1973 0.675260717889271
1974 0.675260717889271
1975 0.5510211728886125
1976 0.5510211728886125
1977 0.5510211728886125
1978 0.3939457254530781
1979 0.3939457254530781
1980 0.3939457254530781
1981 0.47615209457937213
1982 0.47615209457937213
1983 0.47615209457937213
1984 1.0385657147038234
1985 1.0385657147038234
1986 1.0385657147038234
1987 0.5095514411561668
1988 0.5095514411561668
1989 0.5095514411561668
1990 0.6816990072716266
1991 0.6816990072716266
1992 0.6816990072716266
1993 0.7033281428899448
1994 0.7033281428899448
1995 0.7033281428899448
1996 1.2652633885627642
1997 1.2652633885627642
1998 1.2652633885627642
1999 0.8405491269019898
