0 1.25
1 1.25
2 1.25
3 1.24
4 1.24
5 1.24
6 1.24
7 1.24
8 1.25
9 1.25
10 1.24
11 1.25
12 1.24
13 1.26
14 1.25
15 1.25
16 1.24
17 1.24
18 1.24
19 1.25
20 1.25
21 1.25
22 1.24
23 1.24
24 1.24
25 1.24
26 1.23
27 1.24
28 1.24
29 1.24
30 1.24
31 1.22
32 1.24
33 1.24
34 1.24
35 1.24
36 1.24
37 1.25
38 1.25
39 1.25
40 1.24
41 1.25
42 1.24
43 1.26
44 1.24
45 1.24
46 1.24
47 1.23
48 1.23
49 1.46
50 1.35
51 1.31
52 1.29
53 1.28
54 1.27
55 1.23
56 1.24
57 1.23
58 1.24
59 1.24
60 1.24
61 1.22
62 1.24
63 1.24
64 1.24
65 1.24
66 1.24
67 1.23
68 1.23
69 1.24
70 1.24
71 1.24
72 1.24
73 1.41
74 1.41
75 1.41
76 1.41
77 1.41
78 1.41
79 1.42
80 1.42
81 1.42
82 1.42
83 1.42
84 1.42
85 1.41
86 1.41
87 1.41
88 1.41
89 1.41
90 1.42
91 1.42
92 1.41
93 1.42
94 1.42
95 1.41
96 1.42
97 1.43
98 1.43
99 1.42
100 1.42
101 1.42
102 1.42
103 1.42
104 1.42
105 1.41
106 1.42
107 1.42
108 1.42
109 1.42
110 1.41
111 1.41
112 1.41
113 1.41
114 1.41
115 1.40
116 1.41
117 1.41
118 1.41
119 1.41
120 1.41
121 1.42
122 1.40
123 1.41
124 1.41
125 1.41
126 1.41
127 1.43
128 1.41
129 1.41
130 1.41
131 1.42
132 1.42
133 1.34
134 1.35
135 1.36
136 1.36
137 1.37
138 1.37
139 1.39
140 1.36
141 1.35
142 1.35
143 1.36
144 1.37
145 1.40
146 1.33
147 1.33
148 1.34
149 1.36
150 1.35
151 1.39
152 1.39
153 1.39
154 1.39
155 1.39
156 1.39
157 1.22
158 1.27
159 1.29
160 1.31
161 1.31
162 1.32
163 1.33
164 1.36
165 1.33
166 1.32
167 1.34
168 1.35
169 1.38
170 1.38
171 1.38
172 1.38
173 1.38
174 1.39
175 1.39
176 1.41
177 1.41
178 1.40
179 1.40
180 1.39
181 1.41
182 1.40
183 1.40
184 1.40
185 1.40
186 1.40
187 1.37
188 1.37
189 1.38
190 1.37
191 1.37
192 1.38
193 1.40
194 1.40
195 1.39
196 1.38
197 1.38
198 1.38
199 1.37
200 1.36
201 1.36
202 1.37
203 1.38
204 1.37
205 1.39
206 1.39
207 1.39
208 1.37
209 1.38
210 1.38
211 1.39
212 1.38
213 1.38
214 1.39
215 1.38
216 1.38
217 1.37
218 1.36
219 1.37
220 1.36
221 1.36
222 1.37
223 1.39
224 1.39
225 1.39
226 1.39
227 1.39
228 1.39
229 1.33
230 1.34
231 1.34
232 1.36
233 1.34
234 1.35
235 1.37
236 1.35
237 1.28
238 1.30
239 1.31
240 1.29
241 1.41
242 1.42
243 1.41
244 1.41
245 1.41
246 1.41
247 1.41
248 1.41
249 1.41
250 1.41
251 1.41
252 1.41
253 1.42
254 1.42
255 1.42
256 1.42
257 1.42
258 1.42
259 1.42
260 1.42
261 1.42
262 1.41
263 1.42
264 1.42
265 1.42
266 1.42
267 1.42
268 1.42
269 1.42
270 1.41
271 1.42
272 1.42
273 1.42
274 1.41
275 1.42
276 1.41
277 1.41
278 1.41
279 1.42
280 1.41
281 1.41
282 1.41
283 1.42
284 1.42
285 1.42
286 1.42
287 1.42
288 1.41
289 1.42
290 1.41
291 1.42
292 1.41
293 1.41
294 1.41
295 1.37
296 1.37
297 1.36
298 1.37
299 1.37
300 1.38
301 1.41
302 1.41
303 1.41
304 1.41
305 1.41
306 1.41
307 1.42
308 1.41
309 1.41
310 1.42
311 1.42
312 1.41
313 1.39
314 1.40
315 1.40
316 1.40
317 1.40
318 1.40
319 1.38
320 1.39
321 1.39
322 1.39
323 1.39
324 1.39
325 1.41
326 1.42
327 1.41
328 1.41
329 1.42
330 1.41
331 1.33
332 1.37
333 1.38
334 1.38
335 1.38
336 1.38
337 1.37
338 1.38
339 1.37
340 1.38
341 1.38
342 1.38
343 1.40
344 1.39
345 1.40
346 1.40
347 1.40
348 1.40
349 1.40
350 1.41
351 1.42
352 1.42
353 1.41
354 1.41
355 1.41
356 1.41
357 1.41
358 1.41
359 1.41
360 1.41
361 1.40
362 1.42
363 1.41
364 1.41
365 1.41
366 1.41
367 1.43
368 1.42
369 1.42
370 1.42
371 1.42
372 1.41
373 1.41
374 1.41
375 1.41
376 1.41
377 1.41
378 1.41
379 1.40
380 1.41
381 1.41
382 1.41
383 1.41
384 1.42
385 1.45
386 1.42
387 1.42
388 1.42
389 1.42
390 1.41
391 1.41
392 1.42
393 1.41
394 1.41
395 1.41
396 1.41
397 1.42
398 1.41
399 1.41
400 1.41
401 1.41
402 1.41
403 1.41
404 1.41
405 1.42
406 1.41
407 1.41
408 1.41
409 1.41
410 1.41
411 1.41
412 1.41
413 1.41
414 1.41
415 1.41
416 1.41
417 1.41
418 1.41
419 1.41
420 1.42
421 1.42
422 1.42
423 1.42
424 1.41
425 1.42
426 1.41
427 1.43
428 1.43
429 1.42
430 1.41
431 1.41
432 1.42
433 1.42
434 1.42
435 1.41
436 1.41
437 1.41
438 1.41
439 1.42
440 1.42
441 1.41
442 1.42
443 1.42
444 1.42
445 1.41
446 1.41
447 1.42
448 1.41
449 1.42
450 1.41
451 1.42
452 1.42
453 1.41
454 1.41
455 1.41
456 1.41
457 1.26
458 1.25
459 1.25
460 1.25
461 1.25
462 1.24
463 1.25
464 1.25
465 1.24
466 1.24
467 1.24
468 1.25
469 1.22
470 1.25
471 1.24
472 1.24
473 1.24
474 1.25
475 1.24
476 1.25
477 1.24
478 1.24
479 1.25
480 1.24
481 1.26
482 1.25
483 1.25
484 1.25
485 1.25
486 1.25
487 1.24
488 1.24
489 1.24
490 1.24
491 1.24
492 1.24
493 1.24
494 1.24
495 1.24
496 1.24
497 1.24
498 1.24
499 1.23
500 1.23
501 1.24
502 1.24
503 1.24
504 1.24
505 1.25
506 1.24
507 1.25
508 1.24
509 1.24
510 1.24
511 1.25
512 1.25
513 1.25
514 1.24
515 1.24
516 1.24
517 1.23
518 1.25
519 1.24
520 1.24
521 1.24
522 1.24
523 1.24
524 1.24
525 1.25
526 1.24
527 1.24
528 1.25
529 1.24
530 1.25
531 1.24
532 1.25
533 1.25
534 1.24
535 1.26
536 1.25
537 1.25
538 1.25
539 1.25
540 1.24
541 1.23
542 1.24
543 1.24
544 1.24
545 1.24
546 1.24
547 1.24
548 1.24
549 1.23
550 1.24
551 1.24
552 1.24
553 1.26
554 1.25
555 1.25
556 1.24
557 1.25
558 1.24
559 1.24
560 1.25
561 1.25
562 1.24
563 1.25
564 1.24
565 1.69
566 1.58
567 1.52
568 1.49
569 1.47
570 1.36
571 1.35
572 1.35
573 1.35
574 1.35
575 1.35
576 1.36
577 1.36
578 1.36
579 1.36
580 1.36
581 1.36
582 1.91
583 1.65
584 1.55
585 1.50
586 1.46
587 1.44
588 1.36
589 1.36
590 1.36
591 1.36
592 1.36
593 1.36
594 1.35
595 1.36
596 1.35
597 1.35
598 1.36
599 1.36
600 1.68
601 1.57
602 1.52
603 1.48
604 1.46
605 1.35
606 1.35
607 1.35
608 1.36
609 1.35
610 1.35
611 1.36
612 1.36
613 1.36
614 1.36
615 1.36
616 1.34
617 1.73
618 1.60
619 1.54
620 1.51
621 1.48
622 1.36
623 1.36
624 1.36
625 1.36
626 1.35
627 1.35
628 1.35
629 1.36
630 1.36
631 1.36
632 1.35
633 1.36
634 1.70
635 1.59
636 1.53
637 1.50
638 1.47
639 1.36
640 1.36
641 1.35
642 1.36
643 1.36
644 1.36
645 1.36
646 1.36
647 1.35
648 1.36
649 1.36
650 1.36
651 1.77
652 1.63
653 1.56
654 1.52
655 1.49
656 1.35
657 1.36
658 1.36
659 1.36
660 1.36
661 1.36
662 1.24
663 1.24
664 1.25
665 1.24
666 1.24
667 1.24
668 1.24
669 1.24
670 1.24
671 1.24
672 1.24
673 1.24
674 1.25
675 1.25
676 1.25
677 1.24
678 1.25
679 1.25
680 1.24
681 1.24
682 1.24
683 1.25
684 1.24
685 1.24
686 1.26
687 1.25
688 1.25
689 1.24
690 1.25
691 1.24
692 1.24
693 1.24
694 1.25
695 1.24
696 1.24
697 1.25
698 1.26
699 1.24
700 1.24
701 1.24
702 1.24
703 1.24
704 1.24
705 1.24
706 1.24
707 1.24
708 1.24
709 1.24
710 1.24
711 1.24
712 1.25
713 1.24
714 1.24
715 1.24
716 1.22
717 1.23
718 1.24
719 1.24
720 1.24
721 1.24
722 1.26
723 1.24
724 1.25
725 1.25
726 1.24
727 1.25
728 1.24
729 1.24
730 1.24
731 1.24
732 1.24
733 1.24
734 1.48
735 1.43
736 1.42
737 1.42
738 1.41
739 1.41
740 1.40
741 1.41
742 1.41
743 1.41
744 1.40
745 1.40
746 1.41
747 1.43
748 1.41
749 1.41
750 1.41
751 1.42
752 1.40
753 1.41
754 1.40
755 1.40
756 1.40
757 1.40
758 1.45
759 1.42
760 1.41
761 1.41
762 1.42
763 1.42
764 1.42
765 1.39
766 1.44
767 1.42
768 1.43
769 1.42
770 1.40
771 1.46
772 1.45
773 1.44
774 1.43
775 1.42
776 1.39
777 1.41
778 1.40
779 1.40
780 1.40
781 1.40
782 1.41
783 1.42
784 1.41
785 1.41
786 1.41
787 1.41
788 1.40
789 1.39
790 1.40
791 1.40
792 1.40
793 1.40
794 1.42
795 1.40
796 1.40
797 1.41
798 1.41
799 1.42
800 1.44
801 1.45
802 1.42
803 1.42
804 1.41
805 1.41
806 1.40
807 1.41
808 1.42
809 1.42
810 1.41
811 1.41
812 1.39
813 1.40
814 1.40
815 1.42
816 1.42
817 1.42
818 1.49
819 1.45
820 1.42
821 1.42
822 1.42
823 1.41
824 1.47
825 1.41
826 1.45
827 1.43
828 1.42
829 1.43
830 1.46
831 1.45
832 1.44
833 1.43
834 1.42
835 1.42
836 1.48
837 1.44
838 1.42
839 1.42
840 1.42
841 1.40
842 1.00
843 1.00
844 1.00
845 1.00
846 1.42
847 1.41
848 1.42
849 1.42
850 1.42
851 1.42
852 1.43
853 1.42
854 1.42
855 1.42
856 1.42
857 1.42
858 1.40
859 1.42
860 1.42
861 1.41
862 1.42
863 1.42
864 1.42
865 1.41
866 1.41
867 1.41
868 1.42
869 1.41
870 1.42
871 1.42
872 1.42
873 1.42
874 1.41
875 1.42
876 1.41
877 1.41
878 1.42
879 1.41
880 1.42
881 1.41
882 1.43
883 1.42
884 1.42
885 1.42
886 1.42
887 1.42
888 1.41
889 1.42
890 1.42
891 1.41
892 1.42
893 1.41
894 1.42
895 1.42
896 1.41
897 1.41
898 1.42
899 1.42
900 1.42
901 1.42
902 1.42
903 1.42
904 1.42
905 1.42
906 1.41
907 1.42
908 1.42
909 1.42
910 1.42
911 1.42
912 1.43
913 1.43
914 1.42
915 1.42
916 1.42
917 1.42
918 1.42
919 1.41
920 1.41
921 1.41
922 1.42
923 1.41
924 1.43
925 1.42
926 1.42
927 1.42
928 1.42
929 1.42
930 1.41
931 1.41
932 1.41
933 1.41
934 1.42
935 1.41
936 1.40
937 1.41
938 1.41
939 1.41
940 1.42
941 1.41
942 1.42
943 1.43
944 1.42
945 1.42
946 1.42
947 1.42
948 1.41
949 1.41
950 1.41
951 1.40
952 1.40
953 1.40
954 1.42
955 1.41
956 1.42
957 1.41
958 1.41
959 1.41
960 1.41
961 1.41
962 1.41
963 1.41
964 1.41
965 1.41
966 1.42
967 1.42
968 1.42
969 1.42
970 1.41
971 1.41
972 1.41
973 1.41
974 1.41
975 1.41
976 1.41
977 1.41
978 1.42
979 1.42
980 1.42
981 1.41
982 1.42
983 1.42
984 1.42
985 1.42
986 1.41
987 1.41
988 1.41
989 1.42
990 1.41
991 1.41
992 1.41
993 1.41
994 1.41
995 1.41
996 1.41
997 1.41
998 1.41
999 1.41
1000 1.41
1001 1.41
1002 1.41
1003 1.41
1004 1.41
1005 1.41
1006 1.41
1007 1.41
1008 1.41
1009 1.41
1010 1.41
1011 1.41
1012 1.41
1013 1.41
1014 1.42
1015 1.41
1016 1.42
1017 1.41
1018 1.41
1019 1.41
1020 1.41
1021 1.41
1022 1.41
1023 1.41
1024 1.41
1025 1.41
1026 1.41
1027 1.42
1028 1.41
1029 1.41
1030 1.41
1031 1.41
1032 1.41
1033 1.41
1034 1.41
1035 1.41
1036 1.41
1037 1.41
1038 1.42
1039 1.42
1040 1.41
1041 1.41
1042 1.41
1043 1.41
1044 1.42
1045 1.42
1046 1.41
1047 1.42
1048 1.42
1049 1.41
1050 1.42
1051 1.42
1052 1.42
1053 1.42
1054 1.41
1055 1.42
1056 1.42
1057 1.42
1058 1.42
1059 1.41
1060 1.41
1061 1.42
1062 1.37
1063 1.36
1064 1.37
1065 1.36
1066 1.36
1067 1.37
1068 1.80
1069 1.65
1070 1.58
1071 1.54
1072 1.51
1073 1.36
1074 1.36
1075 1.36
1076 1.36
1077 1.36
1078 1.36
1079 1.80
1080 1.65
1081 1.58
1082 1.54
1083 1.51
1084 1.36
1085 1.36
1086 1.36
1087 1.37
1088 1.36
1089 1.36
1090 1.36
1091 1.37
1092 1.36
1093 1.36
1094 1.36
1095 1.36
1096 1.80
1097 1.66
1098 1.58
1099 1.54
1100 1.51
1101 1.21
1102 1.21
1103 1.21
1104 1.21
1105 1.21
1106 1.21
1107 1.21
1108 1.21
1109 1.21
1110 1.21
1111 1.21
1112 1.21
1113 1.21
1114 1.21
1115 1.21
1116 1.21
1117 1.21
1118 1.21
1119 1.21
1120 1.21
1121 1.21
1122 1.21
1123 1.21
1124 1.21
1125 1.20
1126 1.21
1127 1.21
1128 1.21
1129 1.21
1130 1.21
1131 1.22
1132 1.22
1133 1.21
1134 1.21
1135 1.21
1136 1.21
1137 1.23
1138 1.21
1139 1.22
1140 1.22
1141 1.22
1142 1.21
1143 1.23
1144 1.21
1145 1.21
1146 1.21
1147 1.22
1148 1.21
1149 1.21
1150 1.20
1151 1.21
1152 1.21
1153 1.21
1154 1.21
1155 1.22
1156 1.22
1157 1.21
1158 1.22
1159 1.21
1160 1.21
1161 1.23
1162 1.21
1163 1.22
1164 1.21
1165 1.21
1166 1.21
1167 1.22
1168 1.21
1169 1.21
1170 1.21
1171 1.21
1172 1.21
1173 1.20
1174 1.21
1175 1.21
1176 1.21
1177 1.21
1178 1.21
1179 1.20
1180 1.21
1181 1.22
1182 1.21
1183 1.21
1184 1.21
1185 1.22
1186 1.21
1187 1.22
1188 1.21
1189 1.22
1190 1.22
1191 1.22
1192 1.21
1193 1.22
1194 1.21
1195 1.21
1196 1.21
1197 1.22
1198 1.21
1199 1.21
1200 1.22
1201 1.21
1202 1.21
1203 1.21
1204 1.21
1205 1.21
1206 1.21
1207 1.21
1208 1.21
1209 1.42
1210 1.41
1211 1.42
1212 1.41
1213 1.42
1214 1.41
1215 1.40
1216 1.41
1217 1.41
1218 1.41
1219 1.41
1220 1.41
1221 1.41
1222 1.41
1223 1.41
1224 1.41
1225 1.41
1226 1.41
1227 1.92
1228 1.39
1229 1.40
1230 1.39
1231 1.39
1232 1.39
1233 1.39
1234 1.39
1235 1.40
1236 1.39
1237 1.39
1238 1.39
1239 1.39
1240 1.38
1241 1.39
1242 1.39
1243 1.39
1244 1.39
1245 1.39
1246 1.39
1247 1.39
1248 1.39
1249 1.39
1250 1.39
1251 1.39
1252 1.37
1253 1.38
1254 1.38
1255 1.39
1256 1.38
1257 1.39
1258 1.39
1259 1.39
1260 1.39
1261 1.39
1262 1.39
1263 1.39
1264 1.38
1265 1.39
1266 1.38
1267 1.37
1268 1.36
1269 1.36
1270 1.39
1271 1.40
1272 1.39
1273 1.39
1274 1.39
1275 1.39
1276 1.39
1277 1.40
1278 1.39
1279 1.39
1280 1.39
1281 1.39
1282 1.39
1283 1.39
1284 1.40
1285 1.39
1286 1.39
1287 1.40
1288 1.41
1289 1.39
1290 1.40
1291 1.39
1292 1.40
1293 1.39
1294 1.39
1295 1.39
1296 1.38
1297 1.39
1298 1.39
1299 1.39
1300 1.38
1301 1.39
1302 1.40
1303 1.40
1304 1.40
1305 1.40
1306 1.41
1307 1.39
1308 1.40
1309 1.40
1310 1.39
1311 1.40
1312 1.40
1313 1.40
1314 1.40
1315 1.39
1316 1.40
1317 1.39
1318 1.39
1319 1.39
1320 1.39
1321 1.39
1322 1.39
1323 1.40
1324 1.40
1325 1.40
1326 1.39
1327 1.40
1328 1.40
1329 1.40
1330 1.39
1331 1.40
1332 1.40
1333 1.40
1334 1.40
1335 1.40
1336 1.39
1337 1.40
1338 1.40
1339 1.39
1340 1.40
1341 1.39
1342 1.41
1343 1.41
1344 1.41
1345 1.40
1346 1.40
1347 1.40
1348 1.39
1349 1.40
1350 1.40
1351 1.40
1352 1.40
1353 1.40
1354 1.38
1355 1.39
1356 1.39
1357 1.39
1358 1.39
1359 1.39
1360 1.39
1361 1.40
1362 1.40
1363 1.40
1364 1.40
1365 1.40
1366 1.37
1367 1.39
1368 1.39
1369 1.39
1370 1.40
1371 1.39
1372 1.39
1373 1.39
1374 1.39
1375 1.40
1376 1.40
1377 1.40
1378 1.39
1379 1.39
1380 1.39
1381 1.40
1382 1.40
1383 1.39
1384 1.39
1385 1.40
1386 1.40
1387 1.39
1388 1.40
1389 1.40
1390 1.41
1391 1.41
1392 1.42
1393 1.41
1394 1.41
1395 1.41
1396 1.41
1397 1.42
1398 1.42
1399 1.41
1400 1.41
1401 1.41
1402 1.41
1403 1.42
1404 1.41
1405 1.41
1406 1.41
1407 1.42
1408 1.43
1409 1.43
1410 1.42
1411 1.42
1412 1.42
1413 1.42
1414 1.40
1415 1.42
1416 1.41
1417 1.41
1418 1.41
1419 1.41
1420 1.41
1421 1.41
1422 1.41
1423 1.42
1424 1.42
1425 1.41
1426 1.42
1427 1.41
1428 1.41
1429 1.41
1430 1.41
1431 1.42
1432 1.42
1433 1.42
1434 1.41
1435 1.42
1436 1.41
1437 1.41
1438 1.39
1439 1.40
1440 1.41
1441 1.41
1442 1.41
1443 1.41
1444 1.44
1445 1.43
1446 1.42
1447 1.42
1448 1.42
1449 1.42
1450 1.40
1451 1.41
1452 1.41
1453 1.41
1454 1.41
1455 1.41
1456 1.40
1457 1.41
1458 1.41
1459 1.41
1460 1.41
1461 1.41
1462 1.43
1463 1.41
1464 1.42
1465 1.42
1466 1.42
1467 1.42
1468 1.42
1469 1.42
1470 1.41
1471 1.41
1472 1.42
1473 1.42
1474 1.41
1475 1.40
1476 1.41
1477 1.41
1478 1.41
1479 1.41
1480 1.41
1481 1.41
1482 1.41
1483 1.42
1484 1.42
1485 1.42
1486 1.40
1487 1.42
1488 1.41
1489 1.41
1490 1.41
1491 1.41
1492 1.42
1493 1.42
1494 1.41
1495 1.42
1496 1.42
1497 1.42
1498 1.42
1499 1.41
1500 1.42
1501 1.41
1502 1.41
1503 1.42
1504 1.40
1505 1.41
1506 1.42
1507 1.42
1508 1.41
1509 1.42
1510 1.43
1511 1.41
1512 1.42
1513 1.41
1514 1.42
1515 1.42
1516 1.40
1517 1.41
1518 1.41
1519 1.41
1520 1.41
1521 1.41
1522 1.42
1523 1.41
1524 1.42
1525 1.42
1526 1.42
1527 1.41
1528 1.42
1529 1.42
1530 1.42
1531 1.41
1532 1.42
1533 1.42
1534 1.43
1535 1.43
1536 1.42
1537 1.42
1538 1.42
1539 1.42
1540 1.41
1541 1.42
1542 1.42
1543 1.41
1544 1.42
1545 1.42
1546 1.45
1547 1.43
1548 1.42
1549 1.42
1550 1.41
1551 1.41
1552 1.41
1553 1.41
1554 1.41
1555 1.42
1556 1.42
1557 1.42
1558 1.42
1559 1.41
1560 1.42
1561 1.42
1562 1.41
1563 1.42
1564 1.42
1565 1.41
1566 1.42
1567 1.42
1568 1.42
1569 1.42
1570 1.42
1571 1.42
1572 1.41
1573 1.42
1574 1.42
1575 1.42
1576 1.42
1577 1.41
1578 1.41
1579 1.42
1580 1.41
1581 1.42
1582 1.41
1583 1.41
1584 1.41
1585 1.41
1586 1.41
1587 1.41
1588 1.41
1589 1.41
1590 1.42
1591 1.41
1592 1.42
1593 1.41
1594 1.14
1595 1.14
1596 1.15
1597 1.15
1598 1.14
1599 1.14
1600 1.16
1601 1.15
1602 1.15
1603 1.15
1604 1.15
1605 1.14
1606 1.15
1607 1.15
1608 1.15
1609 1.15
1610 1.15
1611 1.15
1612 1.16
1613 1.16
1614 1.16
1615 1.16
1616 1.16
1617 1.16
1618 1.16
1619 1.16
1620 1.16
1621 1.16
1622 1.16
1623 1.16
1624 1.15
1625 1.16
1626 1.16
1627 1.16
1628 1.16
1629 1.16
1630 1.15
1631 1.16
1632 1.15
1633 1.16
1634 1.16
1635 1.16
1636 1.15
1637 1.15
1638 1.16
1639 1.15
1640 1.16
1641 1.16
1642 1.14
1643 1.15
1644 1.15
1645 1.16
1646 1.16
1647 1.16
1648 1.15
1649 1.15
1650 1.16
1651 1.15
1652 1.16
1653 1.16
1654 1.15
1655 1.15
1656 1.16
1657 1.16
1658 1.16
1659 1.16
1660 1.42
1661 1.41
1662 1.42
1663 1.42
1664 1.42
1665 1.42
1666 1.41
1667 1.42
1668 1.42
1669 1.42
1670 1.42
1671 1.42
1672 1.40
1673 1.41
1674 1.42
1675 1.41
1676 1.42
1677 1.41
1678 1.41
1679 1.41
1680 1.42
1681 1.42
1682 1.42
1683 1.41
1684 1.43
1685 1.42
1686 1.42
1687 1.42
1688 1.42
1689 1.42
1690 1.42
1691 1.42
1692 1.41
1693 1.42
1694 1.42
1695 1.42
1696 1.43
1697 1.42
1698 1.42
1699 1.42
1700 1.42
1701 1.42
1702 1.42
1703 1.42
1704 1.41
1705 1.42
1706 1.42
1707 1.42
1708 1.43
1709 1.42
1710 1.42
1711 1.42
1712 1.42
1713 1.42
1714 1.39
1715 1.41
1716 1.41
1717 1.41
1718 1.41
1719 1.41
1720 1.42
1721 1.41
1722 1.41
1723 1.41
1724 1.41
1725 1.41
1726 1.41
1727 1.41
1728 1.42
1729 1.42
1730 1.42
1731 1.42
1732 1.40
1733 1.41
1734 1.42
1735 1.41
1736 1.42
1737 1.42
1738 1.42
1739 1.42
1740 1.42
1741 1.42
1742 1.42
1743 1.42
1744 1.40
1745 1.41
1746 1.41
1747 1.41
1748 1.42
1749 1.41
1750 1.41
1751 1.41
1752 1.41
1753 1.42
1754 1.41
1755 1.42
1756 1.42
1757 1.42
1758 1.42
1759 1.41
1760 1.42
1761 1.42
1762 1.38
1763 1.41
1764 1.40
1765 1.41
1766 1.41
1767 1.41
1768 1.42
1769 1.41
1770 1.41
1771 1.42
1772 1.41
1773 1.41
1774 1.42
1775 1.42
1776 1.42
1777 1.41
1778 1.41
1779 1.41
1780 1.43
1781 1.42
1782 1.42
1783 1.42
1784 1.42
1785 1.42
1786 1.41
1787 1.42
1788 1.41
1789 1.42
1790 1.42
1791 1.42
1792 1.42
1793 1.42
1794 1.42
1795 1.42
1796 1.41
1797 1.41
1798 1.41
1799 1.42
1800 1.41
1801 1.41
1802 1.41
1803 1.41
1804 1.42
1805 1.42
1806 1.41
1807 1.41
1808 1.41
1809 1.42
1810 1.43
1811 1.42
1812 1.42
1813 1.41
1814 1.42
1815 1.42
1816 1.41
1817 1.42
1818 1.41
1819 1.41
1820 1.42
1821 1.41
1822 1.42
1823 1.42
1824 1.41
1825 1.41
1826 1.41
1827 1.41
1828 1.42
1829 1.41
1830 1.41
1831 1.42
1832 1.41
1833 1.42
1834 1.41
1835 1.41
1836 1.41
1837 1.41
1838 1.41
1839 1.41
1840 1.42
1841 1.40
1842 1.42
1843 1.41
1844 1.42
1845 1.41
1846 1.43
1847 1.42
1848 1.41
1849 1.41
1850 1.41
1851 1.42
1852 1.43
1853 1.42
1854 1.42
1855 1.42
1856 1.42
1857 1.42
1858 1.40
1859 1.41
1860 1.41
1861 1.41
1862 1.41
1863 1.41
1864 1.41
1865 1.41
1866 1.42
1867 1.41
1868 1.42
1869 1.41
1870 1.40
1871 1.41
1872 1.41
1873 1.41
1874 1.42
1875 1.41
1876 1.41
1877 1.41
1878 1.41
1879 1.41
1880 1.41
1881 1.42
1882 1.43
1883 1.42
1884 1.42
1885 1.42
1886 1.42
1887 1.42
1888 1.41
1889 1.42
1890 1.42
1891 1.41
1892 1.42
1893 1.42
1894 1.41
1895 1.42
1896 1.41
1897 1.42
1898 1.42
1899 1.42
1900 1.41
1901 1.42
1902 1.40
1903 1.41
1904 1.41
1905 1.41
1906 1.41
1907 1.42
1908 1.42
1909 1.42
1910 1.42
1911 1.42
1912 1.42
1913 1.42
1914 1.42
1915 1.42
1916 1.42
1917 1.42
1918 1.40
1919 1.41
1920 1.41
1921 1.41
1922 1.41
1923 1.42
1924 1.42
1925 1.42
1926 1.42
1927 1.42
1928 1.42
1929 1.42
1930 1.40
1931 1.41
1932 1.41
1933 1.41
1934 1.42
1935 1.41
1936 1.40
1937 1.41
1938 1.41
1939 1.41
1940 1.41
1941 1.41
1942 1.40
1943 1.42
1944 1.42
1945 1.42
1946 1.41
1947 1.42
1948 1.41
1949 1.41
1950 1.41
1951 1.41
1952 1.42
1953 1.42
1954 1.40
1955 1.42
1956 1.41
1957 1.42
1958 1.42
1959 1.42
1960 1.41
1961 1.42
1962 1.41
1963 1.41
1964 1.42
1965 1.42
1966 1.42
1967 1.42
1968 1.42
1969 1.42
1970 1.42
1971 1.42
1972 1.42
1973 1.41
1974 1.42
1975 1.42
1976 1.41
1977 1.41
1978 1.40
1979 1.41
1980 1.42
1981 1.42
1982 1.42
1983 1.41
1984 1.04
1985 1.42
1986 1.42
1987 1.42
1988 1.41
1989 1.42
1990 1.41
1991 1.42
1992 1.41
1993 1.41
1994 1.41
1995 1.41
1996 1.41
1997 1.42
1998 1.41
1999 1.41
