0 1.80
1 1.80
2 1.80
3 1.80
4 1.81
5 1.81
6 1.81
7 1.81
8 1.80
9 1.80
10 1.80
11 1.81
12 1.81
13 1.80
14 1.80
15 1.80
16 1.81
17 1.81
18 1.80
19 1.80
20 1.38
21 1.40
22 1.41
23 1.41
24 1.41
25 1.41
26 1.39
27 1.40
28 1.40
29 1.40
30 1.41
31 1.40
32 1.41
33 1.41
34 1.42
35 1.42
36 1.42
37 1.42
38 1.40
39 1.41
40 1.41
41 1.42
42 1.41
43 1.41
44 1.39
45 1.42
46 1.41
47 1.41
48 1.41
49 1.42
50 1.40
51 1.41
52 1.41
53 1.41
54 1.41
55 1.41
56 1.41
57 1.42
58 1.41
59 1.42
60 1.42
61 1.42
62 1.42
63 1.42
64 1.42
65 1.41
66 1.41
67 1.42
68 1.43
69 1.42
70 1.42
71 1.42
72 1.42
73 1.42
74 1.44
75 1.42
76 1.42
77 1.42
78 1.42
79 1.42
80 1.44
81 1.42
82 1.42
83 1.42
84 1.42
85 1.42
86 1.41
87 1.42
88 1.42
89 1.41
90 1.41
91 1.42
92 1.45
93 1.43
94 1.43
95 1.42
96 1.42
97 1.42
98 1.39
99 1.40
100 1.41
101 1.41
102 1.41
103 1.41
104 1.44
105 1.41
106 1.42
107 1.41
108 1.41
109 1.42
110 1.40
111 1.41
112 1.41
113 1.41
114 1.41
115 1.41
116 1.45
117 1.43
118 1.42
119 1.42
120 1.42
121 1.42
122 1.44
123 1.42
124 1.42
125 1.43
126 1.42
127 1.42
128 1.43
129 1.42
130 1.42
131 1.41
132 1.42
133 1.42
134 1.42
135 1.43
136 1.42
137 1.42
138 1.42
139 1.42
140 1.44
141 1.42
142 1.42
143 1.41
144 1.42
145 1.42
146 1.42
147 1.41
148 1.43
149 1.42
150 1.42
151 1.42
152 1.40
153 1.42
154 1.41
155 1.42
156 1.42
157 1.42
158 1.43
159 1.42
160 1.42
161 1.41
162 1.42
163 1.42
164 1.40
165 1.40
166 1.41
167 1.42
168 1.42
169 1.42
170 1.42
171 1.42
172 1.42
173 1.42
174 1.42
175 1.42
176 1.39
177 1.41
178 1.41
179 1.41
180 1.41
181 1.41
182 1.40
183 1.41
184 1.41
185 1.42
186 1.42
187 1.42
188 1.41
189 1.41
190 1.41
191 1.41
192 1.42
193 1.42
194 1.44
195 1.43
196 1.43
197 1.42
198 1.43
199 1.42
200 1.40
201 1.43
202 1.42
203 1.41
204 1.41
205 1.42
206 1.41
207 1.41
208 1.42
209 1.41
210 1.41
211 1.41
212 1.39
213 1.39
214 1.41
215 1.41
216 1.41
217 1.41
218 1.46
219 1.43
220 1.42
221 1.42
222 1.42
223 1.42
224 1.41
225 1.43
226 1.42
227 1.42
228 1.42
229 1.42
230 1.40
231 1.41
232 1.41
233 1.41
234 1.41
235 1.41
236 1.40
237 1.40
238 1.41
239 1.41
240 1.41
241 1.42
242 1.41
243 1.40
244 1.41
245 1.41
246 1.41
247 1.42
248 1.44
249 1.42
250 1.42
251 1.42
252 1.42
253 1.42
254 1.42
255 1.42
256 1.43
257 1.42
258 1.42
259 1.42
260 1.43
261 1.41
262 1.42
263 1.42
264 1.42
265 1.41
266 1.42
267 1.42
268 1.41
269 1.42
270 1.42
271 1.42
272 1.42
273 1.39
274 1.41
275 1.41
276 1.42
277 1.42
278 1.43
279 1.42
280 1.42
281 1.42
282 1.42
283 1.42
284 1.39
285 1.40
286 1.41
287 1.41
288 1.41
289 1.41
290 1.41
291 1.42
292 1.41
293 1.41
294 1.41
295 1.41
296 1.41
297 1.42
298 1.41
299 1.41
300 1.41
301 1.42
302 1.43
303 1.42
304 1.42
305 1.42
306 1.42
307 1.41
308 1.44
309 1.41
310 1.41
311 1.42
312 1.42
313 1.41
314 1.41
315 1.40
316 1.41
317 1.42
318 1.41
319 1.41
320 1.41
321 1.42
322 1.42
323 1.42
324 1.42
325 1.41
326 1.34
327 1.36
328 1.36
329 1.23
330 1.36
331 1.37
332 1.37
333 1.36
334 1.36
335 1.36
336 1.35
337 1.36
338 1.26
339 1.36
340 1.35
341 1.36
342 1.36
343 1.36
344 1.36
345 1.37
346 1.36
347 1.36
348 1.36
349 1.36
350 1.37
351 1.39
352 1.36
353 1.37
354 1.37
355 1.36
356 1.36
357 1.34
358 1.36
359 1.37
360 1.36
361 1.36
362 1.36
363 1.35
364 1.35
365 1.36
366 1.36
367 1.36
368 1.37
369 1.37
370 1.38
371 1.38
372 1.37
373 1.37
374 1.37
375 1.37
376 1.37
377 1.36
378 1.37
379 1.36
380 1.36
381 1.80
382 1.66
383 1.58
384 1.53
385 1.51
386 1.37
387 1.37
388 1.36
389 1.37
390 1.36
391 1.37
392 1.85
393 1.68
394 1.60
395 1.55
396 1.52
397 1.80
398 1.65
399 1.58
400 1.53
401 1.50
402 1.35
403 1.34
404 1.34
405 1.34
406 1.35
407 1.35
408 1.94
409 1.74
410 1.64
411 1.58
412 1.54
413 1.77
414 1.63
415 1.56
416 1.52
417 1.50
418 1.35
419 1.35
420 1.36
421 1.36
422 1.36
423 1.36
424 1.82
425 1.69
426 1.62
427 1.57
428 1.81
429 1.65
430 1.58
431 1.53
432 1.51
433 1.36
434 1.37
435 1.36
436 1.37
437 1.37
438 1.36
439 1.75
440 1.62
441 1.55
442 1.51
443 1.49
444 1.36
445 1.36
446 1.35
447 1.35
448 1.35
449 1.35
450 1.37
451 1.36
452 1.36
453 1.35
454 1.36
455 1.36
456 1.59
457 1.46
458 1.43
459 1.41
460 1.40
461 1.40
462 1.83
463 1.66
464 1.58
465 1.53
466 1.51
467 1.33
468 1.34
469 1.35
470 1.34
471 1.34
472 1.34
473 1.86
474 1.69
475 1.61
476 1.56
477 1.53
478 1.83
479 1.68
480 1.60
481 1.55
482 1.53
483 1.79
484 1.68
485 1.61
486 1.57
487 1.35
488 1.36
489 1.36
490 1.35
491 1.35
492 1.35
493 1.81
494 1.66
495 1.58
496 1.54
497 1.51
498 1.57
499 1.46
500 1.43
501 1.41
502 1.41
503 1.40
504 1.80
505 1.66
506 1.58
507 1.53
508 1.51
509 1.78
510 1.65
511 1.57
512 1.53
513 1.49
514 1.36
515 1.37
516 1.37
517 1.36
518 1.36
519 1.36
520 1.76
521 1.62
522 1.55
523 1.52
524 1.49
525 1.80
526 1.66
527 1.58
528 1.53
529 1.50
530 1.37
531 1.36
532 1.37
533 1.35
534 1.35
535 1.33
536 1.84
537 1.68
538 1.60
539 1.55
540 1.51
541 1.78
542 1.63
543 1.56
544 1.52
545 1.49
546 1.39
547 1.38
548 1.37
549 1.37
550 1.37
551 1.37
552 1.75
553 1.62
554 1.56
555 1.52
556 1.50
557 1.80
558 1.64
559 1.57
560 1.53
561 1.50
562 1.87
563 1.69
564 1.60
565 1.57
566 1.53
567 1.78
568 1.64
569 1.57
570 1.53
571 1.50
572 1.98
573 1.67
574 1.57
575 1.52
576 1.48
577 1.46
578 1.40
579 1.37
580 1.36
581 1.35
582 1.36
583 1.35
584 1.36
585 1.36
586 1.36
587 1.36
588 1.36
589 1.36
590 1.92
591 1.64
592 1.54
593 1.50
594 1.47
595 1.45
596 1.36
597 1.35
598 1.35
599 1.36
600 1.36
601 1.35
602 1.41
603 1.38
604 1.38
605 1.37
606 1.37
607 1.37
608 1.39
609 1.37
610 1.37
611 1.36
612 1.36
613 1.36
614 1.34
615 1.35
616 1.35
617 1.36
618 1.36
619 1.35
620 1.36
621 1.36
622 1.36
623 1.36
624 1.36
625 1.36
626 1.36
627 1.35
628 1.35
629 1.35
630 1.35
631 1.35
632 1.36
633 1.37
634 1.37
635 1.37
636 1.36
637 1.36
638 1.36
639 1.36
640 1.35
641 1.36
642 1.36
643 1.36
644 1.72
645 1.60
646 1.54
647 1.50
648 1.48
649 1.39
650 1.36
651 1.36
652 1.36
653 1.36
654 1.36
655 1.67
656 1.56
657 1.51
658 1.48
659 1.46
660 1.35
661 1.36
662 1.36
663 1.36
664 1.36
665 1.36
666 1.36
667 1.36
668 1.36
669 1.35
670 1.35
671 1.35
672 1.39
673 1.36
674 1.36
675 1.36
676 1.36
677 1.36
678 1.39
679 1.40
680 1.40
681 1.40
682 1.40
683 1.39
684 1.38
685 1.38
686 1.37
687 1.38
688 1.39
689 1.38
690 1.41
691 1.39
692 1.39
693 1.39
694 1.39
695 1.39
696 1.41
697 1.40
698 1.39
699 1.39
700 1.39
701 1.39
702 1.39
703 1.40
704 1.38
705 1.39
706 1.39
707 1.39
708 1.39
709 1.41
710 1.39
711 1.39
712 1.39
713 1.39
714 1.42
715 1.39
716 1.40
717 1.39
718 1.40
719 1.39
720 1.39
721 1.39
722 1.39
723 1.39
724 1.39
725 1.39
726 1.39
727 1.39
728 1.39
729 1.39
730 1.39
731 1.39
732 1.41
733 1.39
734 1.39
735 1.39
736 1.40
737 1.39
738 1.41
739 1.40
740 1.39
741 1.40
742 1.39
743 1.39
744 1.37
745 1.39
746 1.39
747 1.39
748 1.39
749 1.39
750 1.37
751 1.39
752 1.38
753 1.39
754 1.39
755 1.39
756 1.37
757 1.39
758 1.39
759 1.39
760 1.38
761 1.39
762 1.35
763 1.38
764 1.38
765 1.38
766 1.39
767 1.38
768 1.37
769 1.39
770 1.39
771 1.39
772 1.39
773 1.39
774 1.39
775 1.38
776 1.38
777 1.39
778 1.39
779 1.39
780 1.43
781 1.38
782 1.39
783 1.40
784 1.40
785 1.39
786 1.43
787 1.43
788 1.42
789 1.42
790 1.42
791 1.42
792 1.42
793 1.41
794 1.40
795 1.42
796 1.42
797 1.41
798 1.43
799 1.41
800 1.41
801 1.41
802 1.41
803 1.41
804 1.40
805 1.41
806 1.42
807 1.41
808 1.42
809 1.41
810 1.41
811 1.42
812 1.41
813 1.41
814 1.41
815 1.41
816 1.41
817 1.41
818 1.41
819 1.41
820 1.41
821 1.41
822 1.41
823 1.41
824 1.42
825 1.42
826 1.41
827 1.41
828 1.42
829 1.41
830 1.41
831 1.42
832 1.42
833 1.42
834 1.39
835 1.42
836 1.41
837 1.42
838 1.41
839 1.41
840 1.43
841 1.43
842 1.42
843 1.42
844 1.42
845 1.42
846 1.41
847 1.41
848 1.42
849 1.42
850 1.41
851 1.42
852 1.40
853 1.41
854 1.41
855 1.41
856 1.41
857 1.42
858 1.41
859 1.41
860 1.42
861 1.42
862 1.42
863 1.42
864 1.41
865 1.42
866 1.42
867 1.42
868 1.42
869 1.42
870 1.41
871 1.42
872 1.42
873 1.42
874 1.41
875 1.41
876 1.42
877 1.42
878 1.41
879 1.42
880 1.42
881 1.41
882 1.34
883 1.40
884 1.40
885 1.41
886 1.41
887 1.40
888 1.43
889 1.41
890 1.42
891 1.41
892 1.42
893 1.42
894 1.42
895 1.42
896 1.41
897 1.41
898 1.41
899 1.41
900 1.43
901 1.41
902 1.41
903 1.42
904 1.42
905 1.42
906 1.40
907 1.42
908 1.41
909 1.41
910 1.41
911 1.42
912 1.41
913 1.41
914 1.42
915 1.42
916 1.41
917 1.42
918 1.42
919 1.42
920 1.42
921 1.42
922 1.42
923 1.42
924 1.40
925 1.42
926 1.42
927 1.42
928 1.42
929 1.42
930 1.42
931 1.42
932 1.42
933 1.41
934 1.42
935 1.42
936 1.43
937 1.42
938 1.42
939 1.42
940 1.42
941 1.42
942 1.42
943 1.41
944 1.41
945 1.41
946 1.42
947 1.41
948 1.40
949 1.40
950 1.41
951 1.42
952 1.41
953 1.42
954 1.41
955 1.41
956 1.42
957 1.42
958 1.42
959 1.42
960 1.41
961 1.40
962 1.41
963 1.42
964 1.41
965 1.42
966 1.40
967 1.43
968 1.42
969 1.41
970 1.42
971 1.42
972 1.39
973 1.41
974 1.40
975 1.41
976 1.42
977 1.41
978 1.39
979 1.43
980 1.42
981 1.42
982 1.42
983 1.42
984 1.44
985 1.42
986 1.42
987 1.41
988 1.42
989 1.41
990 1.44
991 1.41
992 1.41
993 1.42
994 1.42
995 1.41
996 1.45
997 1.43
998 1.42
999 1.42
1000 1.42
1001 1.42
1002 1.43
1003 1.42
1004 1.42
1005 1.41
1006 1.42
1007 1.42
1008 1.41
1009 1.41
1010 1.42
1011 1.41
1012 1.41
1013 1.41
1014 1.44
1015 1.44
1016 1.42
1017 1.41
1018 1.42
1019 1.42
1020 1.41
1021 1.41
1022 1.41
1023 1.41
1024 1.42
1025 1.42
1026 1.44
1027 1.44
1028 1.42
1029 1.42
1030 1.42
1031 1.42
1032 1.41
1033 1.42
1034 1.41
1035 1.41
1036 1.41
1037 1.41
1038 1.41
1039 1.40
1040 1.41
1041 1.41
1042 1.41
1043 1.41
1044 1.43
1045 1.42
1046 1.42
1047 1.43
1048 1.42
1049 1.42
1050 1.41
1051 1.42
1052 1.42
1053 1.42
1054 1.42
1055 1.42
1056 1.43
1057 1.43
1058 1.42
1059 1.42
1060 1.42
1061 1.42
1062 1.43
1063 1.41
1064 1.41
1065 1.42
1066 1.42
1067 1.42
1068 1.43
1069 1.42
1070 1.42
1071 1.42
1072 1.42
1073 1.42
1074 1.43
1075 1.42
1076 1.42
1077 1.42
1078 1.42
1079 1.42
1080 1.41
1081 1.42
1082 1.42
1083 1.41
1084 1.42
1085 1.42
1086 1.42
1087 1.42
1088 1.42
1089 1.42
1090 1.42
1091 1.42
1092 1.41
1093 1.42
1094 1.41
1095 1.42
1096 1.41
1097 1.42
1098 1.42
1099 1.41
1100 1.42
1101 1.42
1102 1.42
1103 1.42
1104 1.45
1105 1.44
1106 1.43
1107 1.43
1108 1.43
1109 1.43
1110 1.17
1111 1.18
1112 1.18
1113 1.18
1114 1.18
1115 1.18
1116 1.18
1117 1.18
1118 1.18
1119 1.17
1120 1.17
1121 1.18
1122 1.05
1123 1.04
1124 1.01
1125 1.00
1126 1.00
1127 1.18
1128 1.17
1129 1.18
1130 1.18
1131 1.17
1132 1.17
1133 1.18
1134 1.18
1135 1.18
1136 1.18
1137 1.18
1138 1.18
1139 1.15
1140 1.17
1141 1.18
1142 1.17
1143 1.17
1144 1.17
1145 1.17
1146 1.18
1147 1.18
1148 1.17
1149 1.18
1150 1.18
1151 1.18
1152 1.18
1153 1.18
1154 1.18
1155 1.18
1156 1.18
1157 1.17
1158 1.17
1159 1.18
1160 1.18
1161 1.18
1162 1.18
1163 1.16
1164 1.17
1165 1.16
1166 1.17
1167 1.16
1168 1.16
1169 1.69
1170 1.58
1171 1.52
1172 1.49
1173 1.46
1174 1.93
1175 1.63
1176 1.54
1177 1.49
1178 1.46
1179 1.43
1180 1.90
1181 1.63
1182 1.54
1183 1.49
1184 1.47
1185 1.45
1186 1.82
1187 1.57
1188 1.50
1189 1.47
1190 1.44
1191 1.43
1192 1.72
1193 1.60
1194 1.54
1195 1.50
1196 1.47
1197 1.82
1198 1.59
1199 1.50
1200 1.47
1201 1.45
1202 1.44
1203 1.89
1204 1.62
1205 1.54
1206 1.49
1207 1.47
1208 1.45
1209 1.87
1210 1.62
1211 1.54
1212 1.50
1213 1.47
1214 1.45
1215 1.84
1216 1.60
1217 1.52
1218 1.48
1219 1.45
1220 1.43
1221 1.35
1222 1.37
1223 1.36
1224 1.36
1225 1.36
1226 1.36
1227 1.92
1228 1.63
1229 1.55
1230 1.50
1231 1.47
1232 1.45
1233 1.93
1234 1.64
1235 1.54
1236 1.49
1237 1.47
1238 1.45
1239 1.35
1240 1.35
1241 1.34
1242 1.35
1243 1.35
1244 1.35
1245 1.96
1246 1.67
1247 1.56
1248 1.51
1249 1.48
1250 1.46
1251 1.85
1252 1.61
1253 1.52
1254 1.48
1255 1.45
1256 1.44
1257 1.67
1258 1.57
1259 1.51
1260 1.48
1261 1.46
1262 1.34
1263 1.35
1264 1.35
1265 1.35
1266 1.36
1267 1.36
1268 1.35
1269 1.36
1270 1.35
1271 1.36
1272 1.37
1273 1.36
1274 1.36
1275 1.35
1276 1.37
1277 1.36
1278 1.36
1279 1.36
1280 1.36
1281 1.35
1282 1.35
1283 1.35
1284 1.36
1285 1.36
1286 1.78
1287 1.65
1288 1.57
1289 1.53
1290 1.50
1291 1.30
1292 1.33
1293 1.34
1294 1.34
1295 1.34
1296 1.34
1297 1.37
1298 1.35
1299 1.37
1300 1.36
1301 1.35
1302 1.36
1303 1.33
1304 1.36
1305 1.34
1306 1.35
1307 1.35
1308 1.36
1309 1.72
1310 1.60
1311 1.54
1312 1.51
1313 1.48
1314 1.96
1315 1.76
1316 1.65
1317 1.60
1318 1.56
1319 1.25
1320 1.26
1321 1.25
1322 1.26
1323 1.24
1324 1.25
1325 1.29
1326 1.26
1327 1.25
1328 1.26
1329 1.26
1330 1.25
1331 1.17
1332 1.23
1333 1.25
1334 1.22
1335 1.23
1336 1.24
1337 1.23
1338 1.23
1339 1.24
1340 1.25
1341 1.25
1342 1.23
1343 1.26
1344 1.23
1345 1.25
1346 1.24
1347 1.24
1348 1.25
1349 1.27
1350 1.27
1351 1.27
1352 1.24
1353 1.25
1354 1.25
1355 1.29
1356 1.25
1357 1.26
1358 1.24
1359 1.24
1360 1.25
1361 1.28
1362 1.22
1363 1.24
1364 1.24
1365 1.24
1366 1.24
1367 1.22
1368 1.22
1369 1.25
1370 1.24
1371 1.25
1372 1.24
1373 1.18
1374 1.26
1375 1.26
1376 1.24
1377 1.23
1378 1.23
1379 1.23
1380 1.23
1381 1.24
1382 1.26
1383 1.24
1384 1.25
1385 1.31
1386 1.22
1387 1.27
1388 1.25
1389 1.25
1390 1.25
1391 1.28
1392 1.27
1393 1.26
1394 1.26
1395 1.26
1396 1.25
1397 1.22
1398 1.24
1399 1.22
1400 1.26
1401 1.24
1402 1.24
1403 1.21
1404 1.26
1405 1.24
1406 1.25
1407 1.25
1408 1.25
1409 1.26
1410 1.25
1411 1.23
1412 1.25
1413 1.25
1414 1.25
1415 1.26
1416 1.23
1417 1.26
1418 1.25
1419 1.24
1420 1.25
1421 1.18
1422 1.24
1423 1.23
1424 1.23
1425 1.23
1426 1.24
1427 1.44
1428 1.43
1429 1.42
1430 1.42
1431 1.42
1432 1.42
1433 1.39
1434 1.41
1435 1.42
1436 1.42
1437 1.42
1438 1.42
1439 1.42
1440 1.41
1441 1.42
1442 1.42
1443 1.41
1444 1.41
1445 1.41
1446 1.41
1447 1.41
1448 1.41
1449 1.41
1450 1.41
1451 1.41
1452 1.42
1453 1.42
1454 1.41
1455 1.41
1456 1.41
1457 1.41
1458 1.40
1459 1.42
1460 1.42
1461 1.42
1462 1.42
1463 1.45
1464 1.42
1465 1.43
1466 1.43
1467 1.42
1468 1.42
1469 1.40
1470 1.40
1471 1.41
1472 1.41
1473 1.41
1474 1.41
1475 1.43
1476 1.43
1477 1.42
1478 1.42
1479 1.42
1480 1.42
1481 1.37
1482 1.42
1483 1.41
1484 1.42
1485 1.41
1486 1.42
1487 1.42
1488 1.41
1489 1.42
1490 1.42
1491 1.42
1492 1.42
1493 1.40
1494 1.41
1495 1.42
1496 1.42
1497 1.42
1498 1.42
1499 1.41
1500 1.41
1501 1.41
1502 1.41
1503 1.41
1504 1.41
1505 1.40
1506 1.43
1507 1.42
1508 1.43
1509 1.42
1510 1.42
1511 1.40
1512 1.41
1513 1.42
1514 1.41
1515 1.41
1516 1.42
1517 1.35
1518 1.41
1519 1.41
1520 1.41
1521 1.42
1522 1.42
1523 1.39
1524 1.41
1525 1.41
1526 1.40
1527 1.41
1528 1.41
1529 1.41
1530 1.41
1531 1.40
1532 1.41
1533 1.40
1534 1.41
1535 1.22
1536 1.24
1537 1.24
1538 1.24
1539 1.24
1540 1.24
1541 1.23
1542 1.23
1543 1.23
1544 1.23
1545 1.24
1546 1.24
1547 1.22
1548 1.24
1549 1.24
1550 1.24
1551 1.24
1552 1.24
1553 1.26
1554 1.24
1555 1.25
1556 1.25
1557 1.25
1558 1.25
1559 1.24
1560 1.24
1561 1.25
1562 1.25
1563 1.25
1564 1.24
1565 1.26
1566 1.24
1567 1.25
1568 1.24
1569 1.25
1570 1.24
1571 1.24
1572 1.25
1573 1.24
1574 1.24
1575 1.25
1576 1.24
1577 1.26
1578 1.25
1579 1.24
1580 1.25
1581 1.24
1582 1.25
1583 1.23
1584 1.24
1585 1.24
1586 1.24
1587 1.24
1588 1.24
1589 1.25
1590 1.24
1591 1.24
1592 1.24
1593 1.24
1594 1.24
1595 1.23
1596 1.24
1597 1.24
1598 1.24
1599 1.24
1600 1.24
1601 1.23
1602 1.25
1603 1.24
1604 1.25
1605 1.24
1606 1.24
1607 1.24
1608 1.25
1609 1.25
1610 1.25
1611 1.24
1612 1.24
1613 1.24
1614 1.25
1615 1.25
1616 1.25
1617 1.24
1618 1.25
1619 1.23
1620 1.24
1621 1.24
1622 1.24
1623 1.23
1624 1.23
1625 1.24
1626 1.24
1627 1.24
1628 1.25
1629 1.24
1630 1.24
1631 1.33
1632 1.26
1633 1.26
1634 1.25
1635 1.25
1636 1.24
1637 1.25
1638 1.25
1639 1.23
1640 1.26
1641 1.23
1642 1.23
1643 1.28
1644 1.21
1645 1.24
1646 1.23
1647 1.23
1648 1.24
1649 1.21
1650 1.23
1651 1.23
1652 1.25
1653 1.23
1654 1.23
1655 1.23
1656 1.22
1657 1.24
1658 1.24
1659 1.24
1660 1.23
1661 1.22
1662 1.25
1663 1.26
1664 1.25
1665 1.24
1666 1.25
1667 1.29
1668 1.22
1669 1.26
1670 1.26
1671 1.25
1672 1.26
1673 1.31
1674 1.22
1675 1.26
1676 1.25
1677 1.26
1678 1.26
1679 1.23
1680 1.24
1681 1.24
1682 1.24
1683 1.24
1684 1.24
1685 1.19
1686 1.22
1687 1.21
1688 1.21
1689 1.22
1690 1.23
1691 1.25
1692 1.26
1693 1.24
1694 1.24
1695 1.24
1696 1.25
1697 1.26
1698 1.26
1699 1.24
1700 1.24
1701 1.24
1702 1.24
1703 1.22
1704 1.21
1705 1.21
1706 1.22
1707 1.22
1708 1.23
1709 1.29
1710 1.25
1711 1.24
1712 1.25
1713 1.25
1714 1.24
1715 1.16
1716 1.23
1717 1.22
1718 1.25
1719 1.24
1720 1.24
1721 1.22
1722 1.25
1723 1.24
1724 1.24
1725 1.25
1726 1.23
1727 1.29
1728 1.25
1729 1.25
1730 1.24
1731 1.24
1732 1.25
1733 1.18
1734 1.17
1735 1.15
1736 1.17
1737 1.16
1738 1.18
1739 1.26
1740 1.25
1741 1.24
1742 1.24
1743 1.24
1744 1.24
1745 1.26
1746 1.24
1747 1.24
1748 1.25
1749 1.25
1750 1.24
1751 1.18
1752 1.25
1753 1.24
1754 1.25
1755 1.24
1756 1.24
1757 1.24
1758 1.24
1759 1.25
1760 1.24
1761 1.25
1762 1.25
1763 1.24
1764 1.25
1765 1.24
1766 1.24
1767 1.24
1768 1.24
1769 1.25
1770 1.24
1771 1.24
1772 1.25
1773 1.25
1774 1.25
1775 1.25
1776 1.24
1777 1.24
1778 1.24
1779 1.24
1780 1.24
1781 1.26
1782 1.26
1783 1.27
1784 1.25
1785 1.25
1786 1.25
1787 1.24
1788 1.26
1789 1.26
1790 1.25
1791 1.25
1792 1.25
1793 1.25
1794 1.25
1795 1.25
1796 1.23
1797 1.25
1798 1.25
1799 1.26
1800 1.25
1801 1.25
1802 1.24
1803 1.24
1804 1.25
1805 1.23
1806 1.25
1807 1.25
1808 1.25
1809 1.25
1810 1.26
1811 1.25
1812 1.24
1813 1.25
1814 1.25
1815 1.25
1816 1.24
1817 1.23
1818 1.26
1819 1.25
1820 1.25
1821 1.24
1822 1.25
1823 1.31
1824 1.26
1825 1.26
1826 1.25
1827 1.24
1828 1.24
1829 1.24
1830 1.24
1831 1.23
1832 1.24
1833 1.24
1834 1.24
1835 1.23
1836 1.24
1837 1.23
1838 1.24
1839 1.24
1840 1.24
1841 1.22
1842 1.22
1843 1.24
1844 1.24
1845 1.24
1846 1.24
1847 1.24
1848 1.25
1849 1.24
1850 1.24
1851 1.24
1852 1.24
1853 1.27
1854 1.26
1855 1.24
1856 1.25
1857 1.25
1858 1.24
1859 1.25
1860 1.24
1861 1.25
1862 1.24
1863 1.24
1864 1.24
1865 1.25
1866 1.24
1867 1.24
1868 1.24
1869 1.24
1870 1.24
1871 1.26
1872 1.25
1873 1.25
1874 1.25
1875 1.24
1876 1.24
1877 1.26
1878 1.25
1879 1.24
1880 1.25
1881 1.24
1882 1.24
1883 1.22
1884 1.24
1885 1.24
1886 1.24
1887 1.24
1888 1.24
1889 1.24
1890 1.24
1891 1.24
1892 1.24
1893 1.24
1894 1.24
1895 1.24
1896 1.25
1897 1.24
1898 1.24
1899 1.24
1900 1.24
1901 1.21
1902 1.23
1903 1.23
1904 1.24
1905 1.24
1906 1.24
1907 1.25
1908 1.24
1909 1.24
1910 1.24
1911 1.24
1912 1.24
1913 1.25
1914 1.24
1915 1.23
1916 1.24
1917 1.24
1918 1.24
1919 1.24
1920 1.25
1921 1.24
1922 1.24
1923 1.24
1924 1.24
1925 1.24
1926 1.25
1927 1.24
1928 1.25
1929 1.24
1930 1.24
1931 1.24
1932 1.25
1933 1.25
1934 1.24
1935 1.24
1936 1.24
1937 1.23
1938 1.25
1939 1.24
1940 1.23
1941 1.24
1942 1.24
1943 1.24
1944 1.24
1945 1.23
1946 1.23
1947 1.23
1948 1.23
1949 1.22
1950 1.24
1951 1.24
1952 1.24
1953 1.24
1954 1.24
1955 1.45
1956 1.43
1957 1.38
1958 1.42
1959 1.42
1960 1.43
1961 1.55
1962 1.56
1963 1.46
1964 1.45
1965 1.42
1966 1.41
1967 1.69
1968 1.41
1969 1.43
1970 1.42
1971 1.41
1972 1.42
1973 1.42
1974 1.42
1975 1.37
1976 1.38
1977 1.39
1978 1.40
1979 1.40
1980 1.40
1981 1.42
1982 1.42
1983 1.41
1984 1.42
1985 1.41
1986 1.41
1987 1.41
1988 1.41
1989 1.41
1990 1.41
1991 1.41
1992 1.41
1993 1.41
1994 1.41
1995 1.42
1996 1.42
1997 1.41
1998 1.41
1999 1.42
