0 1.42
1 1.42
2 1.41
3 1.41
4 1.42
5 1.41
6 1.42
7 1.41
8 1.42
9 1.41
10 1.42
11 1.41
12 1.41
13 1.41
14 1.42
15 1.42
16 1.41
17 1.42
18 1.42
19 1.42
20 1.41
21 1.42
22 1.42
23 1.41
24 1.41
25 1.41
26 1.42
27 1.41
28 1.42
29 1.42
30 1.41
31 1.41
32 1.42
33 1.41
34 1.41
35 1.42
36 1.42
37 1.41
38 1.41
39 1.41
40 1.41
41 1.42
42 1.41
43 1.41
44 1.42
45 1.41
46 1.41
47 1.42
48 1.42
49 1.42
50 1.41
51 1.41
52 1.42
53 1.42
54 1.42
55 1.42
56 1.42
57 1.42
58 1.42
59 1.41
60 1.42
61 1.42
62 1.42
63 1.41
64 1.41
65 1.42
66 1.41
67 1.42
68 1.42
69 1.42
70 1.42
71 1.42
72 1.41
73 1.42
74 1.42
75 1.42
76 1.42
77 1.04
78 1.04
79 1.04
80 1.04
81 1.04
82 1.04
83 1.05
84 1.04
85 1.04
86 1.04
87 1.04
88 1.03
89 1.05
90 1.04
91 1.05
92 1.05
93 1.04
94 1.04
95 1.04
96 1.04
97 1.04
98 1.04
99 1.04
100 1.04
101 1.04
102 1.05
103 1.04
104 1.04
105 1.04
106 1.04
107 1.04
108 1.04
109 1.04
110 1.04
111 1.04
112 1.04
113 1.04
114 1.04
115 1.04
116 1.04
117 1.05
118 1.04
119 1.04
120 1.04
121 1.04
122 1.04
123 1.04
124 1.04
125 1.04
126 1.05
127 1.04
128 1.04
129 1.04
130 1.04
131 1.05
132 1.05
133 1.05
134 1.05
135 1.05
136 1.04
137 1.05
138 1.04
139 1.04
140 1.04
141 1.04
142 1.05
143 1.05
144 1.04
145 1.05
146 1.04
147 1.05
148 1.04
149 1.05
150 1.04
151 1.05
152 1.05
153 1.05
154 1.05
155 1.04
156 1.04
157 1.05
158 1.04
159 1.04
160 1.04
161 1.05
162 1.05
163 1.05
164 1.05
165 1.04
166 1.04
167 1.04
168 1.04
169 1.04
170 1.04
171 1.04
172 1.04
173 1.04
174 1.04
175 1.04
176 1.04
177 1.04
178 1.04
179 1.04
180 1.04
181 1.04
182 1.04
183 1.04
184 1.04
185 1.67
186 1.57
187 1.52
188 1.48
189 1.46
190 1.71
191 1.59
192 1.53
193 1.50
194 1.47
195 1.69
196 1.57
197 1.52
198 1.49
199 1.47
200 1.69
201 1.58
202 1.52
203 1.49
204 1.47
205 1.71
206 1.59
207 1.53
208 1.50
209 1.47
210 1.69
211 1.58
212 1.52
213 1.49
214 1.47
215 1.92
216 1.65
217 1.55
218 1.50
219 1.47
220 1.45
221 1.99
222 1.67
223 1.57
224 1.51
225 1.48
226 1.46
227 1.69
228 1.58
229 1.52
230 1.49
231 1.47
232 1.94
233 1.65
234 1.55
235 1.50
236 1.47
237 1.45
238 1.68
239 1.57
240 1.52
241 1.49
242 1.47
243 1.98
244 1.67
245 1.57
246 1.52
247 1.48
248 1.46
249 1.71
250 1.59
251 1.53
252 1.49
253 1.47
254 1.73
255 1.61
256 1.55
257 1.51
258 1.48
259 1.99
260 1.67
261 1.57
262 1.52
263 1.48
264 1.46
265 1.69
266 1.58
267 1.52
268 1.49
269 1.47
270 1.71
271 1.60
272 1.53
273 1.50
274 1.48
275 1.41
276 1.41
277 1.41
278 1.41
279 1.42
280 1.41
281 1.40
282 1.41
283 1.41
284 1.41
285 1.41
286 1.41
287 1.40
288 1.41
289 1.41
290 1.40
291 1.40
292 1.40
293 1.43
294 1.43
295 1.42
296 1.42
297 1.42
298 1.42
299 1.41
300 1.42
301 1.41
302 1.41
303 1.42
304 1.42
305 1.42
306 1.42
307 1.42
308 1.42
309 1.42
310 1.42
311 1.42
312 1.42
313 1.41
314 1.42
315 1.42
316 1.42
317 1.43
318 1.42
319 1.42
320 1.42
321 1.42
322 1.42
323 1.42
324 1.42
325 1.42
326 1.42
327 1.42
328 1.42
329 1.42
330 1.41
331 1.41
332 1.40
333 1.42
334 1.42
335 1.41
336 1.41
337 1.41
338 1.41
339 1.41
340 1.41
341 1.42
342 1.42
343 1.42
344 1.41
345 1.41
346 1.41
347 1.41
348 1.41
349 1.42
350 1.42
351 1.41
352 1.42
353 1.42
354 1.42
355 1.42
356 1.42
357 1.42
358 1.42
359 1.43
360 1.43
361 1.42
362 1.42
363 1.42
364 1.42
365 1.42
366 1.42
367 1.42
368 1.42
369 1.42
370 1.42
371 1.42
372 1.41
373 1.42
374 1.42
375 1.41
376 1.42
377 1.41
378 1.41
379 1.42
380 1.41
381 1.42
382 1.42
383 1.41
384 1.41
385 1.41
386 1.41
387 1.41
388 1.41
389 1.41
390 1.42
391 1.41
392 1.40
393 1.40
394 1.40
395 1.42
396 1.42
397 1.41
398 1.41
399 1.42
400 1.41
401 1.42
402 1.42
403 1.42
404 1.41
405 1.41
406 1.41
407 1.10
408 1.09
409 1.09
410 1.08
411 1.09
412 1.09
413 1.12
414 1.11
415 1.10
416 1.10
417 1.10
418 1.10
419 1.08
420 1.10
421 1.10
422 1.10
423 1.09
424 1.10
425 1.11
426 1.10
427 1.10
428 1.11
429 1.10
430 1.10
431 1.10
432 1.10
433 1.10
434 1.10
435 1.11
436 1.10
437 1.10
438 1.11
439 1.11
440 1.11
441 1.11
442 1.10
443 1.10
444 1.10
445 1.10
446 1.10
447 1.10
448 1.10
449 1.11
450 1.11
451 1.03
452 1.13
453 1.08
454 1.05
455 1.05
456 1.03
457 1.01
458 1.05
459 1.08
460 1.08
461 1.02
462 1.03
463 1.04
464 1.05
465 1.03
466 1.03
467 1.04
468 1.05
469 1.04
470 1.01
471 1.02
472 1.06
473 1.11
474 1.10
475 1.10
476 1.10
477 1.10
478 1.10
479 1.09
480 1.09
481 1.10
482 1.10
483 1.10
484 1.10
485 1.23
486 1.23
487 1.24
488 1.24
489 1.24
490 1.24
491 1.25
492 1.25
493 1.24
494 1.25
495 1.24
496 1.25
497 1.24
498 1.24
499 1.23
500 1.24
501 1.24
502 1.24
503 1.23
504 1.24
505 1.24
506 1.24
507 1.24
508 1.24
509 1.26
510 1.25
511 1.24
512 1.24
513 1.24
514 1.24
515 1.25
516 1.24
517 1.25
518 1.24
519 1.25
520 1.25
521 1.24
522 1.23
523 1.23
524 1.24
525 1.24
526 1.24
527 1.24
528 1.23
529 1.24
530 1.24
531 1.24
532 1.24
533 1.25
534 1.24
535 1.24
536 1.24
537 1.24
538 1.24
539 1.24
540 1.24
541 1.25
542 1.24
543 1.24
544 1.25
545 1.24
546 1.24
547 1.25
548 1.24
549 1.24
550 1.24
551 1.24
552 1.25
553 1.24
554 1.25
555 1.24
556 1.25
557 1.23
558 1.24
559 1.24
560 1.24
561 1.24
562 1.24
563 1.23
564 1.23
565 1.22
566 1.23
567 1.22
568 1.21
569 1.23
570 1.25
571 1.24
572 1.24
573 1.24
574 1.24
575 1.24
576 1.22
577 1.23
578 1.23
579 1.23
580 1.23
581 1.24
582 1.25
583 1.23
584 1.23
585 1.24
586 1.24
587 1.21
588 1.24
589 1.24
590 1.24
591 1.24
592 1.24
593 1.28
594 1.26
595 1.25
596 1.24
597 1.25
598 1.25
599 1.23
600 1.23
601 1.24
602 1.24
603 1.24
604 1.24
605 1.42
606 1.40
607 1.41
608 1.41
609 1.41
610 1.41
611 1.41
612 1.41
613 1.41
614 1.41
615 1.42
616 1.40
617 1.41
618 1.41
619 1.40
620 1.41
621 1.41
622 1.41
623 1.41
624 1.41
625 1.41
626 1.41
627 1.42
628 1.42
629 1.42
630 1.41
631 1.42
632 1.41
633 1.41
634 1.41
635 1.39
636 1.40
637 1.41
638 1.41
639 1.42
640 1.41
641 1.43
642 1.42
643 1.42
644 1.41
645 1.42
646 1.41
647 1.40
648 1.41
649 1.41
650 1.41
651 1.41
652 1.41
653 1.43
654 1.42
655 1.42
656 1.42
657 1.41
658 1.42
659 1.45
660 1.42
661 1.42
662 1.42
663 1.41
664 1.41
665 1.43
666 1.40
667 1.42
668 1.41
669 1.41
670 1.41
671 1.40
672 1.39
673 1.40
674 1.41
675 1.41
676 1.41
677 1.41
678 1.42
679 1.42
680 1.42
681 1.41
682 1.41
683 1.30
684 1.36
685 1.38
686 1.39
687 1.40
688 1.40
689 1.40
690 1.40
691 1.41
692 1.41
693 1.41
694 1.41
695 1.42
696 1.42
697 1.41
698 1.42
699 1.41
700 1.41
701 1.40
702 1.43
703 1.41
704 1.41
705 1.42
706 1.41
707 1.42
708 1.42
709 1.42
710 1.41
711 1.42
712 1.41
713 1.43
714 1.42
715 1.41
716 1.42
717 1.41
718 1.42
719 1.40
720 1.41
721 1.41
722 1.41
723 1.41
724 1.42
725 1.42
726 1.41
727 1.41
728 1.41
729 1.42
730 1.42
731 1.42
732 1.41
733 1.41
734 1.42
735 1.42
736 1.41
737 1.41
738 1.41
739 1.42
740 1.41
741 1.41
742 1.41
743 1.41
744 1.42
745 1.41
746 1.41
747 1.41
748 1.41
749 1.42
750 1.41
751 1.41
752 1.41
753 1.41
754 1.41
755 1.42
756 1.41
757 1.42
758 1.41
759 1.41
760 1.41
761 1.41
762 1.42
763 1.42
764 1.42
765 1.42
766 1.41
767 1.43
768 1.42
769 1.42
770 1.42
771 1.41
772 1.41
773 1.42
774 1.42
775 1.42
776 1.41
777 1.42
778 1.42
779 1.41
780 1.41
781 1.41
782 1.41
783 1.41
784 1.41
785 1.42
786 1.42
787 1.41
788 1.42
789 1.41
790 1.41
791 1.42
792 1.43
793 1.42
794 1.42
795 1.42
796 1.42
797 1.42
798 1.42
799 1.42
800 1.41
801 1.42
802 1.42
803 1.42
804 1.41
805 1.42
806 1.41
807 1.41
808 1.41
809 1.43
810 1.42
811 1.41
812 1.42
813 1.42
814 1.41
815 1.42
816 1.42
817 1.42
818 1.42
819 1.41
820 1.42
821 1.40
822 1.42
823 1.42
824 1.42
825 1.42
826 1.42
827 1.41
828 1.42
829 1.42
830 1.42
831 1.42
832 1.42
833 1.41
834 1.42
835 1.42
836 1.42
837 1.42
838 1.42
839 1.41
840 1.42
841 1.41
842 1.41
843 1.41
844 1.41
845 1.40
846 1.41
847 1.41
848 1.41
849 1.41
850 1.41
851 1.42
852 1.41
853 1.41
854 1.42
855 1.42
856 1.42
857 1.42
858 1.41
859 1.42
860 1.41
861 1.42
862 1.41
863 1.42
864 1.41
865 1.42
866 1.41
867 1.42
868 1.42
869 1.41
870 1.41
871 1.41
872 1.41
873 1.41
874 1.41
875 1.42
876 1.41
877 1.41
878 1.41
879 1.42
880 1.41
881 1.42
882 1.41
883 1.42
884 1.41
885 1.42
886 1.42
887 1.42
888 1.41
889 1.42
890 1.41
891 1.42
892 1.42
893 1.31
894 1.31
895 1.34
896 1.36
897 1.37
898 1.38
899 1.00
900 1.07
901 1.09
902 1.15
903 1.18
904 1.40
905 1.41
906 1.41
907 1.41
908 1.38
909 1.38
910 1.43
911 1.42
912 1.42
913 1.42
914 1.42
915 1.42
916 1.40
917 1.41
918 1.41
919 1.42
920 1.41
921 1.42
922 1.15
923 1.15
924 1.16
925 1.15
926 1.12
927 1.12
928 1.14
929 1.15
930 1.14
931 1.14
932 1.15
933 1.14
934 1.20
935 1.16
936 1.15
937 1.15
938 1.14
939 1.14
940 1.14
941 1.13
942 1.13
943 1.13
944 1.13
945 1.13
946 1.12
947 1.10
948 1.12
949 1.12
950 1.09
951 1.06
952 1.14
953 1.14
954 1.14
955 1.14
956 1.14
957 1.14
958 1.19
959 1.15
960 1.15
961 1.15
962 1.15
963 1.15
964 1.12
965 1.12
966 1.12
967 1.12
968 1.13
969 1.13
970 1.16
971 1.14
972 1.15
973 1.14
974 1.15
975 1.14
976 1.17
977 1.17
978 1.15
979 1.15
980 1.15
981 1.15
982 1.18
983 1.16
984 1.15
985 1.15
986 1.15
987 1.15
988 1.18
989 1.16
990 1.15
991 1.15
992 1.14
993 1.14
994 1.13
995 1.14
996 1.14
997 1.14
998 1.14
999 1.14
1000 1.17
1001 1.16
1002 1.16
1003 1.16
1004 1.16
1005 1.15
1006 1.11
1007 1.10
1008 1.12
1009 1.12
1010 1.12
1011 1.12
1012 1.11
1013 1.10
1014 1.10
1015 1.10
1016 1.10
1017 1.10
1018 1.10
1019 1.09
1020 1.10
1021 1.10
1022 1.10
1023 1.10
1024 1.14
1025 1.13
1026 1.14
1027 1.14
1028 1.14
1029 1.14
1030 1.23
1031 1.22
1032 1.21
1033 1.21
1034 1.21
1035 1.21
1036 1.40
1037 1.42
1038 1.41
1039 1.41
1040 1.42
1041 1.41
1042 1.45
1043 1.43
1044 1.43
1045 1.42
1046 1.42
1047 1.42
1048 1.19
1049 1.07
1050 1.08
1051 1.09
1052 1.08
1053 1.14
1054 1.43
1055 1.42
1056 1.42
1057 1.42
1058 1.42
1059 1.42
1060 1.42
1061 1.42
1062 1.42
1063 1.42
1064 1.42
1065 1.42
1066 1.42
1067 1.42
1068 1.41
1069 1.42
1070 1.42
1071 1.41
1072 1.42
1073 1.42
1074 1.41
1075 1.41
1076 1.41
1077 1.41
1078 1.46
1079 1.41
1080 1.43
1081 1.43
1082 1.42
1083 1.42
1084 1.41
1085 1.41
1086 1.42
1087 1.42
1088 1.42
1089 1.42
1090 1.42
1091 1.42
1092 1.42
1093 1.42
1094 1.42
1095 1.42
1096 1.40
1097 1.42
1098 1.42
1099 1.42
1100 1.42
1101 1.42
1102 1.44
1103 1.43
1104 1.42
1105 1.42
1106 1.42
1107 1.42
1108 1.41
1109 1.41
1110 1.42
1111 1.42
1112 1.41
1113 1.42
1114 1.45
1115 1.42
1116 1.43
1117 1.42
1118 1.42
1119 1.42
1120 1.45
1121 1.43
1122 1.43
1123 1.43
1124 1.42
1125 1.42
1126 1.12
1127 1.13
1128 1.13
1129 1.13
1130 1.13
1131 1.13
1132 1.13
1133 1.12
1134 1.12
1135 1.12
1136 1.13
1137 1.13
1138 1.16
1139 1.16
1140 1.16
1141 1.15
1142 1.15
1143 1.15
1144 1.18
1145 1.16
1146 1.16
1147 1.15
1148 1.15
1149 1.15
1150 1.13
1151 1.14
1152 1.15
1153 1.14
1154 1.15
1155 1.14
1156 1.16
1157 1.14
1158 1.13
1159 1.13
1160 1.13
1161 1.13
1162 1.18
1163 1.17
1164 1.16
1165 1.14
1166 1.15
1167 1.15
1168 1.19
1169 1.15
1170 1.16
1171 1.15
1172 1.15
1173 1.15
1174 1.13
1175 1.13
1176 1.14
1177 1.14
1178 1.14
1179 1.14
1180 1.12
1181 1.13
1182 1.13
1183 1.14
1184 1.13
1185 1.14
1186 1.17
1187 1.16
1188 1.14
1189 1.14
1190 1.14
1191 1.14
1192 1.13
1193 1.14
1194 1.14
1195 1.14
1196 1.14
1197 1.14
1198 1.47
1199 1.42
1200 1.44
1201 1.45
1202 1.44
1203 1.40
1204 1.66
1205 1.57
1206 1.54
1207 1.49
1208 1.46
1209 1.47
1210 1.14
1211 1.17
1212 1.16
1213 1.18
1214 1.17
1215 1.17
1216 1.20
1217 1.20
1218 1.22
1219 1.21
1220 1.21
1221 1.18
1222 1.29
1223 1.14
1224 1.09
1225 1.10
1226 1.11
1227 1.13
1228 1.80
1229 1.81
1230 1.78
1231 1.78
1232 1.80
1233 1.82
1234 1.98
1235 1.93
1236 1.94
1237 1.98
1238 1.99
1239 1.86
1240 1.79
1241 1.66
1242 1.61
1243 1.60
1244 1.60
1245 1.83
1246 1.71
1247 1.71
1248 1.69
1249 1.66
1250 1.68
1251 1.99
1252 1.98
1253 1.95
1254 1.90
1255 1.42
1256 1.45
1257 1.43
1258 1.44
1259 1.48
1260 1.50
1261 1.47
1262 1.45
1263 1.35
1264 1.30
1265 1.30
1266 1.37
1267 1.86
1268 1.84
1269 1.84
1270 1.87
1271 1.88
1272 1.89
1273 1.90
1274 1.89
1275 1.89
1276 1.86
1277 1.83
1278 1.81
1279 1.95
1280 1.87
1281 1.81
1282 1.74
1283 1.77
1284 1.75
1285 1.75
1286 1.65
1287 1.77
1288 1.78
1289 1.70
1290 1.76
1291 1.85
1292 1.78
1293 1.83
1294 1.79
1295 1.76
1296 1.76
1297 1.89
1298 1.89
1299 1.85
1300 1.81
1301 1.80
1302 1.77
1303 1.92
1304 1.88
1305 1.91
1306 1.88
1307 1.83
1308 1.82
1309 1.93
1310 1.96
1311 1.94
1312 1.92
1313 1.94
1314 1.90
1315 1.91
1316 1.95
1317 1.97
1318 1.95
1319 1.93
1320 1.95
1321 1.93
1322 1.92
1323 1.85
1324 1.85
1325 1.97
1326 1.89
1327 1.87
1328 1.86
1329 1.85
1330 1.90
1331 1.73
1332 1.83
1333 1.78
1334 1.76
1335 1.76
1336 1.91
1337 1.89
1338 1.92
1339 1.89
1340 1.88
1341 1.86
1342 1.88
1343 1.94
1344 1.88
1345 1.85
1346 1.83
1347 1.82
1348 1.70
1349 1.65
1350 1.65
1351 1.62
1352 1.59
1353 1.57
1354 1.77
1355 1.70
1356 1.62
1357 1.63
1358 1.64
1359 1.66
1360 1.93
1361 1.86
1362 1.90
1363 1.87
1364 1.86
1365 1.85
1366 1.76
1367 1.62
1368 1.66
1369 1.64
1370 1.64
1371 1.61
1372 1.45
1373 1.42
1374 1.43
1375 1.42
1376 1.42
1377 1.42
1378 1.44
1379 1.44
1380 1.43
1381 1.43
1382 1.43
1383 1.42
1384 1.41
1385 1.41
1386 1.42
1387 1.42
1388 1.42
1389 1.42
1390 1.43
1391 1.42
1392 1.42
1393 1.42
1394 1.42
1395 1.42
1396 1.39
1397 1.41
1398 1.41
1399 1.41
1400 1.40
1401 1.40
1402 1.41
1403 1.41
1404 1.41
1405 1.41
1406 1.41
1407 1.41
1408 1.42
1409 1.42
1410 1.41
1411 1.40
1412 1.40
1413 1.41
1414 1.42
1415 1.42
1416 1.41
1417 1.41
1418 1.41
1419 1.42
1420 1.46
1421 1.44
1422 1.41
1423 1.43
1424 1.43
1425 1.43
1426 1.45
1427 1.44
1428 1.43
1429 1.43
1430 1.43
1431 1.43
1432 1.43
1433 1.43
1434 1.43
1435 1.42
1436 1.42
1437 1.42
1438 1.43
1439 1.43
1440 1.42
1441 1.42
1442 1.42
1443 1.42
1444 1.42
1445 1.43
1446 1.42
1447 1.42
1448 1.42
1449 1.42
1450 1.41
1451 1.43
1452 1.42
1453 1.42
1454 1.42
1455 1.42
1456 1.40
1457 1.41
1458 1.42
1459 1.42
1460 1.42
1461 1.41
1462 1.42
1463 1.42
1464 1.42
1465 1.42
1466 1.42
1467 1.42
1468 1.44
1469 1.43
1470 1.43
1471 1.42
1472 1.42
1473 1.42
1474 1.41
1475 1.40
1476 1.40
1477 1.40
1478 1.40
1479 1.40
1480 1.40
1481 1.40
1482 1.40
1483 1.40
1484 1.40
1485 1.40
1486 1.41
1487 1.40
1488 1.41
1489 1.40
1490 1.40
1491 1.40
1492 1.30
1493 1.29
1494 1.30
1495 1.32
1496 1.33
1497 1.32
1498 1.03
1499 1.10
1500 1.15
1501 1.16
1502 1.19
1503 1.21
1504 1.39
1505 1.39
1506 1.37
1507 1.38
1508 1.38
1509 1.38
1510 1.39
1511 1.40
1512 1.40
1513 1.40
1514 1.40
1515 1.40
1516 1.41
1517 1.40
1518 1.40
1519 1.40
1520 1.40
1521 1.40
1522 1.40
1523 1.40
1524 1.40
1525 1.40
1526 1.40
1527 1.40
1528 1.40
1529 1.40
1530 1.40
1531 1.40
1532 1.40
1533 1.40
1534 1.41
1535 1.41
1536 1.40
1537 1.40
1538 1.40
1539 1.40
1540 1.40
1541 1.40
1542 1.40
1543 1.40
1544 1.40
1545 1.40
1546 1.40
1547 1.40
1548 1.40
1549 1.40
1550 1.40
1551 1.40
1552 1.40
1553 1.40
1554 1.40
1555 1.40
1556 1.40
1557 1.40
1558 1.41
1559 1.40
1560 1.40
1561 1.40
1562 1.40
1563 1.40
1564 1.39
1565 1.40
1566 1.40
1567 1.40
1568 1.40
1569 1.40
1570 1.41
1571 1.41
1572 1.41
1573 1.41
1574 1.41
1575 1.41
1576 1.39
1577 1.39
1578 1.40
1579 1.40
1580 1.40
1581 1.40
1582 1.41
1583 1.41
1584 1.41
1585 1.41
1586 1.41
1587 1.41
1588 1.40
1589 1.38
1590 1.38
1591 1.38
1592 1.38
1593 1.38
1594 1.38
1595 1.38
1596 1.38
1597 1.37
1598 1.37
1599 1.37
1600 1.37
1601 1.37
1602 1.37
1603 1.37
1604 1.37
1605 1.37
1606 1.38
1607 1.37
1608 1.37
1609 1.37
1610 1.37
1611 1.37
1612 1.40
1613 1.40
1614 1.40
1615 1.40
1616 1.40
1617 1.40
1618 1.42
1619 1.41
1620 1.41
1621 1.41
1622 1.41
1623 1.41
1624 1.40
1625 1.41
1626 1.41
1627 1.41
1628 1.41
1629 1.41
1630 1.39
1631 1.40
1632 1.40
1633 1.39
1634 1.39
1635 1.39
1636 1.40
1637 1.40
1638 1.40
1639 1.39
1640 1.39
1641 1.39
1642 1.42
1643 1.42
1644 1.41
1645 1.41
1646 1.41
1647 1.41
1648 1.41
1649 1.41
1650 1.40
1651 1.40
1652 1.41
1653 1.41
1654 1.41
1655 1.41
1656 1.41
1657 1.41
1658 1.41
1659 1.41
1660 1.41
1661 1.41
1662 1.41
1663 1.41
1664 1.41
1665 1.41
1666 1.39
1667 1.41
1668 1.41
1669 1.41
1670 1.41
1671 1.41
1672 1.41
1673 1.41
1674 1.41
1675 1.41
1676 1.41
1677 1.41
1678 1.39
1679 1.40
1680 1.40
1681 1.40
1682 1.40
1683 1.40
1684 1.41
1685 1.41
1686 1.41
1687 1.41
1688 1.41
1689 1.41
1690 1.41
1691 1.41
1692 1.41
1693 1.41
1694 1.41
1695 1.41
1696 1.41
1697 1.41
1698 1.41
1699 1.41
1700 1.41
1701 1.41
1702 1.42
1703 1.42
1704 1.41
1705 1.41
1706 1.41
1707 1.41
1708 1.41
1709 1.41
1710 1.41
1711 1.41
1712 1.41
1713 1.41
1714 1.41
1715 1.41
1716 1.41
1717 1.40
1718 1.41
1719 1.41
1720 1.41
1721 1.41
1722 1.41
1723 1.41
1724 1.41
1725 1.41
1726 1.41
1727 1.41
1728 1.41
1729 1.41
1730 1.41
1731 1.41
1732 1.42
1733 1.42
1734 1.41
1735 1.42
1736 1.41
1737 1.42
1738 1.43
1739 1.43
1740 1.42
1741 1.42
1742 1.42
1743 1.41
1744 1.42
1745 1.43
1746 1.42
1747 1.43
1748 1.42
1749 1.42
1750 1.39
1751 1.41
1752 1.41
1753 1.41
1754 1.42
1755 1.41
1756 1.43
1757 1.42
1758 1.41
1759 1.42
1760 1.42
1761 1.42
1762 1.41
1763 1.42
1764 1.42
1765 1.42
1766 1.41
1767 1.42
1768 1.41
1769 1.42
1770 1.42
1771 1.42
1772 1.42
1773 1.42
1774 1.43
1775 1.42
1776 1.42
1777 1.42
1778 1.42
1779 1.42
1780 1.41
1781 1.44
1782 1.44
1783 1.43
1784 1.43
1785 1.43
1786 1.39
1787 1.41
1788 1.41
1789 1.41
1790 1.41
1791 1.41
1792 1.42
1793 1.42
1794 1.42
1795 1.42
1796 1.42
1797 1.42
1798 1.41
1799 1.41
1800 1.41
1801 1.41
1802 1.41
1803 1.42
1804 1.46
1805 1.44
1806 1.44
1807 1.43
1808 1.43
1809 1.43
1810 1.41
1811 1.41
1812 1.42
1813 1.41
1814 1.41
1815 1.42
1816 1.42
1817 1.42
1818 1.42
1819 1.42
1820 1.42
1821 1.42
1822 1.42
1823 1.42
1824 1.41
1825 1.42
1826 1.42
1827 1.42
1828 1.41
1829 1.41
1830 1.41
1831 1.41
1832 1.41
1833 1.41
1834 1.42
1835 1.41
1836 1.41
1837 1.41
1838 1.41
1839 1.41
1840 1.07
1841 1.08
1842 1.09
1843 1.08
1844 1.09
1845 1.10
1846 1.42
1847 1.41
1848 1.42
1849 1.42
1850 1.42
1851 1.42
1852 1.42
1853 1.41
1854 1.42
1855 1.41
1856 1.41
1857 1.42
1858 1.42
1859 1.42
1860 1.42
1861 1.42
1862 1.42
1863 1.42
1864 1.41
1865 1.41
1866 1.41
1867 1.41
1868 1.41
1869 1.41
1870 1.41
1871 1.42
1872 1.41
1873 1.41
1874 1.41
1875 1.41
1876 1.42
1877 1.41
1878 1.41
1879 1.41
1880 1.41
1881 1.41
1882 1.40
1883 1.41
1884 1.39
1885 1.39
1886 1.39
1887 1.40
1888 1.40
1889 1.40
1890 1.41
1891 1.41
1892 1.41
1893 1.41
1894 1.41
1895 1.42
1896 1.42
1897 1.42
1898 1.41
1899 1.42
1900 1.42
1901 1.42
1902 1.42
1903 1.41
1904 1.41
1905 1.41
1906 1.42
1907 1.41
1908 1.41
1909 1.41
1910 1.41
1911 1.41
1912 1.41
1913 1.42
1914 1.42
1915 1.41
1916 1.42
1917 1.41
1918 1.41
1919 1.42
1920 1.42
1921 1.42
1922 1.42
1923 1.42
1924 1.42
1925 1.41
1926 1.41
1927 1.41
1928 1.41
1929 1.41
1930 1.41
1931 1.42
1932 1.41
1933 1.42
1934 1.42
1935 1.42
1936 1.42
1937 1.42
1938 1.41
1939 1.41
1940 1.41
1941 1.41
1942 1.41
1943 1.41
1944 1.42
1945 1.42
1946 1.42
1947 1.42
1948 1.41
1949 1.41
1950 1.41
1951 1.42
1952 1.42
1953 1.41
1954 1.42
1955 1.41
1956 1.41
1957 1.41
1958 1.41
1959 1.41
1960 1.41
1961 1.41
1962 1.42
1963 1.42
1964 1.41
1965 1.42
1966 1.41
1967 1.42
1968 1.41
1969 1.42
1970 1.41
1971 1.41
1972 1.42
1973 1.42
1974 1.42
1975 1.42
1976 1.41
1977 1.41
1978 1.41
1979 1.42
1980 1.42
1981 1.42
1982 1.42
1983 1.41
1984 1.42
1985 1.41
1986 1.42
1987 1.41
1988 1.41
1989 1.42
1990 1.42
1991 1.42
1992 1.41
1993 1.41
1994 1.41
1995 1.41
1996 1.42
1997 1.41
1998 1.42
1999 1.42
