0 1.24
1 1.23
2 1.24
3 1.24
4 1.24
5 1.24
6 1.24
7 1.22
8 1.23
9 1.23
10 1.24
11 1.24
12 1.24
13 1.24
14 1.25
15 1.24
16 1.24
17 1.24
18 1.24
19 1.25
20 1.24
21 1.24
22 1.24
23 1.24
24 1.24
25 1.24
26 1.25
27 1.25
28 1.25
29 1.25
30 1.24
31 1.23
32 1.24
33 1.24
34 1.24
35 1.24
36 1.24
37 1.26
38 1.24
39 1.24
40 1.24
41 1.24
42 1.24
43 1.25
44 1.24
45 1.24
46 1.24
47 1.24
48 1.24
49 1.25
50 1.24
51 1.24
52 1.24
53 1.24
54 1.24
55 1.39
56 1.39
57 1.39
58 1.39
59 1.39
60 1.39
61 1.38
62 1.39
63 1.39
64 1.39
65 1.39
66 1.39
67 1.39
68 1.39
69 1.39
70 1.39
71 1.39
72 1.39
73 1.38
74 1.39
75 1.39
76 1.39
77 1.39
78 1.39
79 1.38
80 1.39
81 1.38
82 1.39
83 1.39
84 1.39
85 1.39
86 1.40
87 1.39
88 1.39
89 1.39
90 1.39
91 1.39
92 1.40
93 1.39
94 1.39
95 1.39
96 1.39
97 1.40
98 1.40
99 1.40
100 1.39
101 1.39
102 1.39
103 1.38
104 1.39
105 1.39
106 1.39
107 1.39
108 1.39
109 1.38
110 1.39
111 1.39
112 1.39
113 1.39
114 1.39
115 1.39
116 1.39
117 1.39
118 1.39
119 1.39
120 1.39
121 1.39
122 1.39
123 1.39
124 1.39
125 1.39
126 1.39
127 1.40
128 1.39
129 1.39
130 1.39
131 1.39
132 1.39
133 1.24
134 1.24
135 1.24
136 1.24
137 1.24
138 1.24
139 1.25
140 1.25
141 1.25
142 1.24
143 1.24
144 1.24
145 1.23
146 1.24
147 1.24
148 1.24
149 1.24
150 1.24
151 1.24
152 1.24
153 1.24
154 1.24
155 1.24
156 1.24
157 1.22
158 1.24
159 1.23
160 1.24
161 1.24
162 1.24
163 1.24
164 1.25
165 1.24
166 1.24
167 1.24
168 1.24
169 1.24
170 1.24
171 1.24
172 1.24
173 1.24
174 1.24
175 1.24
176 1.23
177 1.24
178 1.24
179 1.24
180 1.24
181 1.24
182 1.23
183 1.24
184 1.24
185 1.24
186 1.24
187 1.25
188 1.25
189 1.25
190 1.24
191 1.24
192 1.25
193 1.25
194 1.25
195 1.25
196 1.25
197 1.25
198 1.25
199 1.27
200 1.25
201 1.25
202 1.26
203 1.25
204 1.25
205 1.24
206 1.24
207 1.24
208 1.24
209 1.24
210 1.24
211 1.25
212 1.25
213 1.25
214 1.24
215 1.24
216 1.24
217 1.24
218 1.24
219 1.24
220 1.24
221 1.24
222 1.24
223 1.24
224 1.24
225 1.24
226 1.24
227 1.24
228 1.24
229 1.26
230 1.24
231 1.25
232 1.24
233 1.24
234 1.25
235 1.43
236 1.43
237 1.42
238 1.42
239 1.42
240 1.38
241 1.42
242 1.42
243 1.41
244 1.33
245 1.12
246 1.08
247 1.41
248 1.42
249 1.41
250 1.42
251 1.41
252 1.42
253 1.42
254 1.42
255 1.41
256 1.42
257 1.41
258 1.41
259 1.41
260 1.41
261 1.41
262 1.41
263 1.41
264 1.41
265 1.42
266 1.42
267 1.42
268 1.42
269 1.42
270 1.41
271 1.42
272 1.41
273 1.41
274 1.41
275 1.41
276 1.41
277 1.41
278 1.42
279 1.41
280 1.41
281 1.41
282 1.41
283 1.42
284 1.42
285 1.42
286 1.42
287 1.42
288 1.42
289 1.41
290 1.41
291 1.41
292 1.41
293 1.42
294 1.41
295 1.40
296 1.42
297 1.41
298 1.41
299 1.41
300 1.42
301 1.39
302 1.40
303 1.41
304 1.41
305 1.41
306 1.41
307 1.40
308 1.41
309 1.41
310 1.41
311 1.41
312 1.41
313 1.41
314 1.41
315 1.41
316 1.41
317 1.41
318 1.41
319 1.42
320 1.41
321 1.42
322 1.42
323 1.41
324 1.42
325 1.42
326 1.42
327 1.42
328 1.41
329 1.42
330 1.42
331 1.41
332 1.41
333 1.41
334 1.41
335 1.41
336 1.41
337 1.40
338 1.42
339 1.42
340 1.41
341 1.42
342 1.41
343 1.95
344 1.79
345 1.86
346 1.95
347 1.90
348 1.84
349 1.72
350 1.61
351 1.54
352 1.53
353 1.66
354 1.68
355 1.24
356 1.51
357 1.67
358 1.73
359 1.69
360 1.72
361 1.36
362 1.43
363 1.42
364 1.34
365 1.30
366 1.36
367 1.96
368 1.95
369 1.96
370 1.69
371 1.81
372 1.79
373 1.84
374 1.92
375 1.89
376 1.93
377 1.97
378 1.79
379 1.71
380 1.65
381 1.67
382 1.71
383 1.80
384 1.35
385 1.61
386 1.70
387 1.68
388 1.65
389 1.70
390 1.99
391 1.94
392 1.92
393 1.92
394 1.94
395 1.93
396 1.22
397 1.33
398 1.35
399 1.40
400 1.42
401 1.43
402 1.55
403 1.44
404 1.52
405 1.73
406 1.75
407 1.76
408 1.89
409 1.77
410 1.78
411 1.79
412 1.67
413 1.83
414 1.83
415 1.79
416 1.75
417 1.70
418 1.28
419 1.43
420 1.55
421 1.56
422 1.66
423 1.65
424 1.87
425 1.91
426 1.94
427 1.97
428 1.96
429 1.95
430 1.20
431 1.19
432 1.19
433 1.19
434 1.19
435 1.19
436 1.18
437 1.19
438 1.19
439 1.19
440 1.19
441 1.19
442 1.20
443 1.19
444 1.19
445 1.19
446 1.19
447 1.19
448 1.20
449 1.19
450 1.19
451 1.18
452 1.19
453 1.18
454 1.19
455 1.18
456 1.19
457 1.19
458 1.18
459 1.19
460 1.18
461 1.18
462 1.18
463 1.18
464 1.18
465 1.18
466 1.20
467 1.19
468 1.18
469 1.19
470 1.19
471 1.19
472 1.17
473 1.17
474 1.18
475 1.18
476 1.18
477 1.18
478 1.41
479 1.42
480 1.42
481 1.42
482 1.42
483 1.42
484 1.41
485 1.41
486 1.41
487 1.41
488 1.41
489 1.41
490 1.40
491 1.41
492 1.41
493 1.41
494 1.41
495 1.41
496 1.41
497 1.42
498 1.41
499 1.42
500 1.41
501 1.41
502 1.42
503 1.42
504 1.42
505 1.42
506 1.42
507 1.42
508 1.41
509 1.41
510 1.41
511 1.42
512 1.42
513 1.42
514 1.42
515 1.41
516 1.42
517 1.41
518 1.41
519 1.42
520 1.41
521 1.42
522 1.42
523 1.42
524 1.42
525 1.41
526 1.42
527 1.42
528 1.41
529 1.41
530 1.42
531 1.42
532 1.42
533 1.42
534 1.42
535 1.42
536 1.41
537 1.42
538 1.41
539 1.42
540 1.42
541 1.42
542 1.42
543 1.42
544 1.42
545 1.42
546 1.42
547 1.42
548 1.41
549 1.42
550 1.41
551 1.40
552 1.41
553 1.41
554 1.41
555 1.41
556 1.42
557 1.42
558 1.41
559 1.41
560 1.41
561 1.41
562 1.44
563 1.42
564 1.42
565 1.42
566 1.42
567 1.42
568 1.42
569 1.41
570 1.41
571 1.41
572 1.41
573 1.42
574 1.41
575 1.42
576 1.42
577 1.42
578 1.42
579 1.42
580 1.41
581 1.42
582 1.42
583 1.41
584 1.41
585 1.41
586 1.43
587 1.41
588 1.42
589 1.41
590 1.41
591 1.42
592 1.40
593 1.41
594 1.41
595 1.41
596 1.41
597 1.41
598 1.42
599 1.42
600 1.41
601 1.41
602 1.41
603 1.41
604 1.39
605 1.40
606 1.41
607 1.41
608 1.41
609 1.41
610 1.42
611 1.41
612 1.41
613 1.41
614 1.42
615 1.41
616 1.42
617 1.41
618 1.41
619 1.42
620 1.41
621 1.42
622 1.41
623 1.41
624 1.41
625 1.41
626 1.41
627 1.41
628 1.41
629 1.42
630 1.42
631 1.42
632 1.42
633 1.41
634 1.42
635 1.41
636 1.41
637 1.42
638 1.42
639 1.42
640 1.40
641 1.41
642 1.41
643 1.41
644 1.41
645 1.41
646 1.42
647 1.41
648 1.41
649 1.42
650 1.41
651 1.41
652 1.42
653 1.41
654 1.42
655 1.42
656 1.42
657 1.42
658 1.42
659 1.41
660 1.42
661 1.42
662 1.42
663 1.41
664 1.43
665 1.42
666 1.41
667 1.41
668 1.41
669 1.42
670 1.41
671 1.41
672 1.41
673 1.41
674 1.41
675 1.42
676 1.41
677 1.42
678 1.41
679 1.42
680 1.42
681 1.42
682 1.52
683 1.57
684 1.59
685 1.59
686 1.60
687 1.60
688 1.61
689 1.53
690 1.53
691 1.52
692 1.52
693 1.51
694 1.61
695 1.62
696 1.62
697 1.62
698 1.62
699 1.62
700 1.62
701 1.63
702 1.63
703 1.63
704 1.63
705 1.62
706 1.64
707 1.62
708 1.63
709 1.63
710 1.63
711 1.63
712 1.58
713 1.60
714 1.60
715 1.60
716 1.60
717 1.59
718 1.49
719 1.51
720 1.52
721 1.52
722 1.51
723 1.51
724 1.62
725 1.62
726 1.62
727 1.62
728 1.62
729 1.62
730 1.40
731 1.40
732 1.39
733 1.39
734 1.40
735 1.40
736 1.42
737 1.40
738 1.40
739 1.40
740 1.40
741 1.40
742 1.39
743 1.39
744 1.39
745 1.39
746 1.39
747 1.39
748 1.40
749 1.40
750 1.40
751 1.39
752 1.40
753 1.39
754 1.42
755 1.41
756 1.40
757 1.40
758 1.40
759 1.40
760 1.40
761 1.39
762 1.40
763 1.40
764 1.40
765 1.40
766 1.40
767 1.40
768 1.39
769 1.39
770 1.40
771 1.40
772 1.40
773 1.40
774 1.40
775 1.40
776 1.40
777 1.40
778 1.40
779 1.39
780 1.40
781 1.39
782 1.40
783 1.40
784 1.40
785 1.41
786 1.40
787 1.40
788 1.40
789 1.40
790 1.39
791 1.39
792 1.39
793 1.38
794 1.39
795 1.39
796 1.39
797 1.39
798 1.39
799 1.39
800 1.39
801 1.39
802 1.39
803 1.39
804 1.40
805 1.40
806 1.40
807 1.39
808 1.36
809 1.38
810 1.38
811 1.38
812 1.38
813 1.39
814 1.40
815 1.40
816 1.40
817 1.40
818 1.40
819 1.40
820 1.41
821 1.42
822 1.41
823 1.41
824 1.41
825 1.41
826 1.41
827 1.42
828 1.41
829 1.41
830 1.42
831 1.42
832 1.43
833 1.42
834 1.42
835 1.42
836 1.42
837 1.41
838 1.40
839 1.41
840 1.41
841 1.41
842 1.41
843 1.42
844 1.41
845 1.41
846 1.42
847 1.41
848 1.41
849 1.42
850 1.40
851 1.41
852 1.41
853 1.41
854 1.41
855 1.42
856 1.41
857 1.42
858 1.42
859 1.41
860 1.42
861 1.41
862 1.40
863 1.41
864 1.41
865 1.41
866 1.41
867 1.42
868 1.41
869 1.42
870 1.41
871 1.41
872 1.41
873 1.42
874 1.38
875 1.41
876 1.41
877 1.41
878 1.41
879 1.41
880 1.40
881 1.41
882 1.41
883 1.41
884 1.41
885 1.41
886 1.40
887 1.41
888 1.41
889 1.41
890 1.41
891 1.41
892 1.43
893 1.42
894 1.42
895 1.41
896 1.41
897 1.42
898 1.43
899 1.42
900 1.42
901 1.42
902 1.42
903 1.42
904 1.41
905 1.42
906 1.41
907 1.42
908 1.42
909 1.42
910 1.42
911 1.41
912 1.42
913 1.42
914 1.42
915 1.42
916 1.41
917 1.41
918 1.41
919 1.41
920 1.42
921 1.41
922 1.40
923 1.41
924 1.40
925 1.41
926 1.41
927 1.42
928 1.70
929 1.90
930 1.96
931 1.69
932 1.82
933 1.84
934 1.92
935 1.96
936 1.95
937 1.41
938 1.41
939 1.41
940 1.41
941 1.41
942 1.41
943 1.43
944 1.42
945 1.41
946 1.42
947 1.42
948 1.42
949 1.38
950 1.38
951 1.39
952 1.40
953 1.40
954 1.40
955 1.40
956 1.41
957 1.42
958 1.41
959 1.41
960 1.42
961 1.42
962 1.42
963 1.42
964 1.41
965 1.42
966 1.42
967 1.39
968 1.41
969 1.41
970 1.41
971 1.41
972 1.41
973 1.42
974 1.40
975 1.42
976 1.42
977 1.42
978 1.42
979 1.42
980 1.41
981 1.41
982 1.41
983 1.42
984 1.41
985 1.41
986 1.41
987 1.41
988 1.41
989 1.41
990 1.41
991 1.23
992 1.23
993 1.24
994 1.24
995 1.24
996 1.24
997 1.24
998 1.23
999 1.24
1000 1.24
1001 1.24
1002 1.24
1003 1.25
1004 1.24
1005 1.24
1006 1.24
1007 1.24
1008 1.24
1009 1.26
1010 1.24
1011 1.24
1012 1.24
1013 1.24
1014 1.24
1015 1.24
1016 1.24
1017 1.24
1018 1.24
1019 1.24
1020 1.24
1021 1.24
1022 1.24
1023 1.24
1024 1.24
1025 1.24
1026 1.24
1027 1.25
1028 1.24
1029 1.24
1030 1.24
1031 1.24
1032 1.24
1033 1.24
1034 1.24
1035 1.24
1036 1.24
1037 1.24
1038 1.24
1039 1.23
1040 1.24
1041 1.24
1042 1.24
1043 1.24
1044 1.24
1045 1.41
1046 1.42
1047 1.42
1048 1.42
1049 1.42
1050 1.42
1051 1.41
1052 1.42
1053 1.42
1054 1.41
1055 1.41
1056 1.42
1057 1.43
1058 1.42
1059 1.43
1060 1.42
1061 1.42
1062 1.42
1063 1.43
1064 1.42
1065 1.42
1066 1.42
1067 1.42
1068 1.42
1069 1.41
1070 1.42
1071 1.42
1072 1.42
1073 1.42
1074 1.42
1075 1.44
1076 1.42
1077 1.41
1078 1.42
1079 1.42
1080 1.42
1081 1.42
1082 1.42
1083 1.42
1084 1.42
1085 1.42
1086 1.42
1087 1.44
1088 1.41
1089 1.42
1090 1.42
1091 1.42
1092 1.42
1093 1.41
1094 1.41
1095 1.41
1096 1.42
1097 1.42
1098 1.41
1099 1.40
1100 1.41
1101 1.42
1102 1.42
1103 1.42
1104 1.42
1105 1.41
1106 1.42
1107 1.41
1108 1.42
1109 1.42
1110 1.42
1111 1.41
1112 1.42
1113 1.42
1114 1.42
1115 1.42
1116 1.42
1117 1.40
1118 1.41
1119 1.42
1120 1.41
1121 1.42
1122 1.42
1123 1.41
1124 1.40
1125 1.42
1126 1.42
1127 1.42
1128 1.42
1129 1.41
1130 1.41
1131 1.41
1132 1.42
1133 1.42
1134 1.42
1135 1.42
1136 1.43
1137 1.42
1138 1.41
1139 1.42
1140 1.42
1141 1.40
1142 1.41
1143 1.42
1144 1.42
1145 1.42
1146 1.42
1147 1.42
1148 1.41
1149 1.42
1150 1.42
1151 1.42
1152 1.42
1153 1.41
1154 1.41
1155 1.41
1156 1.41
1157 1.41
1158 1.41
1159 1.41
1160 1.42
1161 1.41
1162 1.41
1163 1.41
1164 1.41
1165 1.39
1166 1.40
1167 1.41
1168 1.41
1169 1.40
1170 1.40
1171 1.41
1172 1.41
1173 1.41
1174 1.41
1175 1.41
1176 1.41
1177 1.42
1178 1.41
1179 1.41
1180 1.41
1181 1.41
1182 1.41
1183 1.40
1184 1.40
1185 1.40
1186 1.41
1187 1.41
1188 1.40
1189 1.39
1190 1.40
1191 1.40
1192 1.40
1193 1.40
1194 1.40
1195 1.39
1196 1.40
1197 1.41
1198 1.41
1199 1.40
1200 1.40
1201 1.25
1202 1.24
1203 1.24
1204 1.24
1205 1.24
1206 1.24
1207 1.25
1208 1.24
1209 1.24
1210 1.24
1211 1.24
1212 1.24
1213 1.24
1214 1.24
1215 1.25
1216 1.24
1217 1.24
1218 1.24
1219 1.24
1220 1.24
1221 1.25
1222 1.25
1223 1.24
1224 1.24
1225 1.24
1226 1.23
1227 1.24
1228 1.24
1229 1.24
1230 1.24
1231 1.24
1232 1.25
1233 1.24
1234 1.24
1235 1.24
1236 1.24
1237 1.25
1238 1.24
1239 1.24
1240 1.24
1241 1.24
1242 1.24
1243 1.24
1244 1.25
1245 1.24
1246 1.24
1247 1.24
1248 1.24
1249 1.24
1250 1.24
1251 1.24
1252 1.25
1253 1.24
1254 1.24
1255 1.24
1256 1.24
1257 1.24
1258 1.24
1259 1.24
1260 1.25
1261 1.25
1262 1.25
1263 1.24
1264 1.25
1265 1.25
1266 1.25
1267 1.24
1268 1.24
1269 1.24
1270 1.24
1271 1.24
1272 1.24
1273 1.24
1274 1.24
1275 1.24
1276 1.24
1277 1.24
1278 1.24
1279 1.25
1280 1.24
1281 1.24
1282 1.24
1283 1.24
1284 1.24
1285 1.25
1286 1.24
1287 1.24
1288 1.24
1289 1.24
1290 1.24
1291 1.26
1292 1.25
1293 1.25
1294 1.25
1295 1.24
1296 1.24
1297 1.43
1298 1.42
1299 1.41
1300 1.42
1301 1.41
1302 1.42
1303 1.42
1304 1.41
1305 1.42
1306 1.41
1307 1.42
1308 1.42
1309 1.42
1310 1.42
1311 1.42
1312 1.42
1313 1.42
1314 1.42
1315 1.41
1316 1.41
1317 1.41
1318 1.42
1319 1.41
1320 1.42
1321 1.40
1322 1.41
1323 1.41
1324 1.41
1325 1.41
1326 1.41
1327 1.44
1328 1.42
1329 1.42
1330 1.42
1331 1.42
1332 1.42
1333 1.40
1334 1.42
1335 1.42
1336 1.42
1337 1.42
1338 1.41
1339 1.40
1340 1.41
1341 1.42
1342 1.42
1343 1.41
1344 1.41
1345 1.43
1346 1.42
1347 1.42
1348 1.42
1349 1.41
1350 1.42
1351 1.41
1352 1.41
1353 1.41
1354 1.42
1355 1.41
1356 1.42
1357 1.42
1358 1.42
1359 1.42
1360 1.42
1361 1.42
1362 1.42
1363 1.41
1364 1.41
1365 1.41
1366 1.41
1367 1.41
1368 1.41
1369 1.39
1370 1.41
1371 1.42
1372 1.41
1373 1.42
1374 1.42
1375 1.41
1376 1.42
1377 1.42
1378 1.41
1379 1.42
1380 1.41
1381 1.41
1382 1.41
1383 1.41
1384 1.41
1385 1.41
1386 1.42
1387 1.44
1388 1.42
1389 1.42
1390 1.42
1391 1.42
1392 1.42
1393 1.42
1394 1.42
1395 1.41
1396 1.42
1397 1.42
1398 1.42
1399 1.43
1400 1.42
1401 1.42
1402 1.42
1403 1.41
1404 1.41
1405 1.36
1406 1.42
1407 1.42
1408 1.42
1409 1.41
1410 1.42
1411 1.42
1412 1.42
1413 1.42
1414 1.42
1415 1.42
1416 1.42
1417 1.42
1418 1.42
1419 1.42
1420 1.41
1421 1.42
1422 1.41
1423 1.42
1424 1.42
1425 1.42
1426 1.42
1427 1.42
1428 1.41
1429 1.41
1430 1.42
1431 1.42
1432 1.41
1433 1.42
1434 1.41
1435 1.43
1436 1.41
1437 1.42
1438 1.42
1439 1.42
1440 1.42
1441 1.42
1442 1.42
1443 1.41
1444 1.41
1445 1.41
1446 1.42
1447 1.41
1448 1.42
1449 1.41
1450 1.41
1451 1.42
1452 1.41
1453 1.88
1454 1.43
1455 1.42
1456 1.42
1457 1.42
1458 1.42
1459 1.41
1460 1.41
1461 1.40
1462 1.41
1463 1.41
1464 1.41
1465 1.41
1466 1.43
1467 1.42
1468 1.42
1469 1.42
1470 1.41
1471 1.42
1472 1.42
1473 1.42
1474 1.42
1475 1.42
1476 1.42
1477 1.42
1478 1.42
1479 1.41
1480 1.41
1481 1.41
1482 1.42
1483 1.41
1484 1.42
1485 1.42
1486 1.42
1487 1.42
1488 1.42
1489 1.42
1490 1.41
1491 1.41
1492 1.42
1493 1.42
1494 1.42
1495 1.42
1496 1.41
1497 1.41
1498 1.41
1499 1.41
1500 1.41
1501 1.41
1502 1.41
1503 1.41
1504 1.41
1505 1.42
1506 1.42
1507 1.42
1508 1.41
1509 1.42
1510 1.42
1511 1.42
1512 1.42
1513 1.42
1514 1.40
1515 1.41
1516 1.41
1517 1.42
1518 1.41
1519 1.41
1520 1.40
1521 1.41
1522 1.41
1523 1.41
1524 1.41
1525 1.41
1526 1.41
1527 1.41
1528 1.41
1529 1.42
1530 1.42
1531 1.41
1532 1.41
1533 1.41
1534 1.41
1535 1.41
1536 1.41
1537 1.42
1538 1.43
1539 1.42
1540 1.42
1541 1.42
1542 1.42
1543 1.42
1544 1.42
1545 1.42
1546 1.42
1547 1.42
1548 1.42
1549 1.42
1550 1.42
1551 1.42
1552 1.41
1553 1.41
1554 1.41
1555 1.41
1556 1.42
1557 1.41
1558 1.41
1559 1.41
1560 1.41
1561 1.41
1562 1.41
1563 1.41
1564 1.42
1565 1.42
1566 1.42
1567 1.41
1568 1.42
1569 1.41
1570 1.41
1571 1.42
1572 1.42
1573 1.41
1574 1.42
1575 1.41
1576 1.41
1577 1.41
1578 1.41
1579 1.41
1580 1.40
1581 1.41
1582 1.41
1583 1.41
1584 1.41
1585 1.41
1586 1.41
1587 1.41
1588 1.41
1589 1.41
1590 1.41
1591 1.41
1592 1.40
1593 1.41
1594 1.41
1595 1.41
1596 1.41
1597 1.41
1598 1.42
1599 1.41
1600 1.41
1601 1.41
1602 1.41
1603 1.41
1604 1.41
1605 1.41
1606 1.41
1607 1.41
1608 1.41
1609 1.41
1610 1.40
1611 1.41
1612 1.41
1613 1.41
1614 1.41
1615 1.41
1616 1.42
1617 1.41
1618 1.41
1619 1.41
1620 1.41
1621 1.41
1622 1.41
1623 1.41
1624 1.41
1625 1.41
1626 1.41
1627 1.41
1628 1.42
1629 1.41
1630 1.41
1631 1.41
1632 1.41
1633 1.41
1634 1.41
1635 1.41
1636 1.41
1637 1.41
1638 1.41
1639 1.41
1640 1.40
1641 1.41
1642 1.41
1643 1.41
1644 1.41
1645 1.41
1646 1.44
1647 1.43
1648 1.42
1649 1.42
1650 1.42
1651 1.42
1652 1.41
1653 1.42
1654 1.41
1655 1.41
1656 1.41
1657 1.42
1658 1.41
1659 1.42
1660 1.42
1661 1.41
1662 1.41
1663 1.42
1664 1.42
1665 1.41
1666 1.41
1667 1.41
1668 1.41
1669 1.42
1670 1.41
1671 1.42
1672 1.42
1673 1.41
1674 1.42
1675 1.41
1676 1.42
1677 1.41
1678 1.41
1679 1.41
1680 1.41
1681 1.41
1682 1.41
1683 1.42
1684 1.42
1685 1.42
1686 1.42
1687 1.42
1688 1.40
1689 1.41
1690 1.41
1691 1.41
1692 1.42
1693 1.42
1694 1.42
1695 1.42
1696 1.42
1697 1.42
1698 1.42
1699 1.42
1700 1.41
1701 1.42
1702 1.41
1703 1.41
1704 1.41
1705 1.42
1706 1.41
1707 1.41
1708 1.42
1709 1.41
1710 1.41
1711 1.42
1712 1.40
1713 1.41
1714 1.41
1715 1.41
1716 1.41
1717 1.41
1718 1.42
1719 1.41
1720 1.41
1721 1.41
1722 1.41
1723 1.42
1724 1.39
1725 1.41
1726 1.41
1727 1.41
1728 1.41
1729 1.42
1730 1.42
1731 1.42
1732 1.42
1733 1.41
1734 1.42
1735 1.42
1736 1.42
1737 1.41
1738 1.42
1739 1.41
1740 1.41
1741 1.42
1742 1.41
1743 1.42
1744 1.41
1745 1.41
1746 1.41
1747 1.42
1748 1.43
1749 1.42
1750 1.42
1751 1.42
1752 1.42
1753 1.42
1754 1.41
1755 1.41
1756 1.41
1757 1.42
1758 1.41
1759 1.41
1760 1.40
1761 1.40
1762 1.39
1763 1.40
1764 1.40
1765 1.39
1766 1.41
1767 1.41
1768 1.41
1769 1.41
1770 1.41
1771 1.41
1772 1.42
1773 1.42
1774 1.42
1775 1.41
1776 1.42
1777 1.42
1778 1.41
1779 1.41
1780 1.41
1781 1.41
1782 1.41
1783 1.41
1784 1.41
1785 1.41
1786 1.40
1787 1.40
1788 1.41
1789 1.41
1790 1.41
1791 1.42
1792 1.42
1793 1.42
1794 1.42
1795 1.42
1796 1.42
1797 1.42
1798 1.42
1799 1.42
1800 1.41
1801 1.42
1802 1.43
1803 1.42
1804 1.42
1805 1.42
1806 1.42
1807 1.42
1808 1.42
1809 1.42
1810 1.42
1811 1.42
1812 1.41
1813 1.42
1814 1.42
1815 1.42
1816 1.41
1817 1.42
1818 1.41
1819 1.41
1820 1.41
1821 1.41
1822 1.42
1823 1.41
1824 1.42
1825 1.42
1826 1.42
1827 1.41
1828 1.41
1829 1.42
1830 1.42
1831 1.42
1832 1.41
1833 1.42
1834 1.41
1835 1.42
1836 1.41
1837 1.42
1838 1.42
1839 1.41
1840 1.41
1841 1.41
1842 1.41
1843 1.41
1844 1.40
1845 1.42
1846 1.41
1847 1.41
1848 1.41
1849 1.42
1850 1.41
1851 1.42
1852 1.42
1853 1.42
1854 1.41
1855 1.42
1856 1.43
1857 1.42
1858 1.41
1859 1.42
1860 1.42
1861 1.42
1862 1.42
1863 1.42
1864 1.42
1865 1.41
1866 1.41
1867 1.42
1868 1.41
1869 1.41
1870 1.41
1871 1.42
1872 1.42
1873 1.41
1874 1.43
1875 1.42
1876 1.42
1877 1.42
1878 1.42
1879 1.42
1880 1.41
1881 1.41
1882 1.41
1883 1.41
1884 1.41
1885 1.41
1886 1.42
1887 1.41
1888 1.41
1889 1.34
1890 1.32
1891 1.29
1892 1.42
1893 1.42
1894 1.42
1895 1.41
1896 1.42
1897 1.41
1898 1.42
1899 1.42
1900 1.42
1901 1.41
1902 1.42
1903 1.42
1904 1.41
1905 1.41
1906 1.42
1907 1.42
1908 1.41
1909 1.42
1910 1.42
1911 1.41
1912 1.41
1913 1.41
1914 1.41
1915 1.41
1916 1.41
1917 1.41
1918 1.41
1919 1.41
1920 1.41
1921 1.41
1922 1.40
1923 1.41
1924 1.41
1925 1.41
1926 1.41
1927 1.41
1928 1.41
1929 1.42
1930 1.41
1931 1.41
1932 1.41
1933 1.41
1934 1.41
1935 1.42
1936 1.42
1937 1.42
1938 1.42
1939 1.41
1940 1.41
1941 1.42
1942 1.41
1943 1.41
1944 1.41
1945 1.41
1946 1.41
1947 1.42
1948 1.42
1949 1.41
1950 1.41
1951 1.41
1952 1.38
1953 1.39
1954 1.40
1955 1.39
1956 1.39
1957 1.39
1958 1.40
1959 1.40
1960 1.40
1961 1.39
1962 1.40
1963 1.39
1964 1.39
1965 1.39
1966 1.39
1967 1.39
1968 1.39
1969 1.39
1970 1.38
1971 1.39
1972 1.40
1973 1.39
1974 1.39
1975 1.39
1976 1.39
1977 1.39
1978 1.39
1979 1.39
1980 1.39
1981 1.39
1982 1.40
1983 1.40
1984 1.40
1985 1.39
1986 1.39
1987 1.39
1988 1.39
1989 1.39
1990 1.40
1991 1.40
1992 1.40
1993 1.40
1994 1.38
1995 1.40
1996 1.40
1997 1.39
1998 1.39
1999 1.39
