0 1.41
1 1.41
2 1.41
3 1.38
4 1.38
5 1.39
6 1.38
7 1.42
8 1.42
9 1.41
10 1.41
11 1.41
12 1.41
13 1.42
14 1.42
15 1.42
16 1.42
17 1.41
18 1.42
19 1.41
20 1.42
21 1.41
22 1.41
23 1.41
24 1.41
25 1.41
26 1.41
27 1.41
28 1.42
29 1.41
30 1.41
31 1.41
32 1.41
33 1.41
34 1.41
35 1.41
36 1.41
37 1.42
38 1.42
39 1.42
40 1.41
41 1.41
42 1.42
43 1.41
44 1.42
45 1.41
46 1.42
47 1.42
48 1.42
49 1.43
50 1.42
51 1.41
52 1.42
53 1.42
54 1.42
55 1.42
56 1.41
57 1.41
58 1.41
59 1.41
60 1.41
61 1.42
62 1.41
63 1.41
64 1.41
65 1.41
66 1.42
67 1.42
68 1.41
69 1.42
70 1.42
71 1.42
72 1.41
73 1.41
74 1.42
75 1.42
76 1.42
77 1.41
78 1.41
79 1.42
80 1.41
81 1.41
82 1.41
83 1.41
84 1.41
85 1.39
86 1.41
87 1.41
88 1.41
89 1.41
90 1.41
91 1.40
92 1.41
93 1.41
94 1.42
95 1.41
96 1.41
97 1.42
98 1.41
99 1.41
100 1.41
101 1.41
102 1.41
103 1.42
104 1.42
105 1.42
106 1.41
107 1.41
108 1.41
109 1.41
110 1.41
111 1.41
112 1.41
113 1.41
114 1.41
115 1.41
116 1.41
117 1.41
118 1.41
119 1.41
120 1.41
121 1.41
122 1.41
123 1.41
124 1.41
125 1.41
126 1.41
127 1.42
128 1.42
129 1.42
130 1.42
131 1.41
132 1.42
133 1.42
134 1.41
135 1.42
136 1.42
137 1.41
138 1.41
139 1.41
140 1.42
141 1.42
142 1.41
143 1.41
144 1.41
145 1.41
146 1.41
147 1.41
148 1.41
149 1.41
150 1.41
151 1.42
152 1.41
153 1.41
154 1.41
155 1.41
156 1.41
157 1.42
158 1.41
159 1.42
160 1.41
161 1.41
162 1.41
163 1.41
164 1.41
165 1.41
166 1.41
167 1.41
168 1.41
169 1.42
170 1.41
171 1.41
172 1.41
173 1.41
174 1.41
175 1.41
176 1.41
177 1.41
178 1.41
179 1.41
180 1.41
181 1.42
182 1.41
183 1.41
184 1.41
185 1.41
186 1.41
187 1.40
188 1.41
189 1.41
190 1.41
191 1.41
192 1.41
193 1.42
194 1.42
195 1.42
196 1.41
197 1.41
198 1.41
199 1.40
200 1.41
201 1.41
202 1.41
203 1.41
204 1.41
205 1.42
206 1.41
207 1.41
208 1.41
209 1.41
210 1.41
211 1.42
212 1.42
213 1.42
214 1.41
215 1.41
216 1.42
217 1.41
218 1.42
219 1.41
220 1.41
221 1.42
222 1.42
223 1.41
224 1.41
225 1.42
226 1.42
227 1.42
228 1.41
229 1.42
230 1.42
231 1.41
232 1.41
233 1.41
234 1.41
235 1.42
236 1.42
237 1.41
238 1.41
239 1.41
240 1.41
241 1.42
242 1.42
243 1.42
244 1.42
245 1.42
246 1.42
247 1.41
248 1.41
249 1.41
250 1.41
251 1.41
252 1.41
253 1.41
254 1.41
255 1.41
256 1.41
257 1.42
258 1.41
259 1.42
260 1.42
261 1.41
262 1.41
263 1.41
264 1.41
265 1.41
266 1.41
267 1.41
268 1.41
269 1.41
270 1.40
271 1.41
272 1.41
273 1.41
274 1.41
275 1.41
276 1.41
277 1.42
278 1.42
279 1.42
280 1.41
281 1.42
282 1.41
283 1.41
284 1.41
285 1.41
286 1.41
287 1.41
288 1.41
289 1.43
290 1.42
291 1.42
292 1.42
293 1.41
294 1.42
295 1.41
296 1.41
297 1.41
298 1.40
299 1.40
300 1.40
301 1.42
302 1.40
303 1.41
304 1.41
305 1.41
306 1.41
307 1.35
308 1.36
309 1.27
310 1.30
311 1.32
312 1.34
313 1.41
314 1.42
315 1.42
316 1.42
317 1.42
318 1.42
319 1.41
320 1.40
321 1.42
322 1.42
323 1.41
324 1.42
325 1.46
326 1.43
327 1.43
328 1.43
329 1.42
330 1.43
331 1.42
332 1.41
333 1.41
334 1.42
335 1.42
336 1.42
337 1.42
338 1.41
339 1.41
340 1.42
341 1.42
342 1.42
343 1.43
344 1.41
345 1.41
346 1.41
347 1.42
348 1.42
349 1.42
350 1.42
351 1.41
352 1.42
353 1.41
354 1.42
355 1.41
356 1.41
357 1.42
358 1.41
359 1.42
360 1.42
361 1.39
362 1.42
363 1.42
364 1.42
365 1.42
366 1.42
367 1.42
368 1.42
369 1.42
370 1.42
371 1.42
372 1.42
373 1.41
374 1.41
375 1.42
376 1.42
377 1.42
378 1.42
379 1.45
380 1.43
381 1.42
382 1.43
383 1.42
384 1.42
385 1.41
386 1.39
387 1.42
388 1.42
389 1.41
390 1.42
391 1.41
392 1.41
393 1.41
394 1.42
395 1.42
396 1.42
397 1.41
398 1.41
399 1.42
400 1.42
401 1.42
402 1.42
403 1.41
404 1.40
405 1.42
406 1.42
407 1.42
408 1.42
409 1.39
410 1.40
411 1.41
412 1.42
413 1.42
414 1.42
415 1.40
416 1.39
417 1.41
418 1.42
419 1.42
420 1.42
421 1.43
422 1.42
423 1.42
424 1.42
425 1.42
426 1.41
427 1.42
428 1.41
429 1.41
430 1.41
431 1.41
432 1.41
433 1.41
434 1.41
435 1.41
436 1.41
437 1.41
438 1.41
439 1.41
440 1.41
441 1.41
442 1.40
443 1.41
444 1.41
445 1.40
446 1.40
447 1.40
448 1.40
449 1.40
450 1.40
451 1.41
452 1.41
453 1.41
454 1.41
455 1.41
456 1.41
457 1.43
458 1.42
459 1.41
460 1.42
461 1.42
462 1.42
463 1.42
464 1.42
465 1.42
466 1.41
467 1.41
468 1.41
469 1.41
470 1.41
471 1.41
472 1.42
473 1.41
474 1.41
475 1.42
476 1.42
477 1.42
478 1.41
479 1.42
480 1.42
481 1.42
482 1.42
483 1.41
484 1.41
485 1.41
486 1.41
487 1.41
488 1.41
489 1.41
490 1.41
491 1.41
492 1.41
493 1.42
494 1.41
495 1.41
496 1.41
497 1.41
498 1.41
499 1.41
500 1.42
501 1.41
502 1.41
503 1.41
504 1.41
505 1.41
506 1.42
507 1.42
508 1.41
509 1.42
510 1.41
511 1.42
512 1.41
513 1.41
514 1.41
515 1.41
516 1.41
517 1.41
518 1.41
519 1.41
520 1.41
521 1.41
522 1.41
523 1.41
524 1.41
525 1.41
526 1.41
527 1.41
528 1.41
529 1.42
530 1.42
531 1.41
532 1.41
533 1.41
534 1.41
535 1.39
536 1.41
537 1.42
538 1.42
539 1.42
540 1.42
541 1.43
542 1.43
543 1.41
544 1.42
545 1.42
546 1.42
547 1.41
548 1.42
549 1.42
550 1.41
551 1.42
552 1.41
553 1.43
554 1.41
555 1.41
556 1.42
557 1.42
558 1.42
559 1.42
560 1.42
561 1.42
562 1.42
563 1.42
564 1.42
565 1.43
566 1.42
567 1.41
568 1.42
569 1.42
570 1.42
571 1.43
572 1.43
573 1.42
574 1.42
575 1.41
576 1.42
577 1.45
578 1.44
579 1.43
580 1.43
581 1.43
582 1.42
583 1.42
584 1.43
585 1.42
586 1.42
587 1.42
588 1.42
589 1.43
590 1.42
591 1.42
592 1.42
593 1.41
594 1.41
595 1.41
596 1.42
597 1.41
598 1.41
599 1.42
600 1.41
601 1.40
602 1.42
603 1.41
604 1.41
605 1.41
606 1.42
607 1.41
608 1.42
609 1.41
610 1.40
611 1.41
612 1.42
613 1.42
614 1.41
615 1.42
616 1.42
617 1.41
618 1.42
619 1.44
620 1.42
621 1.42
622 1.41
623 1.42
624 1.42
625 1.41
626 1.41
627 1.41
628 1.41
629 1.42
630 1.42
631 1.42
632 1.42
633 1.42
634 1.42
635 1.42
636 1.42
637 1.41
638 1.42
639 1.42
640 1.42
641 1.41
642 1.42
643 1.42
644 1.42
645 1.42
646 1.41
647 1.41
648 1.42
649 1.41
650 1.41
651 1.41
652 1.41
653 1.41
654 1.42
655 1.41
656 1.41
657 1.41
658 1.41
659 1.41
660 1.42
661 1.41
662 1.42
663 1.42
664 1.41
665 1.41
666 1.42
667 1.42
668 1.42
669 1.42
670 1.42
671 1.41
672 1.41
673 1.41
674 1.41
675 1.41
676 1.41
677 1.41
678 1.42
679 1.42
680 1.42
681 1.42
682 1.42
683 1.42
684 1.42
685 1.42
686 1.41
687 1.42
688 1.41
689 1.41
690 1.41
691 1.41
692 1.42
693 1.42
694 1.42
695 1.41
696 1.42
697 1.43
698 1.42
699 1.42
700 1.42
701 1.41
702 1.42
703 1.43
704 1.42
705 1.42
706 1.42
707 1.42
708 1.42
709 1.41
710 1.42
711 1.41
712 1.41
713 1.41
714 1.42
715 1.41
716 1.41
717 1.41
718 1.41
719 1.41
720 1.41
721 1.41
722 1.42
723 1.41
724 1.41
725 1.41
726 1.42
727 1.42
728 1.42
729 1.42
730 1.42
731 1.42
732 1.42
733 1.42
734 1.42
735 1.41
736 1.41
737 1.41
738 1.41
739 1.42
740 1.42
741 1.41
742 1.42
743 1.42
744 1.42
745 1.42
746 1.41
747 1.41
748 1.41
749 1.41
750 1.41
751 1.41
752 1.42
753 1.42
754 1.42
755 1.41
756 1.41
757 1.40
758 1.34
759 1.36
760 1.38
761 1.36
762 1.37
763 1.35
764 1.38
765 1.34
766 1.36
767 1.36
768 1.35
769 1.43
770 1.42
771 1.42
772 1.42
773 1.42
774 1.42
775 1.42
776 1.42
777 1.41
778 1.42
779 1.41
780 1.42
781 1.42
782 1.41
783 1.42
784 1.42
785 1.42
786 1.41
787 1.42
788 1.42
789 1.41
790 1.41
791 1.42
792 1.42
793 1.41
794 1.42
795 1.42
796 1.41
797 1.41
798 1.42
799 1.41
800 1.42
801 1.41
802 1.41
803 1.41
804 1.42
805 1.41
806 1.42
807 1.42
808 1.41
809 1.41
810 1.41
811 1.41
812 1.41
813 1.41
814 1.41
815 1.42
816 1.41
817 1.41
818 1.41
819 1.42
820 1.42
821 1.41
822 1.41
823 1.44
824 1.43
825 1.43
826 1.42
827 1.42
828 1.42
829 1.42
830 1.42
831 1.42
832 1.42
833 1.42
834 1.42
835 1.40
836 1.41
837 1.42
838 1.42
839 1.41
840 1.41
841 1.44
842 1.42
843 1.42
844 1.42
845 1.42
846 1.42
847 1.42
848 1.41
849 1.42
850 1.41
851 1.41
852 1.42
853 1.41
854 1.41
855 1.42
856 1.42
857 1.42
858 1.41
859 1.41
860 1.40
861 1.42
862 1.42
863 1.42
864 1.42
865 1.42
866 1.42
867 1.42
868 1.42
869 1.42
870 1.42
871 1.44
872 1.43
873 1.42
874 1.42
875 1.42
876 1.41
877 1.44
878 1.42
879 1.42
880 1.42
881 1.42
882 1.42
883 1.44
884 1.43
885 1.42
886 1.42
887 1.42
888 1.42
889 1.42
890 1.41
891 1.42
892 1.42
893 1.42
894 1.41
895 1.43
896 1.41
897 1.42
898 1.42
899 1.41
900 1.42
901 1.45
902 1.42
903 1.42
904 1.43
905 1.42
906 1.42
907 1.43
908 1.42
909 1.42
910 1.42
911 1.41
912 1.41
913 1.41
914 1.41
915 1.41
916 1.42
917 1.42
918 1.41
919 1.43
920 1.42
921 1.42
922 1.42
923 1.42
924 1.42
925 1.40
926 1.42
927 1.42
928 1.41
929 1.42
930 1.42
931 1.40
932 1.39
933 1.41
934 1.42
935 1.41
936 1.41
937 1.41
938 1.42
939 1.42
940 1.42
941 1.42
942 1.42
943 1.43
944 1.42
945 1.42
946 1.41
947 1.41
948 1.41
949 1.41
950 1.41
951 1.42
952 1.42
953 1.42
954 1.42
955 1.40
956 1.41
957 1.41
958 1.41
959 1.41
960 1.41
961 1.41
962 1.41
963 1.41
964 1.42
965 1.41
966 1.42
967 1.41
968 1.41
969 1.42
970 1.41
971 1.38
972 1.39
973 1.40
974 1.27
975 1.25
976 1.30
977 1.33
978 1.34
979 1.43
980 1.43
981 1.42
982 1.43
983 1.42
984 1.42
985 1.42
986 1.41
987 1.41
988 1.41
989 1.41
990 1.41
991 1.41
992 1.42
993 1.41
994 1.42
995 1.42
996 1.41
997 1.38
998 1.36
999 1.36
1000 1.36
1001 1.36
1002 1.36
1003 1.41
1004 1.41
1005 1.39
1006 1.41
1007 1.41
1008 1.41
1009 1.43
1010 1.41
1011 1.42
1012 1.41
1013 1.41
1014 1.41
1015 1.39
1016 1.40
1017 1.40
1018 1.41
1019 1.41
1020 1.41
1021 1.40
1022 1.40
1023 1.40
1024 1.41
1025 1.41
1026 1.41
1027 1.43
1028 1.44
1029 1.43
1030 1.43
1031 1.42
1032 1.42
1033 1.42
1034 1.41
1035 1.40
1036 1.40
1037 1.40
1038 1.39
1039 1.41
1040 1.42
1041 1.42
1042 1.42
1043 1.42
1044 1.42
1045 1.44
1046 1.41
1047 1.42
1048 1.40
1049 1.41
1050 1.41
1051 1.41
1052 1.42
1053 1.42
1054 1.42
1055 1.42
1056 1.42
1057 1.42
1058 1.44
1059 1.42
1060 1.43
1061 1.42
1062 1.42
1063 1.43
1064 1.43
1065 1.42
1066 1.43
1067 1.42
1068 1.43
1069 1.41
1070 1.42
1071 1.42
1072 1.42
1073 1.42
1074 1.42
1075 1.41
1076 1.42
1077 1.41
1078 1.42
1079 1.41
1080 1.42
1081 1.47
1082 1.45
1083 1.44
1084 1.43
1085 1.43
1086 1.43
1087 1.43
1088 1.44
1089 1.42
1090 1.43
1091 1.42
1092 1.42
1093 1.42
1094 1.41
1095 1.41
1096 1.41
1097 1.41
1098 1.41
1099 1.40
1100 1.41
1101 1.41
1102 1.41
1103 1.41
1104 1.41
1105 1.42
1106 1.45
1107 1.44
1108 1.43
1109 1.43
1110 1.42
1111 1.39
1112 1.42
1113 1.42
1114 1.42
1115 1.42
1116 1.42
1117 1.45
1118 1.43
1119 1.43
1120 1.43
1121 1.42
1122 1.42
1123 1.44
1124 1.42
1125 1.43
1126 1.42
1127 1.42
1128 1.42
1129 1.42
1130 1.43
1131 1.43
1132 1.42
1133 1.42
1134 1.43
1135 1.42
1136 1.42
1137 1.41
1138 1.42
1139 1.42
1140 1.42
1141 1.42
1142 1.41
1143 1.42
1144 1.41
1145 1.41
1146 1.41
1147 1.47
1148 1.45
1149 1.43
1150 1.41
1151 1.42
1152 1.41
1153 1.03
1154 1.15
1155 1.11
1156 1.16
1157 1.20
1158 1.42
1159 1.42
1160 1.43
1161 1.42
1162 1.42
1163 1.42
1164 1.42
1165 1.42
1166 1.42
1167 1.42
1168 1.42
1169 1.42
1170 1.44
1171 1.42
1172 1.43
1173 1.42
1174 1.42
1175 1.42
1176 1.42
1177 1.41
1178 1.42
1179 1.42
1180 1.42
1181 1.42
1182 1.41
1183 1.43
1184 1.42
1185 1.42
1186 1.42
1187 1.42
1188 1.42
1189 1.43
1190 1.43
1191 1.42
1192 1.42
1193 1.42
1194 1.42
1195 1.42
1196 1.42
1197 1.42
1198 1.41
1199 1.42
1200 1.41
1201 1.42
1202 1.41
1203 1.41
1204 1.42
1205 1.41
1206 1.42
1207 1.42
1208 1.40
1209 1.42
1210 1.42
1211 1.42
1212 1.39
1213 1.41
1214 1.41
1215 1.41
1216 1.41
1217 1.41
1218 1.43
1219 1.43
1220 1.43
1221 1.43
1222 1.42
1223 1.42
1224 1.39
1225 1.40
1226 1.41
1227 1.41
1228 1.41
1229 1.41
1230 1.44
1231 1.42
1232 1.42
1233 1.42
1234 1.42
1235 1.42
1236 1.42
1237 1.42
1238 1.43
1239 1.42
1240 1.41
1241 1.40
1242 1.44
1243 1.43
1244 1.42
1245 1.42
1246 1.42
1247 1.42
1248 1.40
1249 1.40
1250 1.40
1251 1.40
1252 1.40
1253 1.40
1254 1.40
1255 1.40
1256 1.40
1257 1.40
1258 1.40
1259 1.40
1260 1.40
1261 1.40
1262 1.40
1263 1.40
1264 1.40
1265 1.40
1266 1.40
1267 1.40
1268 1.40
1269 1.40
1270 1.40
1271 1.40
1272 1.42
1273 1.40
1274 1.40
1275 1.40
1276 1.40
1277 1.40
1278 1.41
1279 1.40
1280 1.41
1281 1.41
1282 1.40
1283 1.40
1284 1.41
1285 1.40
1286 1.40
1287 1.40
1288 1.40
1289 1.40
1290 1.40
1291 1.40
1292 1.41
1293 1.40
1294 1.40
1295 1.40
1296 1.40
1297 1.39
1298 1.40
1299 1.40
1300 1.40
1301 1.40
1302 1.40
1303 1.40
1304 1.40
1305 1.40
1306 1.40
1307 1.40
1308 1.40
1309 1.40
1310 1.40
1311 1.40
1312 1.40
1313 1.40
1314 1.39
1315 1.40
1316 1.40
1317 1.40
1318 1.40
1319 1.40
1320 1.39
1321 1.39
1322 1.40
1323 1.40
1324 1.40
1325 1.40
1326 1.42
1327 1.41
1328 1.41
1329 1.42
1330 1.41
1331 1.41
1332 1.41
1333 1.41
1334 1.41
1335 1.41
1336 1.41
1337 1.41
1338 1.42
1339 1.42
1340 1.42
1341 1.42
1342 1.42
1343 1.42
1344 1.40
1345 1.41
1346 1.39
1347 1.40
1348 1.40
1349 1.40
1350 1.41
1351 1.40
1352 1.42
1353 1.42
1354 1.42
1355 1.42
1356 1.41
1357 1.41
1358 1.42
1359 1.42
1360 1.42
1361 1.42
1362 1.39
1363 1.41
1364 1.43
1365 1.42
1366 1.42
1367 1.42
1368 1.41
1369 1.42
1370 1.42
1371 1.43
1372 1.42
1373 1.42
1374 1.42
1375 1.41
1376 1.41
1377 1.42
1378 1.42
1379 1.42
1380 1.42
1381 1.42
1382 1.42
1383 1.42
1384 1.42
1385 1.42
1386 1.42
1387 1.42
1388 1.42
1389 1.42
1390 1.42
1391 1.41
1392 1.39
1393 1.42
1394 1.41
1395 1.42
1396 1.42
1397 1.41
1398 1.41
1399 1.42
1400 1.41
1401 1.42
1402 1.42
1403 1.42
1404 1.43
1405 1.43
1406 1.42
1407 1.43
1408 1.42
1409 1.42
1410 1.41
1411 1.42
1412 1.42
1413 1.42
1414 1.42
1415 1.42
1416 1.46
1417 1.45
1418 1.43
1419 1.43
1420 1.43
1421 1.42
1422 1.43
1423 1.42
1424 1.42
1425 1.42
1426 1.42
1427 1.42
1428 1.42
1429 1.42
1430 1.42
1431 1.42
1432 1.42
1433 1.42
1434 1.41
1435 1.42
1436 1.42
1437 1.42
1438 1.42
1439 1.42
1440 1.42
1441 1.42
1442 1.42
1443 1.42
1444 1.42
1445 1.42
1446 1.42
1447 1.41
1448 1.42
1449 1.42
1450 1.42
1451 1.42
1452 1.43
1453 1.42
1454 1.43
1455 1.42
1456 1.42
1457 1.42
1458 1.41
1459 1.42
1460 1.40
1461 1.42
1462 1.42
1463 1.41
1464 1.43
1465 1.43
1466 1.42
1467 1.42
1468 1.42
1469 1.42
1470 1.46
1471 1.42
1472 1.42
1473 1.42
1474 1.42
1475 1.42
1476 1.43
1477 1.44
1478 1.43
1479 1.41
1480 1.43
1481 1.42
1482 1.41
1483 1.43
1484 1.42
1485 1.42
1486 1.42
1487 1.42
1488 1.43
1489 1.43
1490 1.42
1491 1.43
1492 1.42
1493 1.42
1494 1.43
1495 1.42
1496 1.42
1497 1.42
1498 1.42
1499 1.42
1500 1.47
1501 1.42
1502 1.43
1503 1.43
1504 1.43
1505 1.42
1506 1.44
1507 1.42
1508 1.43
1509 1.42
1510 1.42
1511 1.42
1512 1.45
1513 1.43
1514 1.44
1515 1.43
1516 1.43
1517 1.43
1518 1.41
1519 1.41
1520 1.42
1521 1.42
1522 1.42
1523 1.42
1524 1.42
1525 1.42
1526 1.42
1527 1.43
1528 1.42
1529 1.42
1530 1.42
1531 1.42
1532 1.41
1533 1.42
1534 1.42
1535 1.41
1536 1.40
1537 1.41
1538 1.42
1539 1.41
1540 1.42
1541 1.42
1542 1.40
1543 1.42
1544 1.40
1545 1.39
1546 1.38
1547 1.39
1548 1.41
1549 1.40
1550 1.42
1551 1.42
1552 1.42
1553 1.42
1554 1.41
1555 1.42
1556 1.42
1557 1.42
1558 1.42
1559 1.42
1560 1.43
1561 1.42
1562 1.43
1563 1.41
1564 1.42
1565 1.41
1566 1.43
1567 1.42
1568 1.42
1569 1.42
1570 1.42
1571 1.42
1572 1.42
1573 1.41
1574 1.41
1575 1.41
1576 1.41
1577 1.41
1578 1.42
1579 1.42
1580 1.41
1581 1.42
1582 1.42
1583 1.42
1584 1.41
1585 1.41
1586 1.41
1587 1.41
1588 1.41
1589 1.41
1590 1.42
1591 1.42
1592 1.41
1593 1.41
1594 1.42
1595 1.42
1596 1.41
1597 1.41
1598 1.42
1599 1.41
1600 1.42
1601 1.42
1602 1.42
1603 1.42
1604 1.41
1605 1.42
1606 1.42
1607 1.42
1608 1.41
1609 1.41
1610 1.41
1611 1.41
1612 1.41
1613 1.41
1614 1.43
1615 1.42
1616 1.42
1617 1.42
1618 1.42
1619 1.42
1620 1.42
1621 1.42
1622 1.42
1623 1.42
1624 1.42
1625 1.42
1626 1.42
1627 1.41
1628 1.41
1629 1.42
1630 1.41
1631 1.42
1632 1.41
1633 1.42
1634 1.41
1635 1.41
1636 1.41
1637 1.41
1638 1.43
1639 1.42
1640 1.42
1641 1.42
1642 1.41
1643 1.42
1644 1.41
1645 1.41
1646 1.41
1647 1.41
1648 1.41
1649 1.41
1650 1.40
1651 1.40
1652 1.40
1653 1.40
1654 1.40
1655 1.39
1656 1.42
1657 1.41
1658 1.41
1659 1.41
1660 1.41
1661 1.41
1662 1.41
1663 1.41
1664 1.41
1665 1.41
1666 1.41
1667 1.41
1668 1.42
1669 1.42
1670 1.41
1671 1.41
1672 1.41
1673 1.42
1674 1.40
1675 1.41
1676 1.41
1677 1.41
1678 1.41
1679 1.41
1680 1.40
1681 1.40
1682 1.40
1683 1.41
1684 1.41
1685 1.41
1686 1.40
1687 1.40
1688 1.41
1689 1.41
1690 1.41
1691 1.41
1692 1.41
1693 1.41
1694 1.41
1695 1.41
1696 1.41
1697 1.41
1698 1.42
1699 1.41
1700 1.42
1701 1.41
1702 1.41
1703 1.41
1704 1.41
1705 1.41
1706 1.41
1707 1.42
1708 1.42
1709 1.41
1710 1.41
1711 1.41
1712 1.41
1713 1.41
1714 1.41
1715 1.41
1716 1.41
1717 1.42
1718 1.41
1719 1.41
1720 1.41
1721 1.41
1722 1.43
1723 1.42
1724 1.42
1725 1.42
1726 1.41
1727 1.42
1728 1.41
1729 1.42
1730 1.42
1731 1.42
1732 1.41
1733 1.42
1734 1.41
1735 1.41
1736 1.41
1737 1.41
1738 1.41
1739 1.41
1740 1.42
1741 1.42
1742 1.42
1743 1.42
1744 1.42
1745 1.42
1746 1.42
1747 1.42
1748 1.41
1749 1.41
1750 1.41
1751 1.41
1752 1.40
1753 1.41
1754 1.41
1755 1.41
1756 1.41
1757 1.41
1758 1.43
1759 1.41
1760 1.42
1761 1.42
1762 1.42
1763 1.42
1764 1.41
1765 1.41
1766 1.41
1767 1.41
1768 1.41
1769 1.41
1770 1.41
1771 1.42
1772 1.41
1773 1.42
1774 1.41
1775 1.41
1776 1.35
1777 1.38
1778 1.36
1779 1.35
1780 1.35
1781 1.36
1782 1.75
1783 1.62
1784 1.55
1785 1.51
1786 1.48
1787 1.39
1788 1.37
1789 1.37
1790 1.37
1791 1.37
1792 1.36
1793 1.38
1794 1.35
1795 1.35
1796 1.35
1797 1.36
1798 1.35
1799 1.74
1800 1.61
1801 1.55
1802 1.51
1803 1.48
1804 1.33
1805 1.35
1806 1.34
1807 1.35
1808 1.35
1809 1.35
1810 1.40
1811 1.39
1812 1.37
1813 1.37
1814 1.37
1815 1.37
1816 1.74
1817 1.61
1818 1.55
1819 1.51
1820 1.49
1821 1.38
1822 1.38
1823 1.37
1824 1.37
1825 1.37
1826 1.36
1827 1.39
1828 1.37
1829 1.37
1830 1.36
1831 1.36
1832 1.36
1833 1.74
1834 1.63
1835 1.55
1836 1.52
1837 1.49
1838 1.38
1839 1.35
1840 1.37
1841 1.36
1842 1.36
1843 1.36
1844 1.39
1845 1.36
1846 1.36
1847 1.36
1848 1.36
1849 1.36
1850 1.75
1851 1.60
1852 1.54
1853 1.51
1854 1.49
1855 1.36
1856 1.37
1857 1.36
1858 1.36
1859 1.36
1860 1.36
1861 1.34
1862 1.35
1863 1.35
1864 1.35
1865 1.35
1866 1.36
1867 1.74
1868 1.60
1869 1.54
1870 1.51
1871 1.48
1872 1.33
1873 1.34
1874 1.35
1875 1.34
1876 1.34
1877 1.34
1878 1.99
1879 1.77
1880 1.66
1881 1.61
1882 1.56
1883 1.88
1884 1.70
1885 1.62
1886 1.56
1887 1.53
1888 1.82
1889 1.67
1890 1.59
1891 1.54
1892 1.52
1893 1.83
1894 1.68
1895 1.59
1896 1.54
1897 1.52
1898 1.78
1899 1.64
1900 1.57
1901 1.52
1902 1.50
1903 1.30
1904 1.34
1905 1.34
1906 1.35
1907 1.35
1908 1.35
1909 1.83
1910 1.67
1911 1.60
1912 1.55
1913 1.52
1914 1.78
1915 1.63
1916 1.56
1917 1.52
1918 1.49
1919 1.80
1920 1.66
1921 1.58
1922 1.54
1923 1.51
1924 1.80
1925 1.67
1926 1.59
1927 1.53
1928 1.52
1929 1.77
1930 1.63
1931 1.55
1932 1.52
1933 1.49
1934 1.42
1935 1.38
1936 1.35
1937 1.33
1938 1.34
1939 1.34
1940 1.79
1941 1.65
1942 1.58
1943 1.52
1944 1.50
1945 1.79
1946 1.65
1947 1.58
1948 1.53
1949 1.51
1950 1.84
1951 1.68
1952 1.59
1953 1.54
1954 1.51
1955 1.42
1956 1.42
1957 1.42
1958 1.42
1959 1.42
1960 1.42
1961 1.45
1962 1.45
1963 1.43
1964 1.42
1965 1.43
1966 1.42
1967 1.42
1968 1.42
1969 1.41
1970 1.42
1971 1.42
1972 1.42
1973 1.43
1974 1.43
1975 1.41
1976 1.43
1977 1.42
1978 1.42
1979 1.42
1980 1.41
1981 1.41
1982 1.42
1983 1.42
1984 1.42
1985 1.43
1986 1.42
1987 1.42
1988 1.41
1989 1.42
1990 1.42
1991 1.42
1992 1.42
1993 1.42
1994 1.43
1995 1.42
1996 1.42
1997 1.42
1998 1.42
1999 1.42
