0 1.41
1 1.40
2 1.40
3 1.41
4 1.40
5 1.38
6 1.41
7 1.41
8 1.40
9 1.41
10 1.41
11 1.43
12 1.41
13 1.41
14 1.41
15 1.40
16 1.40
17 1.42
18 1.41
19 1.41
20 1.40
21 1.40
22 1.40
23 1.36
24 1.40
25 1.40
26 1.40
27 1.39
28 1.39
29 1.43
30 1.41
31 1.41
32 1.40
33 1.40
34 1.40
35 1.41
36 1.42
37 1.43
38 1.41
39 1.42
40 1.42
41 1.43
42 1.41
43 1.42
44 1.42
45 1.42
46 1.42
47 1.42
48 1.42
49 1.42
50 1.42
51 1.42
52 1.42
53 1.40
54 1.41
55 1.42
56 1.41
57 1.42
58 1.41
59 1.42
60 1.41
61 1.42
62 1.42
63 1.42
64 1.42
65 1.41
66 1.41
67 1.42
68 1.41
69 1.42
70 1.42
71 1.40
72 1.40
73 1.41
74 1.41
75 1.41
76 1.41
77 1.41
78 1.41
79 1.41
80 1.41
81 1.41
82 1.41
83 1.41
84 1.41
85 1.41
86 1.41
87 1.42
88 1.42
89 1.42
90 1.41
91 1.42
92 1.42
93 1.42
94 1.42
95 1.42
96 1.41
97 1.41
98 1.41
99 1.41
100 1.41
101 1.41
102 1.42
103 1.42
104 1.42
105 1.42
106 1.42
107 1.43
108 1.42
109 1.42
110 1.42
111 1.42
112 1.42
113 1.43
114 1.43
115 1.43
116 1.42
117 1.42
118 1.42
119 1.44
120 1.42
121 1.43
122 1.43
123 1.43
124 1.43
125 1.42
126 1.43
127 1.43
128 1.42
129 1.41
130 1.42
131 1.40
132 1.41
133 1.41
134 1.41
135 1.40
136 1.42
137 1.43
138 1.41
139 1.42
140 1.42
141 1.42
142 1.42
143 1.40
144 1.41
145 1.41
146 1.41
147 1.41
148 1.41
149 1.42
150 1.43
151 1.42
152 1.42
153 1.42
154 1.42
155 1.41
156 1.41
157 1.41
158 1.42
159 1.41
160 1.42
161 1.39
162 1.41
163 1.41
164 1.42
165 1.42
166 1.42
167 1.46
168 1.43
169 1.43
170 1.42
171 1.42
172 1.41
173 1.38
174 1.41
175 1.41
176 1.41
177 1.41
178 1.42
179 1.41
180 1.42
181 1.42
182 1.42
183 1.42
184 1.42
185 1.39
186 1.41
187 1.42
188 1.42
189 1.42
190 1.41
191 1.42
192 1.42
193 1.42
194 1.42
195 1.42
196 1.42
197 1.42
198 1.44
199 1.42
200 1.42
201 1.42
202 1.42
203 1.46
204 1.43
205 1.43
206 1.43
207 1.42
208 1.43
209 1.40
210 1.42
211 1.42
212 1.43
213 1.42
214 1.42
215 1.44
216 1.42
217 1.42
218 1.42
219 1.42
220 1.42
221 1.41
222 1.41
223 1.40
224 1.41
225 1.42
226 1.41
227 1.45
228 1.44
229 1.43
230 1.42
231 1.43
232 1.43
233 1.43
234 1.42
235 1.41
236 1.42
237 1.42
238 1.42
239 1.37
240 1.36
241 1.36
242 1.37
243 1.37
244 1.37
245 1.77
246 1.63
247 1.56
248 1.53
249 1.50
250 1.74
251 1.61
252 1.55
253 1.52
254 1.49
255 1.78
256 1.65
257 1.58
258 1.53
259 1.50
260 1.76
261 1.64
262 1.57
263 1.52
264 1.50
265 1.74
266 1.61
267 1.55
268 1.51
269 1.49
270 1.78
271 1.64
272 1.58
273 1.53
274 1.50
275 1.75
276 1.61
277 1.55
278 1.52
279 1.49
280 1.75
281 1.62
282 1.55
283 1.52
284 1.49
285 1.31
286 1.34
287 1.34
288 1.35
289 1.35
290 1.36
291 1.72
292 1.60
293 1.54
294 1.50
295 1.48
296 1.75
297 1.62
298 1.56
299 1.52
300 1.49
301 1.35
302 1.36
303 1.35
304 1.36
305 1.36
306 1.36
307 1.75
308 1.62
309 1.56
310 1.52
311 1.49
312 1.38
313 1.38
314 1.37
315 1.37
316 1.35
317 1.36
318 1.34
319 1.35
320 1.35
321 1.35
322 1.35
323 1.36
324 1.47
325 1.94
326 1.80
327 1.74
328 1.75
329 1.61
330 1.55
331 1.51
332 1.49
333 1.43
334 1.41
335 1.41
336 1.41
337 1.41
338 1.41
339 1.45
340 1.43
341 1.41
342 1.41
343 1.41
344 1.41
345 1.44
346 1.41
347 1.41
348 1.42
349 1.41
350 1.41
351 1.43
352 1.41
353 1.42
354 1.41
355 1.41
356 1.41
357 1.42
358 1.41
359 1.41
360 1.41
361 1.41
362 1.40
363 1.44
364 1.42
365 1.41
366 1.41
367 1.41
368 1.40
369 1.47
370 1.45
371 1.42
372 1.41
373 1.41
374 1.41
375 1.46
376 1.42
377 1.44
378 1.42
379 1.41
380 1.41
381 1.46
382 1.43
383 1.41
384 1.41
385 1.42
386 1.42
387 1.37
388 1.43
389 1.41
390 1.42
391 1.42
392 1.41
393 1.46
394 1.42
395 1.42
396 1.42
397 1.41
398 1.41
399 1.45
400 1.42
401 1.42
402 1.41
403 1.41
404 1.41
405 1.26
406 1.25
407 1.25
408 1.25
409 1.25
410 1.25
411 1.23
412 1.24
413 1.24
414 1.24
415 1.24
416 1.24
417 1.25
418 1.25
419 1.24
420 1.25
421 1.25
422 1.25
423 1.25
424 1.25
425 1.25
426 1.24
427 1.24
428 1.25
429 1.25
430 1.24
431 1.24
432 1.25
433 1.25
434 1.24
435 1.26
436 1.25
437 1.26
438 1.26
439 1.25
440 1.25
441 1.25
442 1.25
443 1.24
444 1.24
445 1.24
446 1.25
447 1.25
448 1.26
449 1.26
450 1.25
451 1.24
452 1.25
453 1.24
454 1.25
455 1.25
456 1.25
457 1.25
458 1.25
459 1.20
460 1.25
461 1.25
462 1.25
463 1.25
464 1.24
465 1.22
466 1.25
467 1.24
468 1.25
469 1.24
470 1.24
471 1.25
472 1.25
473 1.25
474 1.24
475 1.25
476 1.25
477 1.25
478 1.23
479 1.19
480 1.21
481 1.20
482 1.20
483 1.20
484 1.19
485 1.18
486 1.18
487 1.19
488 1.19
489 1.18
490 1.18
491 1.19
492 1.18
493 1.19
494 1.18
495 1.18
496 1.19
497 1.19
498 1.18
499 1.19
500 1.18
501 1.21
502 1.19
503 1.20
504 1.19
505 1.19
506 1.19
507 1.06
508 1.14
509 1.11
510 1.08
511 1.09
512 1.12
513 1.04
514 1.09
515 1.07
516 1.07
517 1.12
518 1.13
519 1.12
520 1.16
521 1.14
522 1.15
523 1.20
524 1.18
525 1.39
526 1.39
527 1.39
528 1.39
529 1.39
530 1.39
531 1.39
532 1.39
533 1.39
534 1.39
535 1.39
536 1.39
537 1.39
538 1.39
539 1.39
540 1.39
541 1.39
542 1.39
543 1.39
544 1.39
545 1.39
546 1.39
547 1.39
548 1.39
549 1.40
550 1.39
551 1.39
552 1.39
553 1.39
554 1.39
555 1.38
556 1.39
557 1.39
558 1.39
559 1.39
560 1.39
561 1.40
562 1.39
563 1.39
564 1.39
565 1.39
566 1.39
567 1.39
568 1.39
569 1.39
570 1.39
571 1.39
572 1.39
573 1.06
574 1.06
575 1.06
576 1.06
577 1.10
578 1.09
579 1.39
580 1.38
581 1.39
582 1.39
583 1.39
584 1.39
585 1.39
586 1.39
587 1.39
588 1.39
589 1.39
590 1.39
591 1.39
592 1.39
593 1.39
594 1.39
595 1.39
596 1.39
597 1.37
598 1.39
599 1.39
600 1.39
601 1.39
602 1.39
603 1.39
604 1.39
605 1.39
606 1.39
607 1.39
608 1.39
609 1.39
610 1.39
611 1.39
612 1.39
613 1.39
614 1.39
615 1.40
616 1.41
617 1.41
618 1.41
619 1.41
620 1.41
621 1.41
622 1.42
623 1.41
624 1.41
625 1.41
626 1.41
627 1.41
628 1.42
629 1.41
630 1.41
631 1.41
632 1.41
633 1.42
634 1.42
635 1.42
636 1.41
637 1.41
638 1.41
639 1.40
640 1.41
641 1.41
642 1.41
643 1.41
644 1.41
645 1.40
646 1.41
647 1.41
648 1.41
649 1.41
650 1.41
651 1.41
652 1.42
653 1.41
654 1.41
655 1.41
656 1.41
657 1.41
658 1.41
659 1.41
660 1.41
661 1.41
662 1.41
663 1.42
664 1.41
665 1.41
666 1.41
667 1.41
668 1.41
669 1.41
670 1.41
671 1.41
672 1.41
673 1.41
674 1.41
675 1.41
676 1.42
677 1.41
678 1.41
679 1.41
680 1.41
681 1.42
682 1.41
683 1.41
684 1.41
685 1.41
686 1.41
687 1.41
688 1.41
689 1.41
690 1.41
691 1.41
692 1.41
693 1.42
694 1.42
695 1.41
696 1.42
697 1.41
698 1.41
699 1.41
700 1.42
701 1.41
702 1.41
703 1.41
704 1.41
705 1.42
706 1.42
707 1.42
708 1.42
709 1.41
710 1.41
711 1.41
712 1.41
713 1.41
714 1.41
715 1.41
716 1.41
717 1.41
718 1.41
719 1.41
720 1.41
721 1.41
722 1.41
723 1.88
724 1.75
725 1.67
726 1.62
727 1.88
728 1.75
729 1.68
730 1.62
731 1.90
732 1.76
733 1.68
734 1.63
735 1.91
736 1.77
737 1.69
738 1.63
739 1.86
740 1.74
741 1.66
742 1.62
743 1.87
744 1.74
745 1.67
746 1.61
747 1.86
748 1.74
749 1.67
750 1.62
751 1.88
752 1.75
753 1.67
754 1.62
755 1.85
756 1.73
757 1.66
758 1.60
759 1.86
760 1.73
761 1.65
762 1.61
763 1.83
764 1.71
765 1.64
766 1.60
767 1.86
768 1.73
769 1.66
770 1.61
771 1.86
772 1.74
773 1.67
774 1.61
775 1.87
776 1.74
777 1.66
778 1.61
779 1.86
780 1.73
781 1.66
782 1.61
783 1.06
784 1.04
785 1.04
786 1.04
787 1.04
788 1.03
789 1.03
790 1.03
791 1.00
792 1.04
793 1.03
794 1.03
795 1.03
796 1.03
797 1.03
798 1.04
799 1.04
800 1.04
801 1.04
802 1.04
803 1.06
804 1.04
805 1.04
806 1.00
807 1.04
808 1.04
809 1.03
810 1.03
811 1.02
812 1.02
813 1.04
814 1.03
815 1.01
816 1.02
817 1.02
818 1.02
819 1.02
820 1.05
821 1.03
822 1.03
823 1.03
824 1.03
825 1.03
826 1.07
827 1.02
828 1.05
829 1.03
830 1.04
831 1.03
832 1.03
833 1.03
834 1.01
835 1.02
836 1.02
837 1.02
838 1.03
839 1.02
840 1.03
841 1.03
842 1.02
843 1.02
844 1.03
845 1.02
846 1.04
847 1.03
848 1.03
849 1.02
850 1.02
851 1.03
852 1.03
853 1.03
854 1.02
855 1.03
856 1.03
857 1.06
858 1.03
859 1.03
860 1.03
861 1.01
862 1.02
863 1.06
864 1.04
865 1.04
866 1.03
867 1.04
868 1.04
869 1.04
870 1.04
871 1.04
872 1.04
873 1.03
874 1.03
875 1.06
876 1.05
877 1.04
878 1.04
879 1.03
880 1.03
881 1.01
882 1.03
883 1.03
884 1.03
885 1.03
886 1.03
887 1.03
888 1.01
889 1.02
890 1.02
891 1.03
892 1.03
893 1.02
894 1.02
895 1.02
896 1.03
897 1.03
898 1.03
899 1.04
900 1.03
901 1.03
902 1.03
903 1.02
904 1.03
905 1.02
906 1.03
907 1.03
908 1.02
909 1.02
910 1.02
911 1.08
912 1.05
913 1.04
914 1.03
915 1.04
916 1.03
917 1.02
918 1.02
919 1.03
920 1.04
921 1.03
922 1.03
923 1.05
924 1.03
925 1.02
926 1.03
927 1.03
928 1.02
929 1.23
930 1.24
931 1.24
932 1.24
933 1.24
934 1.24
935 1.24
936 1.24
937 1.24
938 1.24
939 1.24
940 1.23
941 1.24
942 1.24
943 1.25
944 1.24
945 1.24
946 1.24
947 1.26
948 1.24
949 1.24
950 1.25
951 1.24
952 1.24
953 1.23
954 1.23
955 1.24
956 1.24
957 1.24
958 1.24
959 1.23
960 1.24
961 1.24
962 1.24
963 1.24
964 1.24
965 1.24
966 1.24
967 1.25
968 1.24
969 1.25
970 1.24
971 1.25
972 1.25
973 1.24
974 1.24
975 1.25
976 1.24
977 1.25
978 1.23
979 1.25
980 1.24
981 1.24
982 1.24
983 1.26
984 1.24
985 1.25
986 1.25
987 1.24
988 1.25
989 1.25
990 1.23
991 1.25
992 1.24
993 1.24
994 1.24
995 1.24
996 1.25
997 1.24
998 1.24
999 1.24
1000 1.25
1001 1.25
1002 1.24
1003 1.24
1004 1.24
1005 1.24
1006 1.24
1007 1.81
1008 1.98
1009 1.82
1010 1.72
1011 1.67
1012 1.88
1013 1.79
1014 1.73
1015 1.95
1016 1.72
1017 1.53
1018 1.52
1019 1.53
1020 1.09
1021 1.21
1022 1.16
1023 1.98
1024 1.83
1025 1.74
1026 1.67
1027 1.87
1028 1.71
1029 1.61
1030 1.56
1031 1.53
1032 1.83
1033 1.74
1034 1.69
1035 1.99
1036 1.62
1037 1.63
1038 1.57
1039 1.56
1040 1.58
1041 1.72
1042 1.86
1043 1.94
1044 1.92
1045 1.81
1046 1.74
1047 1.78
1048 1.86
1049 1.86
1050 1.77
1051 1.70
1052 1.68
1053 1.77
1054 1.79
1055 1.68
1056 1.69
1057 1.66
1058 1.80
1059 1.69
1060 1.61
1061 1.58
1062 1.90
1063 1.75
1064 1.64
1065 1.62
1066 1.90
1067 1.66
1068 1.55
1069 1.51
1070 1.48
1071 1.45
1072 1.77
1073 1.67
1074 1.62
1075 1.57
1076 1.97
1077 1.82
1078 1.73
1079 1.67
1080 1.65
1081 1.49
1082 1.45
1083 1.43
1084 1.42
1085 1.41
1086 1.87
1087 1.70
1088 1.76
1089 1.78
1090 1.78
1091 1.78
1092 1.52
1093 1.64
1094 1.75
1095 1.69
1096 1.65
1097 1.81
1098 1.63
1099 1.61
1100 1.62
1101 1.65
1102 1.46
1103 1.29
1104 1.22
1105 1.18
1106 1.22
1107 1.25
1108 1.48
1109 1.60
1110 1.63
1111 1.51
1112 1.46
1113 1.42
1114 1.64
1115 1.66
1116 1.67
1117 1.66
1118 1.64
1119 1.60
1120 1.55
1121 1.59
1122 1.58
1123 1.52
1124 1.53
1125 1.53
1126 1.51
1127 1.53
1128 1.47
1129 1.50
1130 1.49
1131 1.52
1132 1.42
1133 1.42
1134 1.42
1135 1.42
1136 1.41
1137 1.42
1138 1.40
1139 1.41
1140 1.40
1141 1.41
1142 1.40
1143 1.41
1144 1.37
1145 1.40
1146 1.40
1147 1.41
1148 1.41
1149 1.41
1150 1.45
1151 1.43
1152 1.43
1153 1.42
1154 1.42
1155 1.42
1156 1.43
1157 1.43
1158 1.41
1159 1.41
1160 1.42
1161 1.41
1162 1.40
1163 1.41
1164 1.41
1165 1.41
1166 1.42
1167 1.41
1168 1.44
1169 1.44
1170 1.42
1171 1.43
1172 1.42
1173 1.43
1174 1.41
1175 1.41
1176 1.41
1177 1.41
1178 1.42
1179 1.41
1180 1.41
1181 1.41
1182 1.41
1183 1.41
1184 1.41
1185 1.42
1186 1.46
1187 1.43
1188 1.42
1189 1.42
1190 1.42
1191 1.42
1192 1.40
1193 1.41
1194 1.41
1195 1.41
1196 1.41
1197 1.41
1198 1.37
1199 1.41
1200 1.41
1201 1.41
1202 1.41
1203 1.42
1204 1.42
1205 1.42
1206 1.42
1207 1.41
1208 1.40
1209 1.41
1210 1.39
1211 1.43
1212 1.43
1213 1.43
1214 1.43
1215 1.43
1216 1.43
1217 1.41
1218 1.41
1219 1.42
1220 1.41
1221 1.41
1222 1.43
1223 1.44
1224 1.41
1225 1.42
1226 1.42
1227 1.42
1228 1.39
1229 1.41
1230 1.41
1231 1.41
1232 1.41
1233 1.41
1234 1.41
1235 1.38
1236 1.36
1237 1.36
1238 1.36
1239 1.36
1240 1.83
1241 1.71
1242 1.64
1243 1.59
1244 1.27
1245 1.27
1246 1.29
1247 1.42
1248 1.50
1249 1.54
1250 1.85
1251 1.73
1252 1.66
1253 1.61
1254 1.86
1255 1.74
1256 1.66
1257 1.61
1258 1.99
1259 1.78
1260 1.68
1261 1.60
1262 1.57
1263 1.78
1264 1.69
1265 1.62
1266 1.57
1267 1.78
1268 1.69
1269 1.62
1270 1.58
1271 1.39
1272 1.37
1273 1.37
1274 1.36
1275 1.35
1276 1.36
1277 1.35
1278 1.33
1279 1.35
1280 1.35
1281 1.34
1282 1.34
1283 1.95
1284 1.75
1285 1.65
1286 1.60
1287 1.55
1288 1.99
1289 1.67
1290 1.65
1291 1.60
1292 1.56
1293 1.79
1294 1.68
1295 1.62
1296 1.57
1297 1.99
1298 1.77
1299 1.67
1300 1.61
1301 1.57
1302 1.29
1303 1.35
1304 1.36
1305 1.36
1306 1.35
1307 1.36
1308 1.79
1309 1.69
1310 1.62
1311 1.57
1312 1.79
1313 1.68
1314 1.62
1315 1.58
1316 1.82
1317 1.71
1318 1.63
1319 1.59
1320 1.25
1321 1.24
1322 1.24
1323 1.24
1324 1.24
1325 1.24
1326 1.24
1327 1.24
1328 1.24
1329 1.24
1330 1.24
1331 1.24
1332 1.25
1333 1.24
1334 1.23
1335 1.21
1336 1.21
1337 1.22
1338 1.24
1339 1.24
1340 1.24
1341 1.24
1342 1.24
1343 1.24
1344 1.23
1345 1.21
1346 1.21
1347 1.22
1348 1.23
1349 1.23
1350 1.23
1351 1.24
1352 1.25
1353 1.24
1354 1.24
1355 1.24
1356 1.24
1357 1.24
1358 1.24
1359 1.24
1360 1.24
1361 1.24
1362 1.24
1363 1.24
1364 1.25
1365 1.24
1366 1.24
1367 1.24
1368 1.24
1369 1.25
1370 1.24
1371 1.24
1372 1.24
1373 1.24
1374 1.18
1375 1.22
1376 1.22
1377 1.22
1378 1.22
1379 1.23
1380 1.23
1381 1.22
1382 1.22
1383 1.22
1384 1.22
1385 1.22
1386 1.24
1387 1.24
1388 1.23
1389 1.22
1390 1.22
1391 1.22
1392 1.20
1393 1.22
1394 1.22
1395 1.23
1396 1.23
1397 1.23
1398 1.24
1399 1.23
1400 1.23
1401 1.24
1402 1.24
1403 1.24
1404 1.22
1405 1.23
1406 1.23
1407 1.23
1408 1.23
1409 1.23
1410 1.24
1411 1.23
1412 1.23
1413 1.24
1414 1.24
1415 1.24
1416 1.25
1417 1.25
1418 1.24
1419 1.24
1420 1.24
1421 1.24
1422 1.26
1423 1.23
1424 1.24
1425 1.24
1426 1.24
1427 1.24
1428 1.02
1429 1.31
1430 1.10
1431 1.86
1432 1.86
1433 1.85
1434 1.85
1435 1.85
1436 1.85
1437 1.91
1438 1.88
1439 1.89
1440 1.89
1441 1.88
1442 1.88
1443 1.90
1444 1.88
1445 1.89
1446 1.89
1447 1.89
1448 1.89
1449 1.91
1450 1.90
1451 1.89
1452 1.83
1453 1.83
1454 1.84
1455 1.89
1456 1.86
1457 1.86
1458 1.86
1459 1.85
1460 1.85
1461 1.25
1462 1.24
1463 1.25
1464 1.24
1465 1.24
1466 1.25
1467 1.23
1468 1.25
1469 1.24
1470 1.24
1471 1.24
1472 1.24
1473 1.24
1474 1.24
1475 1.25
1476 1.24
1477 1.24
1478 1.24
1479 1.25
1480 1.24
1481 1.25
1482 1.25
1483 1.25
1484 1.24
1485 1.24
1486 1.24
1487 1.25
1488 1.24
1489 1.25
1490 1.24
1491 1.25
1492 1.25
1493 1.25
1494 1.24
1495 1.24
1496 1.25
1497 1.24
1498 1.25
1499 1.24
1500 1.24
1501 1.24
1502 1.24
1503 1.24
1504 1.24
1505 1.24
1506 1.25
1507 1.24
1508 1.24
1509 1.23
1510 1.24
1511 1.24
1512 1.24
1513 1.24
1514 1.24
1515 1.24
1516 1.24
1517 1.24
1518 1.24
1519 1.24
1520 1.24
1521 1.24
1522 1.24
1523 1.24
1524 1.24
1525 1.24
1526 1.24
1527 1.25
1528 1.25
1529 1.24
1530 1.25
1531 1.25
1532 1.24
1533 1.24
1534 1.24
1535 1.24
1536 1.24
1537 1.24
1538 1.24
1539 1.25
1540 1.25
1541 1.24
1542 1.25
1543 1.25
1544 1.24
1545 1.26
1546 1.25
1547 1.24
1548 1.25
1549 1.24
1550 1.24
1551 1.25
1552 1.25
1553 1.24
1554 1.24
1555 1.24
1556 1.24
1557 1.20
1558 1.23
1559 1.22
1560 1.22
1561 1.23
1562 1.23
1563 1.23
1564 1.23
1565 1.23
1566 1.23
1567 1.23
1568 1.23
1569 1.26
1570 1.23
1571 1.23
1572 1.23
1573 1.22
1574 1.23
1575 1.25
1576 1.25
1577 1.25
1578 1.25
1579 1.25
1580 1.25
1581 1.25
1582 1.24
1583 1.24
1584 1.24
1585 1.24
1586 1.24
1587 1.24
1588 1.24
1589 1.24
1590 1.24
1591 1.24
1592 1.24
1593 1.23
1594 1.25
1595 1.24
1596 1.24
1597 1.24
1598 1.24
1599 1.22
1600 1.24
1601 1.24
1602 1.24
1603 1.24
1604 1.24
1605 1.09
1606 1.10
1607 1.09
1608 1.09
1609 1.09
1610 1.09
1611 1.10
1612 1.10
1613 1.11
1614 1.10
1615 1.11
1616 1.10
1617 1.09
1618 1.09
1619 1.09
1620 1.08
1621 1.09
1622 1.09
1623 1.02
1624 1.06
1625 1.07
1626 1.07
1627 1.07
1628 1.08
1629 1.12
1630 1.11
1631 1.11
1632 1.11
1633 1.11
1634 1.11
1635 1.12
1636 1.11
1637 1.10
1638 1.10
1639 1.10
1640 1.09
1641 1.08
1642 1.09
1643 1.09
1644 1.09
1645 1.09
1646 1.09
1647 1.09
1648 1.10
1649 1.10
1650 1.10
1651 1.10
1652 1.11
1653 1.11
1654 1.10
1655 1.10
1656 1.09
1657 1.09
1658 1.09
1659 1.10
1660 1.09
1661 1.08
1662 1.08
1663 1.09
1664 1.08
1665 1.09
1666 1.10
1667 1.11
1668 1.11
1669 1.11
1670 1.11
1671 1.09
1672 1.09
1673 1.09
1674 1.09
1675 1.09
1676 1.09
1677 1.09
1678 1.08
1679 1.08
1680 1.08
1681 1.08
1682 1.08
1683 1.11
1684 1.09
1685 1.10
1686 1.10
1687 1.11
1688 1.11
1689 1.07
1690 1.06
1691 1.08
1692 1.09
1693 1.09
1694 1.09
1695 1.06
1696 1.07
1697 1.07
1698 1.08
1699 1.08
1700 1.08
1701 1.10
1702 1.10
1703 1.11
1704 1.11
1705 1.11
1706 1.11
1707 1.08
1708 1.09
1709 1.09
1710 1.09
1711 1.09
1712 1.09
1713 1.42
1714 1.44
1715 1.43
1716 1.43
1717 1.42
1718 1.43
1719 1.41
1720 1.43
1721 1.42
1722 1.42
1723 1.43
1724 1.38
1725 1.45
1726 1.43
1727 1.42
1728 1.42
1729 1.42
1730 1.42
1731 1.42
1732 1.41
1733 1.42
1734 1.42
1735 1.42
1736 1.42
1737 1.46
1738 1.43
1739 1.43
1740 1.43
1741 1.42
1742 1.43
1743 1.41
1744 1.40
1745 1.42
1746 1.42
1747 1.42
1748 1.42
1749 1.40
1750 1.41
1751 1.41
1752 1.42
1753 1.41
1754 1.42
1755 1.46
1756 1.43
1757 1.43
1758 1.42
1759 1.43
1760 1.42
1761 1.43
1762 1.40
1763 1.41
1764 1.42
1765 1.42
1766 1.42
1767 1.41
1768 1.41
1769 1.41
1770 1.41
1771 1.42
1772 1.41
1773 1.42
1774 1.42
1775 1.42
1776 1.42
1777 1.42
1778 1.42
1779 1.40
1780 1.42
1781 1.42
1782 1.42
1783 1.42
1784 1.42
1785 1.42
1786 1.42
1787 1.42
1788 1.41
1789 1.42
1790 1.42
1791 1.45
1792 1.45
1793 1.43
1794 1.43
1795 1.43
1796 1.43
1797 1.46
1798 1.43
1799 1.42
1800 1.43
1801 1.43
1802 1.42
1803 1.43
1804 1.42
1805 1.42
1806 1.43
1807 1.42
1808 1.42
1809 1.41
1810 1.42
1811 1.42
1812 1.42
1813 1.42
1814 1.42
1815 1.46
1816 1.43
1817 1.42
1818 1.43
1819 1.42
1820 1.43
1821 1.36
1822 1.36
1823 1.36
1824 1.36
1825 1.37
1826 1.36
1827 1.37
1828 1.36
1829 1.36
1830 1.37
1831 1.36
1832 1.36
1833 1.36
1834 1.36
1835 1.36
1836 1.37
1837 1.36
1838 1.36
1839 1.38
1840 1.37
1841 1.36
1842 1.37
1843 1.37
1844 1.36
1845 1.37
1846 1.37
1847 1.36
1848 1.36
1849 1.36
1850 1.36
1851 1.36
1852 1.36
1853 1.36
1854 1.36
1855 1.37
1856 1.36
1857 1.36
1858 1.36
1859 1.36
1860 1.36
1861 1.36
1862 1.36
1863 1.35
1864 1.36
1865 1.36
1866 1.36
1867 1.36
1868 1.36
1869 1.37
1870 1.36
1871 1.36
1872 1.36
1873 1.36
1874 1.36
1875 1.36
1876 1.36
1877 1.36
1878 1.36
1879 1.36
1880 1.36
1881 1.37
1882 1.36
1883 1.36
1884 1.36
1885 1.36
1886 1.36
1887 1.37
1888 1.37
1889 1.36
1890 1.36
1891 1.36
1892 1.36
1893 1.38
1894 1.37
1895 1.37
1896 1.36
1897 1.36
1898 1.36
1899 1.36
1900 1.36
1901 1.37
1902 1.36
1903 1.36
1904 1.36
1905 1.36
1906 1.36
1907 1.36
1908 1.36
1909 1.36
1910 1.36
1911 1.36
1912 1.36
1913 1.36
1914 1.36
1915 1.36
1916 1.36
1917 1.36
1918 1.36
1919 1.36
1920 1.36
1921 1.36
1922 1.36
1923 1.35
1924 1.36
1925 1.36
1926 1.36
1927 1.36
1928 1.36
1929 1.39
1930 1.38
1931 1.39
1932 1.39
1933 1.40
1934 1.40
1935 1.42
1936 1.41
1937 1.41
1938 1.41
1939 1.41
1940 1.41
1941 1.41
1942 1.42
1943 1.42
1944 1.42
1945 1.42
1946 1.42
1947 1.42
1948 1.44
1949 1.43
1950 1.42
1951 1.42
1952 1.42
1953 1.41
1954 1.41
1955 1.42
1956 1.42
1957 1.42
1958 1.41
1959 1.41
1960 1.41
1961 1.41
1962 1.41
1963 1.41
1964 1.41
1965 1.45
1966 1.43
1967 1.43
1968 1.43
1969 1.43
1970 1.42
1971 1.40
1972 1.40
1973 1.41
1974 1.41
1975 1.42
1976 1.41
1977 1.45
1978 1.42
1979 1.41
1980 1.43
1981 1.42
1982 1.42
1983 1.42
1984 1.41
1985 1.41
1986 1.41
1987 1.42
1988 1.41
1989 1.42
1990 1.42
1991 1.41
1992 1.42
1993 1.41
1994 1.42
1995 1.46
1996 1.44
1997 1.43
1998 1.43
1999 1.42
