0 1.42
1 1.41
2 1.41
3 1.42
4 1.42
5 1.41
6 1.41
7 1.41
8 1.41
9 1.42
10 1.40
11 1.42
12 1.41
13 1.44
14 1.42
15 1.42
16 1.41
17 1.42
18 1.41
19 1.43
20 1.43
21 1.41
22 1.42
23 1.42
24 1.41
25 1.43
26 1.42
27 1.43
28 1.43
29 1.43
30 1.42
31 1.42
32 1.42
33 1.42
34 1.42
35 1.42
36 1.42
37 1.42
38 1.42
39 1.42
40 1.42
41 1.42
42 1.42
43 1.41
44 1.41
45 1.42
46 1.41
47 1.42
48 1.42
49 1.41
50 1.41
51 1.41
52 1.42
53 1.41
54 1.42
55 1.42
56 1.41
57 1.41
58 1.42
59 1.42
60 1.42
61 1.41
62 1.42
63 1.41
64 1.42
65 1.42
66 1.42
67 1.42
68 1.42
69 1.42
70 1.42
71 1.42
72 1.42
73 1.40
74 1.41
75 1.41
76 1.41
77 1.41
78 1.41
79 1.42
80 1.42
81 1.42
82 1.42
83 1.42
84 1.42
85 1.42
86 1.42
87 1.42
88 1.42
89 1.42
90 1.42
91 1.42
92 1.41
93 1.41
94 1.41
95 1.41
96 1.41
97 1.41
98 1.41
99 1.41
100 1.41
101 1.41
102 1.41
103 1.42
104 1.42
105 1.41
106 1.42
107 1.42
108 1.41
109 1.41
110 1.41
111 1.42
112 1.42
113 1.42
114 1.42
115 1.41
116 1.41
117 1.41
118 1.41
119 1.41
120 1.41
121 1.41
122 1.41
123 1.41
124 1.41
125 1.41
126 1.41
127 1.42
128 1.42
129 1.42
130 1.42
131 1.42
132 1.42
133 1.40
134 1.41
135 1.41
136 1.41
137 1.42
138 1.41
139 1.42
140 1.42
141 1.43
142 1.42
143 1.42
144 1.42
145 1.42
146 1.42
147 1.42
148 1.42
149 1.42
150 1.42
151 1.43
152 1.42
153 1.42
154 1.41
155 1.42
156 1.42
157 1.41
158 1.42
159 1.42
160 1.42
161 1.42
162 1.42
163 1.43
164 1.44
165 1.42
166 1.43
167 1.42
168 1.42
169 1.42
170 1.41
171 1.41
172 1.41
173 1.41
174 1.41
175 1.41
176 1.42
177 1.42
178 1.41
179 1.41
180 1.42
181 1.40
182 1.41
183 1.41
184 1.41
185 1.42
186 1.42
187 1.44
188 1.43
189 1.42
190 1.42
191 1.42
192 1.42
193 1.42
194 1.42
195 1.42
196 1.41
197 1.42
198 1.42
199 1.44
200 1.43
201 1.43
202 1.43
203 1.42
204 1.42
205 1.39
206 1.41
207 1.41
208 1.41
209 1.42
210 1.42
211 1.41
212 1.42
213 1.42
214 1.42
215 1.42
216 1.42
217 1.44
218 1.43
219 1.43
220 1.43
221 1.43
222 1.42
223 1.42
224 1.42
225 1.42
226 1.42
227 1.42
228 1.42
229 1.42
230 1.41
231 1.42
232 1.42
233 1.42
234 1.42
235 1.25
236 1.25
237 1.25
238 1.25
239 1.25
240 1.25
241 1.23
242 1.24
243 1.25
244 1.24
245 1.24
246 1.24
247 1.27
248 1.26
249 1.26
250 1.25
251 1.25
252 1.25
253 1.25
254 1.25
255 1.26
256 1.25
257 1.25
258 1.25
259 1.25
260 1.25
261 1.26
262 1.25
263 1.25
264 1.24
265 1.22
266 1.24
267 1.24
268 1.25
269 1.24
270 1.25
271 1.24
272 1.25
273 1.25
274 1.25
275 1.25
276 1.25
277 1.24
278 1.24
279 1.25
280 1.24
281 1.25
282 1.25
283 1.25
284 1.25
285 1.24
286 1.24
287 1.24
288 1.24
289 1.23
290 1.24
291 1.23
292 1.25
293 1.25
294 1.25
295 1.25
296 1.25
297 1.24
298 1.24
299 1.24
300 1.24
301 1.24
302 1.25
303 1.25
304 1.24
305 1.25
306 1.25
307 1.43
308 1.42
309 1.42
310 1.42
311 1.42
312 1.42
313 1.43
314 1.41
315 1.42
316 1.42
317 1.42
318 1.42
319 1.46
320 1.43
321 1.43
322 1.43
323 1.43
324 1.42
325 1.43
326 1.42
327 1.42
328 1.42
329 1.42
330 1.42
331 1.42
332 1.42
333 1.41
334 1.42
335 1.42
336 1.42
337 1.41
338 1.42
339 1.42
340 1.42
341 1.42
342 1.42
343 1.41
344 1.42
345 1.42
346 1.42
347 1.42
348 1.42
349 1.41
350 1.41
351 1.41
352 1.42
353 1.42
354 1.42
355 1.40
356 1.42
357 1.42
358 1.42
359 1.42
360 1.42
361 1.41
362 1.41
363 1.42
364 1.42
365 1.42
366 1.42
367 1.44
368 1.44
369 1.43
370 1.42
371 1.43
372 1.43
373 1.40
374 1.42
375 1.42
376 1.42
377 1.42
378 1.42
379 1.41
380 1.41
381 1.42
382 1.41
383 1.41
384 1.41
385 1.41
386 1.42
387 1.40
388 1.42
389 1.42
390 1.41
391 1.43
392 1.43
393 1.42
394 1.43
395 1.42
396 1.42
397 1.39
398 1.41
399 1.41
400 1.42
401 1.41
402 1.41
403 1.43
404 1.42
405 1.42
406 1.42
407 1.42
408 1.42
409 1.42
410 1.44
411 1.43
412 1.43
413 1.43
414 1.42
415 1.41
416 1.41
417 1.41
418 1.41
419 1.42
420 1.42
421 1.44
422 1.43
423 1.42
424 1.42
425 1.42
426 1.42
427 1.44
428 1.42
429 1.42
430 1.41
431 1.42
432 1.41
433 1.41
434 1.42
435 1.41
436 1.42
437 1.42
438 1.42
439 1.47
440 1.44
441 1.43
442 1.42
443 1.43
444 1.42
445 1.44
446 1.42
447 1.42
448 1.42
449 1.41
450 1.41
451 1.41
452 1.43
453 1.42
454 1.42
455 1.42
456 1.42
457 1.44
458 1.43
459 1.42
460 1.42
461 1.42
462 1.42
463 1.43
464 1.43
465 1.42
466 1.42
467 1.42
468 1.42
469 1.41
470 1.41
471 1.42
472 1.42
473 1.42
474 1.42
475 1.42
476 1.42
477 1.42
478 1.42
479 1.42
480 1.42
481 1.41
482 1.41
483 1.42
484 1.43
485 1.42
486 1.42
487 1.42
488 1.41
489 1.42
490 1.42
491 1.42
492 1.42
493 1.43
494 1.43
495 1.42
496 1.43
497 1.42
498 1.42
499 1.42
500 1.44
501 1.44
502 1.43
503 1.43
504 1.42
505 1.42
506 1.43
507 1.42
508 1.42
509 1.42
510 1.42
511 1.40
512 1.40
513 1.41
514 1.41
515 1.41
516 1.41
517 1.41
518 1.41
519 1.42
520 1.42
521 1.41
522 1.41
523 1.41
524 1.41
525 1.41
526 1.40
527 1.40
528 1.40
529 1.29
530 1.33
531 1.35
532 1.35
533 1.35
534 1.36
535 1.42
536 1.39
537 1.38
538 1.38
539 1.38
540 1.38
541 1.35
542 1.34
543 1.35
544 1.36
545 1.35
546 1.35
547 1.45
548 1.44
549 1.44
550 1.43
551 1.43
552 1.42
553 1.41
554 1.42
555 1.42
556 1.42
557 1.42
558 1.42
559 1.43
560 1.42
561 1.42
562 1.42
563 1.42
564 1.42
565 1.44
566 1.44
567 1.43
568 1.43
569 1.43
570 1.42
571 1.41
572 1.42
573 1.42
574 1.42
575 1.42
576 1.42
577 1.44
578 1.43
579 1.42
580 1.42
581 1.41
582 1.42
583 1.44
584 1.43
585 1.42
586 1.42
587 1.42
588 1.42
589 1.46
590 1.44
591 1.43
592 1.43
593 1.43
594 1.43
595 1.45
596 1.42
597 1.43
598 1.42
599 1.42
600 1.42
601 1.42
602 1.43
603 1.43
604 1.42
605 1.42
606 1.42
607 1.42
608 1.43
609 1.42
610 1.42
611 1.42
612 1.42
613 1.44
614 1.43
615 1.42
616 1.42
617 1.42
618 1.41
619 1.41
620 1.41
621 1.42
622 1.41
623 1.41
624 1.41
625 1.43
626 1.43
627 1.42
628 1.42
629 1.42
630 1.42
631 1.43
632 1.41
633 1.42
634 1.41
635 1.42
636 1.42
637 1.42
638 1.42
639 1.42
640 1.42
641 1.40
642 1.42
643 1.42
644 1.41
645 1.42
646 1.42
647 1.42
648 1.42
649 1.42
650 1.42
651 1.43
652 1.42
653 1.42
654 1.42
655 1.41
656 1.42
657 1.42
658 1.42
659 1.42
660 1.42
661 1.43
662 1.44
663 1.43
664 1.43
665 1.41
666 1.42
667 1.43
668 1.42
669 1.42
670 1.42
671 1.42
672 1.42
673 1.42
674 1.42
675 1.42
676 1.42
677 1.42
678 1.42
679 1.44
680 1.42
681 1.42
682 1.42
683 1.42
684 1.42
685 1.42
686 1.42
687 1.42
688 1.42
689 1.42
690 1.42
691 1.41
692 1.41
693 1.41
694 1.42
695 1.42
696 1.42
697 1.41
698 1.41
699 1.41
700 1.42
701 1.42
702 1.42
703 1.41
704 1.42
705 1.42
706 1.43
707 1.42
708 1.42
709 1.43
710 1.43
711 1.42
712 1.42
713 1.42
714 1.42
715 1.41
716 1.42
717 1.42
718 1.42
719 1.42
720 1.42
721 1.24
722 1.25
723 1.24
724 1.24
725 1.24
726 1.24
727 1.23
728 1.24
729 1.24
730 1.24
731 1.24
732 1.24
733 1.25
734 1.24
735 1.25
736 1.24
737 1.24
738 1.24
739 1.25
740 1.25
741 1.24
742 1.25
743 1.24
744 1.25
745 1.24
746 1.24
747 1.25
748 1.25
749 1.24
750 1.24
751 1.33
752 1.29
753 1.27
754 1.26
755 1.26
756 1.26
757 1.24
758 1.25
759 1.25
760 1.25
761 1.25
762 1.24
763 1.23
764 1.23
765 1.24
766 1.24
767 1.24
768 1.24
769 1.23
770 1.24
771 1.24
772 1.24
773 1.24
774 1.25
775 1.25
776 1.25
777 1.25
778 1.25
779 1.25
780 1.25
781 1.24
782 1.23
783 1.24
784 1.24
785 1.25
786 1.24
787 1.23
788 1.25
789 1.24
790 1.24
791 1.24
792 1.24
793 1.34
794 1.37
795 1.37
796 1.38
797 1.38
798 1.38
799 1.42
800 1.38
801 1.40
802 1.38
803 1.39
804 1.39
805 1.46
806 1.43
807 1.40
808 1.40
809 1.39
810 1.39
811 1.41
812 1.37
813 1.38
814 1.39
815 1.39
816 1.38
817 1.38
818 1.38
819 1.37
820 1.37
821 1.37
822 1.37
823 1.36
824 1.39
825 1.38
826 1.38
827 1.37
828 1.36
829 1.42
830 1.39
831 1.39
832 1.38
833 1.39
834 1.38
835 1.31
836 1.36
837 1.36
838 1.37
839 1.37
840 1.37
841 1.36
842 1.37
843 1.37
844 1.37
845 1.36
846 1.37
847 1.40
848 1.37
849 1.37
850 1.36
851 1.37
852 1.36
853 1.38
854 1.37
855 1.38
856 1.37
857 1.37
858 1.37
859 1.37
860 1.36
861 1.36
862 1.35
863 1.36
864 1.36
865 1.43
866 1.38
867 1.38
868 1.39
869 1.37
870 1.38
871 1.38
872 1.36
873 1.36
874 1.36
875 1.36
876 1.36
877 1.34
878 1.33
879 1.34
880 1.34
881 1.34
882 1.34
883 1.33
884 1.36
885 1.35
886 1.36
887 1.35
888 1.36
889 1.41
890 1.36
891 1.37
892 1.37
893 1.37
894 1.36
895 1.36
896 1.36
897 1.36
898 1.35
899 1.36
900 1.35
901 1.42
902 1.42
903 1.41
904 1.41
905 1.41
906 1.41
907 1.41
908 1.41
909 1.41
910 1.41
911 1.41
912 1.41
913 1.40
914 1.42
915 1.41
916 1.41
917 1.41
918 1.41
919 1.41
920 1.42
921 1.42
922 1.42
923 1.42
924 1.42
925 1.42
926 1.41
927 1.42
928 1.42
929 1.42
930 1.41
931 1.41
932 1.41
933 1.41
934 1.41
935 1.42
936 1.42
937 1.41
938 1.41
939 1.42
940 1.41
941 1.41
942 1.41
943 1.42
944 1.42
945 1.41
946 1.42
947 1.42
948 1.41
949 1.42
950 1.42
951 1.42
952 1.42
953 1.42
954 1.41
955 1.42
956 1.42
957 1.42
958 1.41
959 1.42
960 1.41
961 1.42
962 1.42
963 1.42
964 1.42
965 1.42
966 1.42
967 1.42
968 1.41
969 1.41
970 1.41
971 1.41
972 1.40
973 1.41
974 1.41
975 1.42
976 1.41
977 1.41
978 1.41
979 1.40
980 1.41
981 1.41
982 1.41
983 1.41
984 1.41
985 1.42
986 1.42
987 1.41
988 1.42
989 1.42
990 1.41
991 1.41
992 1.41
993 1.42
994 1.41
995 1.41
996 1.41
997 1.42
998 1.42
999 1.42
1000 1.41
1001 1.41
1002 1.41
1003 1.41
1004 1.41
1005 1.42
1006 1.42
1007 1.41
1008 1.42
1009 1.43
1010 1.43
1011 1.43
1012 1.42
1013 1.43
1014 1.42
1015 1.41
1016 1.41
1017 1.42
1018 1.42
1019 1.42
1020 1.42
1021 1.41
1022 1.42
1023 1.42
1024 1.42
1025 1.42
1026 1.42
1027 1.43
1028 1.43
1029 1.43
1030 1.42
1031 1.42
1032 1.42
1033 1.41
1034 1.42
1035 1.42
1036 1.41
1037 1.42
1038 1.41
1039 1.48
1040 1.43
1041 1.44
1042 1.43
1043 1.43
1044 1.43
1045 1.43
1046 1.42
1047 1.42
1048 1.42
1049 1.42
1050 1.42
1051 1.43
1052 1.43
1053 1.42
1054 1.42
1055 1.42
1056 1.42
1057 1.41
1058 1.41
1059 1.42
1060 1.41
1061 1.42
1062 1.41
1063 1.41
1064 1.42
1065 1.42
1066 1.42
1067 1.42
1068 1.42
1069 1.40
1070 1.40
1071 1.40
1072 1.41
1073 1.41
1074 1.40
1075 1.41
1076 1.42
1077 1.41
1078 1.42
1079 1.41
1080 1.42
1081 1.42
1082 1.42
1083 1.42
1084 1.41
1085 1.42
1086 1.42
1087 1.41
1088 1.41
1089 1.42
1090 1.41
1091 1.41
1092 1.42
1093 1.41
1094 1.41
1095 1.41
1096 1.41
1097 1.41
1098 1.41
1099 1.42
1100 1.42
1101 1.42
1102 1.42
1103 1.42
1104 1.41
1105 1.41
1106 1.41
1107 1.42
1108 1.42
1109 1.42
1110 1.42
1111 1.40
1112 1.41
1113 1.41
1114 1.41
1115 1.41
1116 1.41
1117 1.42
1118 1.42
1119 1.42
1120 1.42
1121 1.42
1122 1.42
1123 1.41
1124 1.39
1125 1.40
1126 1.40
1127 1.41
1128 1.41
1129 1.40
1130 1.41
1131 1.41
1132 1.41
1133 1.41
1134 1.41
1135 1.41
1136 1.42
1137 1.41
1138 1.41
1139 1.41
1140 1.41
1141 1.41
1142 1.42
1143 1.41
1144 1.42
1145 1.42
1146 1.42
1147 1.41
1148 1.42
1149 1.41
1150 1.42
1151 1.42
1152 1.42
1153 1.41
1154 1.42
1155 1.41
1156 1.41
1157 1.42
1158 1.42
1159 1.41
1160 1.41
1161 1.42
1162 1.42
1163 1.42
1164 1.41
1165 1.41
1166 1.41
1167 1.41
1168 1.41
1169 1.41
1170 1.41
1171 1.42
1172 1.42
1173 1.42
1174 1.42
1175 1.41
1176 1.42
1177 1.71
1178 1.59
1179 1.54
1180 1.50
1181 1.48
1182 1.84
1183 1.71
1184 1.64
1185 1.60
1186 1.85
1187 1.72
1188 1.65
1189 1.60
1190 1.77
1191 1.64
1192 1.57
1193 1.52
1194 1.50
1195 1.82
1196 1.71
1197 1.64
1198 1.59
1199 1.81
1200 1.70
1201 1.63
1202 1.59
1203 1.83
1204 1.71
1205 1.64
1206 1.59
1207 1.82
1208 1.71
1209 1.63
1210 1.59
1211 1.82
1212 1.70
1213 1.64
1214 1.59
1215 1.83
1216 1.71
1217 1.64
1218 1.59
1219 1.79
1220 1.68
1221 1.61
1222 1.57
1223 1.83
1224 1.71
1225 1.64
1226 1.59
1227 1.85
1228 1.73
1229 1.65
1230 1.60
1231 1.83
1232 1.71
1233 1.64
1234 1.59
1235 1.84
1236 1.73
1237 1.65
1238 1.60
1239 1.80
1240 1.69
1241 1.62
1242 1.58
1243 1.82
1244 1.71
1245 1.64
1246 1.59
1247 1.83
1248 1.71
1249 1.64
1250 1.59
1251 1.64
1252 1.51
1253 1.39
1254 1.28
1255 1.21
1256 1.97
1257 1.53
1258 1.70
1259 1.88
1260 1.49
1261 1.16
1262 1.03
1263 1.00
1264 1.06
1265 1.01
1266 1.06
1267 1.28
1268 1.30
1269 1.25
1270 1.29
1271 1.26
1272 1.04
1273 1.23
1274 1.30
1275 1.70
1276 1.61
1277 1.50
1278 1.41
1279 1.42
1280 1.15
1281 1.11
1282 1.12
1283 1.14
1284 1.12
1285 1.41
1286 1.41
1287 1.39
1288 1.40
1289 1.40
1290 1.40
1291 1.39
1292 1.41
1293 1.40
1294 1.40
1295 1.40
1296 1.40
1297 1.40
1298 1.39
1299 1.39
1300 1.39
1301 1.39
1302 1.39
1303 1.42
1304 1.42
1305 1.41
1306 1.41
1307 1.40
1308 1.40
1309 1.40
1310 1.41
1311 1.41
1312 1.42
1313 1.42
1314 1.42
1315 1.43
1316 1.42
1317 1.42
1318 1.43
1319 1.42
1320 1.42
1321 1.43
1322 1.42
1323 1.42
1324 1.42
1325 1.42
1326 1.42
1327 1.40
1328 1.40
1329 1.42
1330 1.42
1331 1.42
1332 1.42
1333 1.44
1334 1.43
1335 1.43
1336 1.42
1337 1.42
1338 1.42
1339 1.42
1340 1.42
1341 1.42
1342 1.42
1343 1.42
1344 1.42
1345 1.38
1346 1.40
1347 1.39
1348 1.39
1349 1.39
1350 1.39
1351 1.42
1352 1.40
1353 1.39
1354 1.39
1355 1.39
1356 1.40
1357 1.43
1358 1.41
1359 1.39
1360 1.40
1361 1.40
1362 1.39
1363 1.44
1364 1.42
1365 1.43
1366 1.43
1367 1.42
1368 1.42
1369 1.44
1370 1.37
1371 1.39
1372 1.39
1373 1.39
1374 1.39
1375 1.46
1376 1.43
1377 1.43
1378 1.42
1379 1.43
1380 1.43
1381 1.39
1382 1.43
1383 1.42
1384 1.42
1385 1.42
1386 1.41
1387 1.42
1388 1.43
1389 1.42
1390 1.42
1391 1.41
1392 1.42
1393 1.27
1394 1.36
1395 1.38
1396 1.40
1397 1.40
1398 1.40
1399 1.33
1400 1.36
1401 1.39
1402 1.38
1403 1.39
1404 1.40
1405 1.42
1406 1.45
1407 1.44
1408 1.43
1409 1.43
1410 1.43
1411 1.44
1412 1.42
1413 1.43
1414 1.42
1415 1.41
1416 1.42
1417 1.43
1418 1.42
1419 1.41
1420 1.42
1421 1.42
1422 1.42
1423 1.43
1424 1.41
1425 1.42
1426 1.42
1427 1.42
1428 1.42
1429 1.42
1430 1.42
1431 1.41
1432 1.41
1433 1.41
1434 1.41
1435 1.40
1436 1.41
1437 1.41
1438 1.41
1439 1.42
1440 1.41
1441 1.45
1442 1.43
1443 1.42
1444 1.43
1445 1.42
1446 1.42
1447 1.43
1448 1.39
1449 1.42
1450 1.42
1451 1.41
1452 1.42
1453 1.44
1454 1.42
1455 1.42
1456 1.41
1457 1.41
1458 1.41
1459 1.40
1460 1.41
1461 1.41
1462 1.41
1463 1.41
1464 1.41
1465 1.41
1466 1.40
1467 1.41
1468 1.41
1469 1.41
1470 1.40
1471 1.42
1472 1.41
1473 1.42
1474 1.42
1475 1.42
1476 1.41
1477 1.43
1478 1.42
1479 1.43
1480 1.42
1481 1.43
1482 1.42
1483 1.44
1484 1.43
1485 1.43
1486 1.42
1487 1.42
1488 1.42
1489 1.41
1490 1.43
1491 1.41
1492 1.42
1493 1.41
1494 1.42
1495 1.40
1496 1.42
1497 1.42
1498 1.41
1499 1.42
1500 1.42
1501 1.42
1502 1.42
1503 1.42
1504 1.43
1505 1.42
1506 1.42
1507 1.44
1508 1.42
1509 1.42
1510 1.42
1511 1.42
1512 1.42
1513 1.42
1514 1.43
1515 1.43
1516 1.43
1517 1.42
1518 1.42
1519 1.42
1520 1.42
1521 1.43
1522 1.41
1523 1.42
1524 1.42
1525 1.42
1526 1.43
1527 1.41
1528 1.42
1529 1.42
1530 1.42
1531 1.41
1532 1.44
1533 1.43
1534 1.42
1535 1.42
1536 1.42
1537 1.42
1538 1.42
1539 1.43
1540 1.42
1541 1.42
1542 1.42
1543 1.44
1544 1.42
1545 1.41
1546 1.43
1547 1.42
1548 1.42
1549 1.42
1550 1.42
1551 1.41
1552 1.41
1553 1.41
1554 1.41
1555 1.41
1556 1.39
1557 1.40
1558 1.39
1559 1.40
1560 1.40
1561 1.39
1562 1.39
1563 1.40
1564 1.40
1565 1.41
1566 1.41
1567 1.43
1568 1.42
1569 1.40
1570 1.42
1571 1.42
1572 1.42
1573 1.42
1574 1.42
1575 1.41
1576 1.42
1577 1.41
1578 1.42
1579 1.44
1580 1.42
1581 1.43
1582 1.42
1583 1.42
1584 1.42
1585 1.42
1586 1.42
1587 1.42
1588 1.41
1589 1.41
1590 1.42
1591 1.47
1592 1.44
1593 1.43
1594 1.43
1595 1.43
1596 1.43
1597 1.41
1598 1.43
1599 1.42
1600 1.42
1601 1.42
1602 1.42
1603 1.43
1604 1.42
1605 1.42
1606 1.42
1607 1.42
1608 1.42
1609 1.43
1610 1.42
1611 1.42
1612 1.42
1613 1.42
1614 1.42
1615 1.42
1616 1.42
1617 1.42
1618 1.42
1619 1.42
1620 1.42
1621 1.43
1622 1.42
1623 1.42
1624 1.43
1625 1.42
1626 1.42
1627 1.42
1628 1.42
1629 1.42
1630 1.42
1631 1.42
1632 1.42
1633 1.42
1634 1.42
1635 1.43
1636 1.43
1637 1.43
1638 1.43
1639 1.44
1640 1.43
1641 1.43
1642 1.43
1643 1.43
1644 1.43
1645 1.43
1646 1.42
1647 1.43
1648 1.43
1649 1.42
1650 1.42
1651 1.42
1652 1.42
1653 1.42
1654 1.42
1655 1.43
1656 1.42
1657 1.42
1658 1.43
1659 1.42
1660 1.43
1661 1.42
1662 1.42
1663 1.43
1664 1.42
1665 1.42
1666 1.42
1667 1.43
1668 1.42
1669 1.42
1670 1.42
1671 1.42
1672 1.42
1673 1.42
1674 1.42
1675 1.42
1676 1.42
1677 1.42
1678 1.42
1679 1.42
1680 1.42
1681 1.41
1682 1.41
1683 1.42
1684 1.42
1685 1.42
1686 1.42
1687 1.41
1688 1.41
1689 1.41
1690 1.42
1691 1.41
1692 1.42
1693 1.43
1694 1.43
1695 1.43
1696 1.43
1697 1.43
1698 1.43
1699 1.43
1700 1.43
1701 1.42
1702 1.43
1703 1.43
1704 1.43
1705 1.43
1706 1.42
1707 1.43
1708 1.42
1709 1.42
1710 1.42
1711 1.39
1712 1.38
1713 1.39
1714 1.39
1715 1.39
1716 1.39
1717 1.46
1718 1.43
1719 1.43
1720 1.43
1721 1.42
1722 1.42
1723 1.41
1724 1.43
1725 1.42
1726 1.42
1727 1.42
1728 1.42
1729 1.42
1730 1.41
1731 1.41
1732 1.41
1733 1.42
1734 1.41
1735 1.41
1736 1.41
1737 1.42
1738 1.41
1739 1.42
1740 1.42
1741 1.43
1742 1.42
1743 1.42
1744 1.42
1745 1.42
1746 1.42
1747 1.39
1748 1.41
1749 1.41
1750 1.40
1751 1.39
1752 1.38
1753 1.41
1754 1.39
1755 1.41
1756 1.41
1757 1.40
1758 1.40
1759 1.41
1760 1.40
1761 1.40
1762 1.41
1763 1.40
1764 1.41
1765 1.43
1766 1.41
1767 1.41
1768 1.40
1769 1.40
1770 1.40
1771 1.43
1772 1.41
1773 1.40
1774 1.41
1775 1.40
1776 1.41
1777 1.42
1778 1.42
1779 1.40
1780 1.41
1781 1.41
1782 1.41
1783 1.44
1784 1.44
1785 1.43
1786 1.42
1787 1.40
1788 1.39
1789 1.44
1790 1.43
1791 1.42
1792 1.42
1793 1.42
1794 1.42
1795 1.43
1796 1.42
1797 1.41
1798 1.41
1799 1.41
1800 1.40
1801 1.34
1802 1.37
1803 1.38
1804 1.39
1805 1.39
1806 1.38
1807 1.39
1808 1.38
1809 1.40
1810 1.40
1811 1.40
1812 1.39
1813 1.39
1814 1.39
1815 1.38
1816 1.39
1817 1.39
1818 1.39
1819 1.25
1820 1.37
1821 1.32
1822 1.26
1823 1.21
1824 1.20
1825 1.22
1826 1.38
1827 1.31
1828 1.28
1829 1.26
1830 1.20
1831 1.28
1832 1.37
1833 1.28
1834 1.28
1835 1.25
1836 1.23
1837 1.22
1838 1.40
1839 1.32
1840 1.26
1841 1.24
1842 1.21
1843 1.45
1844 1.35
1845 1.31
1846 1.24
1847 1.28
1848 1.27
1849 1.49
1850 1.37
1851 1.28
1852 1.26
1853 1.24
1854 1.19
1855 1.02
1856 1.26
1857 1.16
1858 1.06
1859 1.04
1860 1.04
1861 1.02
1862 1.08
1863 1.19
1864 1.19
1865 1.14
1866 1.11
1867 1.10
1868 1.14
1869 1.15
1870 1.16
1871 1.12
1872 1.08
1873 1.06
1874 1.28
1875 1.15
1876 1.10
1877 1.09
1878 1.05
1879 1.08
1880 1.75
1881 1.96
1882 1.96
1883 1.97
1884 1.41
1885 1.42
1886 1.42
1887 1.42
1888 1.42
1889 1.42
1890 1.41
1891 1.41
1892 1.41
1893 1.42
1894 1.42
1895 1.42
1896 1.42
1897 1.42
1898 1.41
1899 1.42
1900 1.42
1901 1.41
1902 1.42
1903 1.42
1904 1.42
1905 1.42
1906 1.42
1907 1.41
1908 1.42
1909 1.41
1910 1.42
1911 1.42
1912 1.42
1913 1.41
1914 1.42
1915 1.42
1916 1.42
1917 1.42
1918 1.41
1919 1.42
1920 1.41
1921 1.41
1922 1.41
1923 1.41
1924 1.41
1925 1.41
1926 1.42
1927 1.41
1928 1.42
1929 1.42
1930 1.42
1931 1.42
1932 1.41
1933 1.41
1934 1.42
1935 1.41
1936 1.41
1937 1.42
1938 1.42
1939 1.41
1940 1.41
1941 1.41
1942 1.41
1943 1.41
1944 1.41
1945 1.41
1946 1.42
1947 1.41
1948 1.42
1949 1.41
1950 1.42
1951 1.41
1952 1.41
1953 1.41
1954 1.41
1955 1.41
1956 1.40
1957 1.41
1958 1.41
1959 1.41
1960 1.41
1961 1.41
1962 1.41
1963 1.41
1964 1.42
1965 1.41
1966 1.41
1967 1.42
1968 1.41
1969 1.42
1970 1.41
1971 1.41
1972 1.41
1973 1.41
1974 1.42
1975 1.41
1976 1.42
1977 1.42
1978 1.42
1979 1.42
1980 1.41
1981 1.41
1982 1.41
1983 1.41
1984 1.41
1985 1.41
1986 1.41
1987 1.42
1988 1.42
1989 1.42
1990 1.41
1991 1.42
1992 1.41
1993 1.41
1994 1.41
1995 1.41
1996 1.41
1997 1.41
1998 1.40
1999 1.40
