0 1.24
1 1.23
2 1.24
3 1.24
4 1.24
5 1.24
6 1.23
7 1.24
8 1.24
9 1.24
10 1.24
11 1.24
12 1.24
13 1.25
14 1.24
15 1.25
16 1.24
17 1.24
18 1.23
19 1.24
20 1.24
21 1.24
22 1.24
23 1.24
24 1.19
25 1.22
26 1.22
27 1.23
28 1.23
29 1.24
30 1.26
31 1.24
32 1.25
33 1.25
34 1.24
35 1.24
36 1.23
37 1.24
38 1.25
39 1.24
40 1.25
41 1.24
42 1.25
43 1.24
44 1.25
45 1.24
46 1.24
47 1.24
48 1.22
49 1.22
50 1.22
51 1.23
52 1.23
53 1.24
54 1.26
55 1.25
56 1.25
57 1.24
58 1.25
59 1.25
60 1.25
61 1.24
62 1.24
63 1.24
64 1.24
65 1.24
66 1.25
67 1.26
68 1.25
69 1.25
70 1.24
71 1.25
72 1.25
73 1.24
74 1.24
75 1.25
76 1.24
77 1.25
78 1.24
79 1.24
80 1.24
81 1.24
82 1.24
83 1.24
84 1.24
85 1.24
86 1.24
87 1.25
88 1.25
89 1.24
90 1.25
91 1.24
92 1.24
93 1.24
94 1.24
95 1.24
96 1.41
97 1.42
98 1.41
99 1.41
100 1.42
101 1.42
102 1.43
103 1.42
104 1.41
105 1.41
106 1.42
107 1.41
108 1.41
109 1.41
110 1.41
111 1.41
112 1.41
113 1.41
114 1.40
115 1.41
116 1.41
117 1.41
118 1.41
119 1.41
120 1.42
121 1.42
122 1.42
123 1.41
124 1.42
125 1.41
126 1.43
127 1.42
128 1.41
129 1.42
130 1.42
131 1.42
132 1.43
133 1.42
134 1.42
135 1.42
136 1.42
137 1.42
138 1.40
139 1.42
140 1.42
141 1.42
142 1.41
143 1.41
144 1.43
145 1.41
146 1.41
147 1.41
148 1.41
149 1.42
150 1.41
151 1.42
152 1.41
153 1.41
154 1.41
155 1.41
156 1.41
157 1.41
158 1.41
159 1.41
160 1.42
161 1.42
162 1.41
163 1.42
164 1.41
165 1.42
166 1.42
167 1.41
168 1.42
169 1.42
170 1.42
171 1.41
172 1.42
173 1.42
174 1.38
175 1.37
176 1.38
177 1.38
178 1.38
179 1.39
180 1.38
181 1.39
182 1.39
183 1.39
184 1.36
185 1.37
186 1.39
187 1.39
188 1.38
189 1.38
190 1.38
191 1.36
192 1.38
193 1.39
194 1.39
195 1.39
196 1.39
197 1.39
198 1.39
199 1.37
200 1.37
201 1.38
202 1.38
203 1.39
204 1.39
205 1.40
206 1.39
207 1.38
208 1.37
209 1.37
210 1.39
211 1.38
212 1.38
213 1.37
214 1.37
215 1.37
216 1.41
217 1.39
218 1.40
219 1.40
220 1.40
221 1.40
222 1.35
223 1.37
224 1.38
225 1.37
226 1.37
227 1.37
228 1.38
229 1.38
230 1.37
231 1.38
232 1.38
233 1.38
234 1.33
235 1.31
236 1.31
237 1.33
238 1.34
239 1.34
240 1.39
241 1.39
242 1.39
243 1.39
244 1.40
245 1.39
246 1.36
247 1.34
248 1.36
249 1.36
250 1.36
251 1.37
252 1.35
253 1.36
254 1.36
255 1.37
256 1.37
257 1.37
258 1.40
259 1.40
260 1.40
261 1.39
262 1.39
263 1.39
264 1.37
265 1.38
266 1.35
267 1.36
268 1.36
269 1.36
270 1.41
271 1.41
272 1.41
273 1.41
274 1.41
275 1.41
276 1.41
277 1.41
278 1.41
279 1.41
280 1.41
281 1.41
282 1.42
283 1.41
284 1.42
285 1.42
286 1.42
287 1.41
288 1.41
289 1.41
290 1.42
291 1.41
292 1.41
293 1.41
294 1.41
295 1.42
296 1.41
297 1.41
298 1.42
299 1.42
300 1.41
301 1.41
302 1.41
303 1.41
304 1.41
305 1.41
306 1.41
307 1.41
308 1.41
309 1.41
310 1.41
311 1.41
312 1.41
313 1.41
314 1.41
315 1.41
316 1.41
317 1.41
318 1.42
319 1.42
320 1.42
321 1.41
322 1.41
323 1.41
324 1.41
325 1.42
326 1.42
327 1.42
328 1.41
329 1.41
330 1.41
331 1.42
332 1.42
333 1.42
334 1.41
335 1.41
336 1.40
337 1.41
338 1.41
339 1.41
340 1.41
341 1.41
342 1.41
343 1.41
344 1.41
345 1.41
346 1.41
347 1.41
348 1.42
349 1.41
350 1.41
351 1.40
352 1.40
353 1.40
354 1.42
355 1.42
356 1.41
357 1.41
358 1.41
359 1.41
360 1.41
361 1.41
362 1.41
363 1.42
364 1.41
365 1.41
366 1.43
367 1.42
368 1.41
369 1.41
370 1.41
371 1.42
372 1.37
373 1.37
374 1.37
375 1.37
376 1.37
377 1.37
378 1.41
379 1.42
380 1.42
381 1.41
382 1.41
383 1.42
384 1.41
385 1.41
386 1.41
387 1.42
388 1.41
389 1.41
390 1.41
391 1.41
392 1.41
393 1.41
394 1.41
395 1.41
396 1.40
397 1.41
398 1.41
399 1.41
400 1.41
401 1.41
402 1.42
403 1.42
404 1.42
405 1.41
406 1.41
407 1.42
408 1.42
409 1.41
410 1.41
411 1.41
412 1.41
413 1.42
414 1.43
415 1.42
416 1.42
417 1.42
418 1.42
419 1.42
420 1.41
421 1.41
422 1.41
423 1.41
424 1.41
425 1.42
426 1.42
427 1.42
428 1.42
429 1.42
430 1.42
431 1.42
432 1.40
433 1.41
434 1.41
435 1.42
436 1.42
437 1.42
438 1.42
439 1.42
440 1.42
441 1.42
442 1.42
443 1.42
444 1.41
445 1.41
446 1.41
447 1.42
448 1.41
449 1.41
450 1.41
451 1.42
452 1.42
453 1.42
454 1.41
455 1.41
456 1.43
457 1.42
458 1.42
459 1.41
460 1.42
461 1.42
462 1.42
463 1.41
464 1.41
465 1.42
466 1.42
467 1.41
468 1.43
469 1.42
470 1.42
471 1.42
472 1.41
473 1.41
474 1.40
475 1.41
476 1.41
477 1.41
478 1.41
479 1.41
480 1.42
481 1.41
482 1.41
483 1.42
484 1.42
485 1.42
486 1.24
487 1.24
488 1.25
489 1.24
490 1.24
491 1.24
492 1.25
493 1.25
494 1.24
495 1.24
496 1.25
497 1.24
498 1.24
499 1.25
500 1.24
501 1.25
502 1.24
503 1.24
504 1.22
505 1.24
506 1.24
507 1.25
508 1.24
509 1.25
510 1.27
511 1.25
512 1.25
513 1.25
514 1.25
515 1.25
516 1.25
517 1.24
518 1.24
519 1.24
520 1.25
521 1.24
522 1.24
523 1.24
524 1.24
525 1.24
526 1.24
527 1.24
528 1.25
529 1.25
530 1.25
531 1.25
532 1.25
533 1.25
534 1.25
535 1.24
536 1.24
537 1.25
538 1.25
539 1.25
540 1.24
541 1.23
542 1.24
543 1.24
544 1.24
545 1.24
546 1.23
547 1.24
548 1.24
549 1.24
550 1.24
551 1.24
552 1.25
553 1.24
554 1.25
555 1.24
556 1.24
557 1.24
558 1.24
559 1.24
560 1.24
561 1.24
562 1.24
563 1.24
564 1.25
565 1.24
566 1.24
567 1.24
568 1.24
569 1.24
570 1.25
571 1.25
572 1.25
573 1.24
574 1.24
575 1.24
576 1.24
577 1.24
578 1.24
579 1.24
580 1.24
581 1.24
582 1.24
583 1.24
584 1.25
585 1.24
586 1.24
587 1.24
588 1.24
589 1.25
590 1.25
591 1.24
592 1.24
593 1.24
594 1.99
595 1.69
596 1.57
597 1.52
598 1.48
599 1.47
600 1.69
601 1.59
602 1.53
603 1.50
604 1.46
605 1.35
606 1.36
607 1.35
608 1.36
609 1.36
610 1.36
611 1.73
612 1.60
613 1.54
614 1.50
615 1.48
616 1.37
617 1.36
618 1.36
619 1.36
620 1.35
621 1.36
622 1.36
623 1.36
624 1.35
625 1.35
626 1.35
627 1.35
628 1.70
629 1.58
630 1.53
631 1.49
632 1.47
633 1.37
634 1.36
635 1.36
636 1.36
637 1.36
638 1.36
639 1.73
640 1.60
641 1.54
642 1.50
643 1.48
644 1.97
645 1.67
646 1.56
647 1.51
648 1.48
649 1.46
650 1.36
651 1.36
652 1.36
653 1.36
654 1.36
655 1.36
656 1.72
657 1.60
658 1.54
659 1.50
660 1.48
661 1.35
662 1.36
663 1.36
664 1.36
665 1.36
666 1.36
667 1.25
668 1.24
669 1.24
670 1.24
671 1.24
672 1.24
673 1.24
674 1.25
675 1.24
676 1.25
677 1.25
678 1.25
679 1.26
680 1.25
681 1.25
682 1.24
683 1.24
684 1.24
685 1.24
686 1.24
687 1.24
688 1.24
689 1.24
690 1.24
691 1.24
692 1.25
693 1.25
694 1.25
695 1.25
696 1.25
697 1.24
698 1.24
699 1.24
700 1.24
701 1.24
702 1.24
703 1.25
704 1.25
705 1.25
706 1.25
707 1.24
708 1.24
709 1.25
710 1.25
711 1.25
712 1.24
713 1.25
714 1.24
715 1.24
716 1.24
717 1.24
718 1.25
719 1.25
720 1.24
721 1.25
722 1.25
723 1.24
724 1.24
725 1.25
726 1.25
727 1.22
728 1.24
729 1.24
730 1.24
731 1.24
732 1.24
733 1.24
734 1.24
735 1.25
736 1.24
737 1.24
738 1.24
739 1.03
740 1.04
741 1.43
742 1.43
743 1.45
744 1.44
745 1.43
746 1.43
747 1.40
748 1.41
749 1.40
750 1.40
751 1.40
752 1.40
753 1.40
754 1.43
755 1.42
756 1.42
757 1.41
758 1.42
759 1.43
760 1.44
761 1.43
762 1.41
763 1.43
764 1.43
765 1.40
766 1.40
767 1.40
768 1.41
769 1.41
770 1.40
771 1.44
772 1.42
773 1.40
774 1.43
775 1.42
776 1.42
777 1.39
778 1.43
779 1.42
780 1.42
781 1.41
782 1.41
783 1.40
784 1.41
785 1.42
786 1.41
787 1.42
788 1.41
789 1.53
790 1.47
791 1.45
792 1.42
793 1.43
794 1.42
795 1.40
796 1.43
797 1.42
798 1.42
799 1.41
800 1.40
801 1.34
802 1.40
803 1.40
804 1.40
805 1.40
806 1.40
807 1.41
808 1.40
809 1.40
810 1.40
811 1.40
812 1.40
813 1.42
814 1.42
815 1.41
816 1.41
817 1.41
818 1.40
819 1.40
820 1.40
821 1.40
822 1.40
823 1.41
824 1.41
825 1.61
826 1.50
827 1.47
828 1.45
829 1.44
830 1.44
831 1.41
832 1.46
833 1.44
834 1.43
835 1.42
836 1.44
837 1.40
838 1.41
839 1.40
840 1.41
841 1.41
842 1.40
843 1.41
844 1.40
845 1.40
846 1.40
847 1.40
848 1.40
849 1.01
850 1.02
851 1.00
852 1.00
853 1.00
854 1.00
855 1.00
856 1.00
857 1.42
858 1.42
859 1.42
860 1.42
861 1.42
862 1.42
863 1.39
864 1.40
865 1.40
866 1.40
867 1.41
868 1.41
869 1.42
870 1.42
871 1.42
872 1.42
873 1.42
874 1.42
875 1.42
876 1.42
877 1.42
878 1.41
879 1.42
880 1.42
881 1.42
882 1.41
883 1.42
884 1.42
885 1.41
886 1.41
887 1.40
888 1.42
889 1.41
890 1.41
891 1.41
892 1.41
893 1.41
894 1.41
895 1.41
896 1.41
897 1.41
898 1.42
899 1.44
900 1.41
901 1.42
902 1.42
903 1.42
904 1.42
905 1.42
906 1.41
907 1.42
908 1.41
909 1.42
910 1.42
911 1.41
912 1.41
913 1.41
914 1.41
915 1.42
916 1.42
917 1.41
918 1.41
919 1.42
920 1.41
921 1.41
922 1.42
923 1.41
924 1.42
925 1.42
926 1.42
927 1.42
928 1.42
929 1.41
930 1.41
931 1.41
932 1.41
933 1.41
934 1.41
935 1.40
936 1.41
937 1.41
938 1.41
939 1.41
940 1.41
941 1.42
942 1.41
943 1.41
944 1.41
945 1.41
946 1.41
947 1.42
948 1.42
949 1.42
950 1.42
951 1.42
952 1.42
953 1.42
954 1.42
955 1.42
956 1.41
957 1.42
958 1.42
959 1.43
960 1.42
961 1.42
962 1.42
963 1.42
964 1.42
965 1.41
966 1.41
967 1.41
968 1.41
969 1.41
970 1.41
971 1.42
972 1.41
973 1.41
974 1.41
975 1.41
976 1.41
977 1.42
978 1.42
979 1.41
980 1.41
981 1.41
982 1.41
983 1.42
984 1.41
985 1.41
986 1.41
987 1.42
988 1.42
989 1.42
990 1.41
991 1.41
992 1.41
993 1.41
994 1.41
995 1.41
996 1.41
997 1.41
998 1.41
999 1.41
1000 1.41
1001 1.42
1002 1.41
1003 1.42
1004 1.41
1005 1.41
1006 1.41
1007 1.40
1008 1.41
1009 1.41
1010 1.41
1011 1.41
1012 1.41
1013 1.43
1014 1.42
1015 1.42
1016 1.42
1017 1.41
1018 1.42
1019 1.42
1020 1.41
1021 1.41
1022 1.42
1023 1.41
1024 1.42
1025 1.41
1026 1.41
1027 1.41
1028 1.41
1029 1.41
1030 1.41
1031 1.41
1032 1.41
1033 1.41
1034 1.41
1035 1.41
1036 1.41
1037 1.41
1038 1.41
1039 1.41
1040 1.41
1041 1.41
1042 1.41
1043 1.41
1044 1.41
1045 1.41
1046 1.41
1047 1.41
1048 1.41
1049 1.41
1050 1.41
1051 1.41
1052 1.41
1053 1.41
1054 1.41
1055 1.41
1056 1.41
1057 1.41
1058 1.41
1059 1.42
1060 1.41
1061 1.41
1062 1.41
1063 1.41
1064 1.41
1065 1.41
1066 1.41
1067 1.42
1068 1.41
1069 1.41
1070 1.41
1071 1.41
1072 1.41
1073 1.37
1074 1.36
1075 1.36
1076 1.36
1077 1.36
1078 1.36
1079 1.79
1080 1.65
1081 1.58
1082 1.53
1083 1.51
1084 1.80
1085 1.66
1086 1.57
1087 1.54
1088 1.51
1089 1.83
1090 1.67
1091 1.59
1092 1.55
1093 1.52
1094 1.82
1095 1.66
1096 1.59
1097 1.55
1098 1.52
1099 1.36
1100 1.36
1101 1.36
1102 1.36
1103 1.36
1104 1.36
1105 1.36
1106 1.36
1107 1.36
1108 1.36
1109 1.36
1110 1.36
1111 1.37
1112 1.37
1113 1.37
1114 1.37
1115 1.37
1116 1.37
1117 1.84
1118 1.68
1119 1.60
1120 1.55
1121 1.52
1122 1.37
1123 1.37
1124 1.37
1125 1.36
1126 1.37
1127 1.37
1128 1.36
1129 1.36
1130 1.36
1131 1.36
1132 1.36
1133 1.36
1134 1.84
1135 1.68
1136 1.60
1137 1.55
1138 1.52
1139 1.84
1140 1.69
1141 1.60
1142 1.55
1143 1.52
1144 1.78
1145 1.64
1146 1.57
1147 1.53
1148 1.50
1149 1.39
1150 1.38
1151 1.37
1152 1.37
1153 1.36
1154 1.37
1155 1.38
1156 1.36
1157 1.37
1158 1.36
1159 1.36
1160 1.36
1161 1.22
1162 1.22
1163 1.21
1164 1.21
1165 1.21
1166 1.21
1167 1.21
1168 1.22
1169 1.21
1170 1.21
1171 1.21
1172 1.21
1173 1.23
1174 1.22
1175 1.21
1176 1.21
1177 1.22
1178 1.21
1179 1.21
1180 1.22
1181 1.21
1182 1.21
1183 1.21
1184 1.22
1185 1.21
1186 1.21
1187 1.21
1188 1.21
1189 1.21
1190 1.21
1191 1.23
1192 1.22
1193 1.22
1194 1.22
1195 1.21
1196 1.22
1197 1.21
1198 1.21
1199 1.21
1200 1.21
1201 1.22
1202 1.21
1203 1.22
1204 1.22
1205 1.22
1206 1.22
1207 1.21
1208 1.22
1209 1.21
1210 1.22
1211 1.21
1212 1.22
1213 1.21
1214 1.22
1215 1.22
1216 1.22
1217 1.21
1218 1.21
1219 1.21
1220 1.22
1221 1.21
1222 1.21
1223 1.21
1224 1.21
1225 1.21
1226 1.21
1227 1.21
1228 1.21
1229 1.21
1230 1.21
1231 1.21
1232 1.21
1233 1.21
1234 1.21
1235 1.21
1236 1.21
1237 1.21
1238 1.21
1239 1.21
1240 1.21
1241 1.22
1242 1.21
1243 1.21
1244 1.21
1245 1.22
1246 1.21
1247 1.21
1248 1.21
1249 1.21
1250 1.21
1251 1.21
1252 1.21
1253 1.21
1254 1.21
1255 1.21
1256 1.21
1257 1.22
1258 1.22
1259 1.22
1260 1.22
1261 1.21
1262 1.21
1263 1.40
1264 1.40
1265 1.40
1266 1.41
1267 1.41
1268 1.40
1269 1.42
1270 1.42
1271 1.42
1272 1.42
1273 1.42
1274 1.42
1275 1.42
1276 1.41
1277 1.42
1278 1.42
1279 1.41
1280 1.41
1281 1.42
1282 1.42
1283 1.41
1284 1.42
1285 1.42
1286 1.42
1287 1.41
1288 1.38
1289 1.40
1290 1.40
1291 1.40
1292 1.40
1293 1.41
1294 1.39
1295 1.40
1296 1.40
1297 1.40
1298 1.39
1299 1.39
1300 1.40
1301 1.39
1302 1.39
1303 1.39
1304 1.39
1305 1.39
1306 1.39
1307 1.39
1308 1.39
1309 1.39
1310 1.39
1311 1.40
1312 1.39
1313 1.40
1314 1.40
1315 1.39
1316 1.39
1317 1.39
1318 1.39
1319 1.39
1320 1.39
1321 1.39
1322 1.39
1323 1.40
1324 1.40
1325 1.40
1326 1.39
1327 1.40
1328 1.40
1329 1.39
1330 1.40
1331 1.40
1332 1.39
1333 1.40
1334 1.40
1335 1.37
1336 1.39
1337 1.39
1338 1.39
1339 1.39
1340 1.39
1341 1.36
1342 1.39
1343 1.39
1344 1.39
1345 1.39
1346 1.39
1347 1.41
1348 1.40
1349 1.40
1350 1.39
1351 1.40
1352 1.40
1353 1.40
1354 1.39
1355 1.39
1356 1.39
1357 1.40
1358 1.39
1359 1.39
1360 1.40
1361 1.40
1362 1.40
1363 1.40
1364 1.40
1365 1.40
1366 1.40
1367 1.40
1368 1.39
1369 1.40
1370 1.39
1371 1.37
1372 1.38
1373 1.39
1374 1.39
1375 1.40
1376 1.39
1377 1.40
1378 1.40
1379 1.40
1380 1.40
1381 1.40
1382 1.39
1383 1.38
1384 1.40
1385 1.39
1386 1.40
1387 1.40
1388 1.40
1389 1.38
1390 1.39
1391 1.40
1392 1.39
1393 1.40
1394 1.39
1395 1.41
1396 1.40
1397 1.40
1398 1.40
1399 1.40
1400 1.40
1401 1.40
1402 1.40
1403 1.40
1404 1.39
1405 1.40
1406 1.40
1407 1.40
1408 1.40
1409 1.40
1410 1.40
1411 1.40
1412 1.40
1413 1.39
1414 1.39
1415 1.40
1416 1.40
1417 1.39
1418 1.40
1419 1.41
1420 1.39
1421 1.40
1422 1.39
1423 1.39
1424 1.40
1425 1.40
1426 1.40
1427 1.40
1428 1.40
1429 1.40
1430 1.40
1431 1.39
1432 1.39
1433 1.39
1434 1.39
1435 1.39
1436 1.39
1437 1.38
1438 1.39
1439 1.39
1440 1.40
1441 1.39
1442 1.39
1443 1.37
1444 1.39
1445 1.39
1446 1.40
1447 1.39
1448 1.39
1449 1.41
1450 1.40
1451 1.40
1452 1.40
1453 1.40
1454 1.40
1455 1.44
1456 1.42
1457 1.42
1458 1.41
1459 1.41
1460 1.42
1461 1.43
1462 1.42
1463 1.42
1464 1.42
1465 1.42
1466 1.42
1467 1.40
1468 1.42
1469 1.41
1470 1.42
1471 1.42
1472 1.42
1473 1.43
1474 1.42
1475 1.42
1476 1.42
1477 1.42
1478 1.42
1479 1.41
1480 1.41
1481 1.42
1482 1.42
1483 1.42
1484 1.42
1485 1.40
1486 1.41
1487 1.41
1488 1.41
1489 1.42
1490 1.41
1491 1.41
1492 1.42
1493 1.41
1494 1.39
1495 1.39
1496 1.40
1497 1.42
1498 1.41
1499 1.42
1500 1.42
1501 1.42
1502 1.41
1503 1.41
1504 1.42
1505 1.41
1506 1.42
1507 1.42
1508 1.42
1509 1.43
1510 1.42
1511 1.42
1512 1.42
1513 1.42
1514 1.42
1515 1.43
1516 1.41
1517 1.42
1518 1.41
1519 1.42
1520 1.41
1521 1.41
1522 1.41
1523 1.41
1524 1.41
1525 1.41
1526 1.41
1527 1.42
1528 1.42
1529 1.42
1530 1.42
1531 1.42
1532 1.42
1533 1.41
1534 1.42
1535 1.42
1536 1.41
1537 1.42
1538 1.42
1539 1.42
1540 1.42
1541 1.41
1542 1.42
1543 1.42
1544 1.42
1545 1.41
1546 1.41
1547 1.41
1548 1.41
1549 1.41
1550 1.42
1551 1.42
1552 1.42
1553 1.41
1554 1.42
1555 1.42
1556 1.41
1557 1.42
1558 1.41
1559 1.42
1560 1.42
1561 1.41
1562 1.41
1563 1.43
1564 1.42
1565 1.42
1566 1.42
1567 1.41
1568 1.41
1569 1.41
1570 1.41
1571 1.41
1572 1.41
1573 1.41
1574 1.41
1575 1.42
1576 1.41
1577 1.41
1578 1.42
1579 1.42
1580 1.42
1581 1.41
1582 1.42
1583 1.41
1584 1.41
1585 1.41
1586 1.41
1587 1.42
1588 1.42
1589 1.42
1590 1.41
1591 1.42
1592 1.42
1593 1.42
1594 1.42
1595 1.42
1596 1.42
1597 1.42
1598 1.42
1599 1.41
1600 1.41
1601 1.41
1602 1.41
1603 1.41
1604 1.41
1605 1.39
1606 1.41
1607 1.41
1608 1.41
1609 1.41
1610 1.41
1611 1.41
1612 1.42
1613 1.41
1614 1.41
1615 1.41
1616 1.41
1617 1.41
1618 1.41
1619 1.42
1620 1.42
1621 1.42
1622 1.41
1623 1.40
1624 1.42
1625 1.41
1626 1.42
1627 1.41
1628 1.41
1629 1.42
1630 1.41
1631 1.41
1632 1.41
1633 1.42
1634 1.41
1635 1.41
1636 1.42
1637 1.42
1638 1.38
1639 1.36
1640 1.37
1641 1.42
1642 1.41
1643 1.42
1644 1.42
1645 1.41
1646 1.42
1647 1.41
1648 1.42
1649 1.42
1650 1.41
1651 1.42
1652 1.41
1653 1.32
1654 1.32
1655 1.32
1656 1.32
1657 1.31
1658 1.31
1659 1.12
1660 1.14
1661 1.14
1662 1.14
1663 1.14
1664 1.14
1665 1.16
1666 1.16
1667 1.16
1668 1.16
1669 1.16
1670 1.16
1671 1.17
1672 1.17
1673 1.16
1674 1.16
1675 1.16
1676 1.16
1677 1.17
1678 1.16
1679 1.15
1680 1.16
1681 1.16
1682 1.16
1683 1.16
1684 1.16
1685 1.16
1686 1.15
1687 1.15
1688 1.16
1689 1.16
1690 1.16
1691 1.15
1692 1.16
1693 1.16
1694 1.16
1695 1.15
1696 1.16
1697 1.16
1698 1.16
1699 1.16
1700 1.16
1701 1.17
1702 1.16
1703 1.16
1704 1.16
1705 1.16
1706 1.16
1707 1.41
1708 1.42
1709 1.42
1710 1.42
1711 1.42
1712 1.42
1713 1.41
1714 1.41
1715 1.41
1716 1.41
1717 1.42
1718 1.41
1719 1.41
1720 1.42
1721 1.42
1722 1.42
1723 1.42
1724 1.42
1725 1.43
1726 1.42
1727 1.42
1728 1.42
1729 1.41
1730 1.42
1731 1.43
1732 1.42
1733 1.42
1734 1.42
1735 1.42
1736 1.42
1737 1.44
1738 1.42
1739 1.42
1740 1.41
1741 1.42
1742 1.42
1743 1.41
1744 1.41
1745 1.42
1746 1.42
1747 1.42
1748 1.42
1749 1.42
1750 1.41
1751 1.41
1752 1.41
1753 1.41
1754 1.41
1755 1.42
1756 1.42
1757 1.42
1758 1.41
1759 1.42
1760 1.41
1761 1.42
1762 1.42
1763 1.42
1764 1.42
1765 1.42
1766 1.42
1767 1.42
1768 1.41
1769 1.42
1770 1.42
1771 1.42
1772 1.41
1773 1.40
1774 1.41
1775 1.41
1776 1.41
1777 1.42
1778 1.42
1779 1.41
1780 1.42
1781 1.41
1782 1.41
1783 1.41
1784 1.42
1785 1.42
1786 1.42
1787 1.42
1788 1.42
1789 1.42
1790 1.42
1791 1.42
1792 1.41
1793 1.42
1794 1.42
1795 1.42
1796 1.42
1797 1.42
1798 1.41
1799 1.42
1800 1.42
1801 1.42
1802 1.41
1803 1.44
1804 1.42
1805 1.42
1806 1.42
1807 1.42
1808 1.42
1809 1.42
1810 1.41
1811 1.41
1812 1.42
1813 1.42
1814 1.41
1815 1.41
1816 1.41
1817 1.42
1818 1.41
1819 1.42
1820 1.41
1821 1.40
1822 1.41
1823 1.41
1824 1.41
1825 1.41
1826 1.41
1827 1.42
1828 1.42
1829 1.42
1830 1.42
1831 1.42
1832 1.42
1833 1.40
1834 1.41
1835 1.40
1836 1.41
1837 1.41
1838 1.41
1839 1.42
1840 1.41
1841 1.42
1842 1.42
1843 1.42
1844 1.42
1845 1.40
1846 1.40
1847 1.40
1848 1.41
1849 1.41
1850 1.41
1851 1.41
1852 1.42
1853 1.42
1854 1.42
1855 1.42
1856 1.42
1857 1.41
1858 1.42
1859 1.42
1860 1.41
1861 1.42
1862 1.41
1863 1.44
1864 1.43
1865 1.42
1866 1.42
1867 1.42
1868 1.42
1869 1.40
1870 1.41
1871 1.42
1872 1.41
1873 1.42
1874 1.42
1875 1.42
1876 1.42
1877 1.42
1878 1.41
1879 1.41
1880 1.42
1881 1.43
1882 1.42
1883 1.41
1884 1.41
1885 1.41
1886 1.41
1887 1.40
1888 1.41
1889 1.41
1890 1.41
1891 1.42
1892 1.41
1893 1.41
1894 1.41
1895 1.41
1896 1.41
1897 1.41
1898 1.42
1899 1.42
1900 1.42
1901 1.42
1902 1.42
1903 1.42
1904 1.42
1905 1.42
1906 1.42
1907 1.42
1908 1.42
1909 1.41
1910 1.42
1911 1.41
1912 1.42
1913 1.41
1914 1.41
1915 1.42
1916 1.42
1917 1.40
1918 1.41
1919 1.41
1920 1.41
1921 1.42
1922 1.41
1923 1.43
1924 1.42
1925 1.42
1926 1.42
1927 1.42
1928 1.42
1929 1.42
1930 1.42
1931 1.42
1932 1.41
1933 1.42
1934 1.42
1935 1.42
1936 1.42
1937 1.41
1938 1.42
1939 1.42
1940 1.42
1941 1.40
1942 1.41
1943 1.41
1944 1.41
1945 1.41
1946 1.41
1947 1.42
1948 1.41
1949 1.42
1950 1.42
1951 1.41
1952 1.42
1953 1.41
1954 1.42
1955 1.41
1956 1.41
1957 1.41
1958 1.41
1959 1.42
1960 1.42
1961 1.42
1962 1.42
1963 1.42
1964 1.42
1965 1.41
1966 1.41
1967 1.41
1968 1.41
1969 1.41
1970 1.41
1971 1.42
1972 1.41
1973 1.42
1974 1.42
1975 1.41
1976 1.42
1977 1.41
1978 1.42
1979 1.41
1980 1.41
1981 1.42
1982 1.41
1983 1.43
1984 1.42
1985 1.41
1986 1.41
1987 1.42
1988 1.41
1989 1.40
1990 1.42
1991 1.41
1992 1.42
1993 1.42
1994 1.42
1995 1.41
1996 1.41
1997 1.41
1998 1.42
1999 1.42
