0 1.39
1 1.38
2 1.38
3 1.38
4 1.39
5 1.40
6 1.39
7 1.39
8 1.39
9 1.39
10 1.44
11 1.41
12 1.40
13 1.39
14 1.39
15 1.39
16 1.38
17 1.39
18 1.39
19 1.39
20 1.39
21 1.39
22 1.39
23 1.39
24 1.39
25 1.38
26 1.39
27 1.39
28 1.37
29 1.37
30 1.38
31 1.38
32 1.38
33 1.39
34 1.34
35 1.36
36 1.36
37 1.36
38 1.36
39 1.36
40 1.38
41 1.38
42 1.38
43 1.37
44 1.37
45 1.37
46 1.96
47 1.97
48 1.97
49 1.98
50 1.99
51 1.79
52 1.76
53 1.80
54 1.78
55 1.83
56 1.87
57 1.85
58 1.65
59 1.66
60 1.61
61 1.64
62 1.62
63 1.85
64 1.83
65 1.68
66 1.56
67 1.51
68 1.47
69 1.09
70 1.47
71 1.47
72 1.47
73 1.47
74 1.47
75 1.47
76 1.47
77 1.47
78 1.47
79 1.47
80 1.47
81 1.47
82 1.48
83 1.47
84 1.47
85 1.47
86 1.47
87 1.47
88 1.48
89 1.47
90 1.48
91 1.48
92 1.47
93 1.47
94 1.48
95 1.48
96 1.48
97 1.47
98 1.48
99 1.48
100 1.48
101 1.47
102 1.48
103 1.47
104 1.48
105 1.48
106 1.72
107 1.60
108 1.54
109 1.50
110 1.48
111 1.76
112 1.62
113 1.56
114 1.52
115 1.49
116 1.72
117 1.60
118 1.54
119 1.50
120 1.48
121 1.71
122 1.59
123 1.54
124 1.50
125 1.48
126 1.73
127 1.60
128 1.55
129 1.51
130 1.48
131 1.75
132 1.61
133 1.55
134 1.51
135 1.49
136 1.71
137 1.59
138 1.53
139 1.50
140 1.48
141 1.73
142 1.60
143 1.54
144 1.51
145 1.48
146 1.74
147 1.61
148 1.55
149 1.51
150 1.49
151 1.71
152 1.59
153 1.54
154 1.50
155 1.48
156 1.73
157 1.61
158 1.55
159 1.51
160 1.48
161 1.73
162 1.60
163 1.54
164 1.51
165 1.48
166 1.72
167 1.59
168 1.54
169 1.50
170 1.48
171 1.74
172 1.61
173 1.55
174 1.51
175 1.49
176 1.76
177 1.63
178 1.56
179 1.52
180 1.49
181 1.72
182 1.60
183 1.54
184 1.50
185 1.48
186 1.73
187 1.61
188 1.55
189 1.51
190 1.48
191 1.72
192 1.60
193 1.54
194 1.50
195 1.48
196 1.80
197 1.80
198 1.81
199 1.81
200 1.81
201 1.81
202 1.82
203 1.81
204 1.81
205 1.81
206 1.81
207 1.81
208 1.82
209 1.81
210 1.81
211 1.81
212 1.81
213 1.81
214 1.81
215 1.81
216 1.81
217 1.81
218 1.81
219 1.81
220 1.82
221 1.81
222 1.81
223 1.81
224 1.81
225 1.81
226 1.81
227 1.81
228 1.81
229 1.81
230 1.81
231 1.81
232 1.81
233 1.81
234 1.81
235 1.81
236 1.81
237 1.81
238 1.80
239 1.81
240 1.81
241 1.81
242 1.81
243 1.81
244 1.80
245 1.81
246 1.81
247 1.81
248 1.81
249 1.81
250 1.81
251 1.81
252 1.81
253 1.81
254 1.81
255 1.81
256 1.82
257 1.82
258 1.82
259 1.82
260 1.81
261 1.81
262 1.81
263 1.81
264 1.81
265 1.81
266 1.81
267 1.81
268 1.81
269 1.81
270 1.81
271 1.81
272 1.81
273 1.81
274 1.81
275 1.81
276 1.80
277 1.79
278 1.80
279 1.80
280 1.82
281 1.80
282 1.79
283 1.79
284 1.79
285 1.80
286 1.81
287 1.81
288 1.81
289 1.81
290 1.81
291 1.81
292 1.79
293 1.79
294 1.80
295 1.81
296 1.81
297 1.80
298 1.82
299 1.79
300 1.79
301 1.79
302 1.79
303 1.80
304 1.42
305 1.42
306 1.42
307 1.42
308 1.42
309 1.42
310 1.42
311 1.42
312 1.42
313 1.42
314 1.42
315 1.42
316 1.43
317 1.43
318 1.43
319 1.42
320 1.43
321 1.42
322 1.43
323 1.43
324 1.43
325 1.43
326 1.43
327 1.43
328 1.42
329 1.42
330 1.42
331 1.42
332 1.42
333 1.42
334 1.41
335 1.42
336 1.42
337 1.42
338 1.42
339 1.42
340 1.43
341 1.43
342 1.43
343 1.43
344 1.43
345 1.43
346 1.42
347 1.42
348 1.42
349 1.42
350 1.42
351 1.42
352 1.41
353 1.42
354 1.42
355 1.42
356 1.42
357 1.42
358 1.41
359 1.42
360 1.42
361 1.42
362 1.42
363 1.42
364 1.43
365 1.43
366 1.42
367 1.43
368 1.42
369 1.43
370 1.42
371 1.41
372 1.42
373 1.42
374 1.42
375 1.42
376 1.40
377 1.41
378 1.41
379 1.41
380 1.41
381 1.41
382 1.42
383 1.42
384 1.42
385 1.42
386 1.42
387 1.42
388 1.42
389 1.43
390 1.43
391 1.43
392 1.42
393 1.42
394 1.42
395 1.42
396 1.42
397 1.42
398 1.42
399 1.42
400 1.42
401 1.42
402 1.42
403 1.42
404 1.42
405 1.42
406 1.43
407 1.42
408 1.43
409 1.42
410 1.43
411 1.42
412 1.79
413 1.80
414 1.80
415 1.80
416 1.80
417 1.80
418 1.80
419 1.80
420 1.80
421 1.80
422 1.81
423 1.81
424 1.81
425 1.81
426 1.80
427 1.80
428 1.80
429 1.81
430 1.79
431 1.80
432 1.80
433 1.80
434 1.80
435 1.80
436 1.80
437 1.80
438 1.80
439 1.80
440 1.80
441 1.80
442 1.79
443 1.80
444 1.80
445 1.80
446 1.80
447 1.80
448 1.80
449 1.80
450 1.80
451 1.80
452 1.80
453 1.81
454 1.81
455 1.80
456 1.80
457 1.80
458 1.81
459 1.80
460 1.80
461 1.80
462 1.80
463 1.80
464 1.79
465 1.80
466 1.80
467 1.81
468 1.80
469 1.80
470 1.81
471 1.80
472 1.81
473 1.81
474 1.80
475 1.80
476 1.80
477 1.80
478 1.77
479 1.77
480 1.79
481 1.78
482 1.78
483 1.78
484 1.80
485 1.81
486 1.80
487 1.80
488 1.80
489 1.81
490 1.80
491 1.80
492 1.80
493 1.80
494 1.81
495 1.80
496 1.13
497 1.16
498 1.14
499 1.07
500 1.04
501 1.02
502 1.40
503 1.40
504 1.40
505 1.39
506 1.39
507 1.39
508 1.21
509 1.21
510 1.20
511 1.19
512 1.23
513 1.24
514 1.40
515 1.38
516 1.40
517 1.40
518 1.40
519 1.40
520 1.40
521 1.40
522 1.40
523 1.40
524 1.39
525 1.40
526 1.40
527 1.39
528 1.39
529 1.39
530 1.40
531 1.39
532 1.41
533 1.40
534 1.40
535 1.40
536 1.40
537 1.40
538 1.39
539 1.40
540 1.40
541 1.40
542 1.40
543 1.40
544 1.38
545 1.40
546 1.39
547 1.40
548 1.40
549 1.40
550 1.39
551 1.39
552 1.39
553 1.39
554 1.40
555 1.39
556 1.39
557 1.40
558 1.39
559 1.39
560 1.39
561 1.39
562 1.28
563 1.28
564 1.27
565 1.28
566 1.28
567 1.28
568 1.27
569 1.28
570 1.27
571 1.27
572 1.27
573 1.27
574 1.27
575 1.27
576 1.27
577 1.27
578 1.27
579 1.27
580 1.28
581 1.27
582 1.27
583 1.27
584 1.27
585 1.27
586 1.27
587 1.28
588 1.28
589 1.28
590 1.28
591 1.27
592 1.28
593 1.27
594 1.27
595 1.27
596 1.27
597 1.27
598 1.28
599 1.28
600 1.27
601 1.27
602 1.27
603 1.27
604 1.27
605 1.27
606 1.27
607 1.27
608 1.27
609 1.27
610 1.28
611 1.27
612 1.27
613 1.27
614 1.27
615 1.27
616 1.27
617 1.27
618 1.27
619 1.27
620 1.27
621 1.27
622 1.28
623 1.27
624 1.27
625 1.27
626 1.27
627 1.27
628 1.27
629 1.27
630 1.27
631 1.27
632 1.27
633 1.27
634 1.41
635 1.41
636 1.41
637 1.41
638 1.41
639 1.41
640 1.40
641 1.41
642 1.41
643 1.41
644 1.41
645 1.42
646 1.41
647 1.41
648 1.42
649 1.41
650 1.41
651 1.41
652 1.38
653 1.40
654 1.40
655 1.40
656 1.40
657 1.41
658 1.40
659 1.41
660 1.42
661 1.42
662 1.41
663 1.41
664 1.42
665 1.41
666 1.41
667 1.41
668 1.41
669 1.41
670 1.40
671 1.41
672 1.41
673 1.41
674 1.41
675 1.41
676 1.42
677 1.41
678 1.41
679 1.42
680 1.42
681 1.41
682 1.42
683 1.42
684 1.41
685 1.42
686 1.42
687 1.42
688 1.40
689 1.42
690 1.41
691 1.41
692 1.42
693 1.42
694 1.41
695 1.41
696 1.41
697 1.41
698 1.41
699 1.41
700 1.42
701 1.42
702 1.41
703 1.42
704 1.42
705 1.41
706 1.41
707 1.42
708 1.41
709 1.41
710 1.41
711 1.42
712 1.41
713 1.41
714 1.42
715 1.41
716 1.41
717 1.41
718 1.41
719 1.41
720 1.41
721 1.41
722 1.41
723 1.41
724 1.43
725 1.42
726 1.42
727 1.42
728 1.42
729 1.41
730 1.43
731 1.42
732 1.42
733 1.42
734 1.41
735 1.42
736 1.41
737 1.41
738 1.41
739 1.41
740 1.41
741 1.41
742 1.59
743 1.51
744 1.53
745 1.52
746 1.51
747 1.49
748 1.59
749 1.51
750 1.53
751 1.52
752 1.51
753 1.51
754 1.56
755 1.57
756 1.55
757 1.52
758 1.52
759 1.49
760 1.56
761 1.53
762 1.53
763 1.51
764 1.52
765 1.50
766 1.56
767 1.54
768 1.52
769 1.51
770 1.51
771 1.50
772 1.56
773 1.55
774 1.54
775 1.53
776 1.51
777 1.51
778 1.56
779 1.56
780 1.53
781 1.51
782 1.51
783 1.50
784 1.59
785 1.51
786 1.53
787 1.52
788 1.50
789 1.50
790 1.55
791 1.54
792 1.54
793 1.52
794 1.51
795 1.50
796 1.56
797 1.53
798 1.52
799 1.51
800 1.50
801 1.50
802 1.56
803 1.56
804 1.52
805 1.52
806 1.51
807 1.50
808 1.55
809 1.55
810 1.53
811 1.52
812 1.51
813 1.50
814 1.57
815 1.49
816 1.52
817 1.51
818 1.50
819 1.50
820 1.55
821 1.54
822 1.50
823 1.51
824 1.50
825 1.49
826 1.55
827 1.55
828 1.53
829 1.49
830 1.50
831 1.51
832 1.56
833 1.56
834 1.54
835 1.53
836 1.52
837 1.51
838 1.58
839 1.54
840 1.51
841 1.51
842 1.50
843 1.51
844 1.60
845 1.52
846 1.54
847 1.52
848 1.51
849 1.51
850 1.44
851 1.43
852 1.42
853 1.40
854 1.41
855 1.41
856 1.42
857 1.38
858 1.39
859 1.40
860 1.39
861 1.39
862 1.42
863 1.42
864 1.42
865 1.43
866 1.42
867 1.42
868 1.42
869 1.42
870 1.42
871 1.42
872 1.42
873 1.42
874 1.42
875 1.42
876 1.42
877 1.42
878 1.43
879 1.43
880 1.42
881 1.42
882 1.42
883 1.43
884 1.43
885 1.42
886 1.43
887 1.42
888 1.42
889 1.42
890 1.41
891 1.42
892 1.43
893 1.43
894 1.43
895 1.42
896 1.42
897 1.42
898 1.43
899 1.42
900 1.43
901 1.43
902 1.43
903 1.43
904 1.43
905 1.42
906 1.43
907 1.43
908 1.43
909 1.43
910 1.43
911 1.43
912 1.42
913 1.42
914 1.42
915 1.42
916 1.08
917 1.08
918 1.07
919 1.08
920 1.07
921 1.04
922 1.08
923 1.08
924 1.07
925 1.08
926 1.07
927 1.07
928 1.08
929 1.07
930 1.07
931 1.08
932 1.08
933 1.08
934 1.07
935 1.06
936 1.07
937 1.07
938 1.07
939 1.07
940 1.07
941 1.07
942 1.07
943 1.08
944 1.08
945 1.08
946 1.08
947 1.08
948 1.08
949 1.08
950 1.07
951 1.08
952 1.07
953 1.07
954 1.07
955 1.07
956 1.07
957 1.07
958 1.08
959 1.08
960 1.08
961 1.08
962 1.08
963 1.08
964 1.08
965 1.08
966 1.08
967 1.08
968 1.07
969 1.08
970 1.94
971 1.23
972 1.25
973 1.25
974 1.25
975 1.25
976 1.24
977 1.25
978 1.25
979 1.24
980 1.25
981 1.24
982 1.25
983 1.25
984 1.25
985 1.25
986 1.25
987 1.24
988 1.25
989 1.24
990 1.24
991 1.24
992 1.24
993 1.24
994 1.24
995 1.27
996 1.26
997 1.25
998 1.25
999 1.24
1000 1.24
1001 1.25
1002 1.25
1003 1.25
1004 1.24
1005 1.25
1006 1.25
1007 1.23
1008 1.25
1009 1.24
1010 1.25
1011 1.25
1012 1.25
1013 1.24
1014 1.24
1015 1.25
1016 1.25
1017 1.25
1018 1.25
1019 1.25
1020 1.25
1021 1.24
1022 1.25
1023 1.25
1024 1.24
1025 1.24
1026 1.24
1027 1.24
1028 1.25
1029 1.24
1030 1.24
1031 1.23
1032 1.24
1033 1.24
1034 1.24
1035 1.24
1036 1.24
1037 1.23
1038 1.24
1039 1.24
1040 1.24
1041 1.24
1042 1.24
1043 1.23
1044 1.25
1045 1.22
1046 1.24
1047 1.24
1048 1.24
1049 1.22
1050 1.23
1051 1.24
1052 1.24
1053 1.24
1054 1.24
1055 1.24
1056 1.25
1057 1.24
1058 1.24
1059 1.25
1060 1.24
1061 1.24
1062 1.24
1063 1.24
1064 1.24
1065 1.25
1066 1.24
1067 1.26
1068 1.24
1069 1.24
1070 1.24
1071 1.24
1072 1.24
1073 1.24
1074 1.25
1075 1.24
1076 1.24
1077 1.25
1078 1.24
1079 1.42
1080 1.42
1081 1.41
1082 1.41
1083 1.41
1084 1.40
1085 1.40
1086 1.40
1087 1.39
1088 1.40
1089 1.40
1090 1.40
1091 1.40
1092 1.40
1093 1.40
1094 1.40
1095 1.40
1096 1.40
1097 1.36
1098 1.42
1099 1.41
1100 1.42
1101 1.42
1102 1.41
1103 1.42
1104 1.42
1105 1.42
1106 1.42
1107 1.41
1108 1.41
1109 1.43
1110 1.44
1111 1.43
1112 1.43
1113 1.43
1114 1.43
1115 1.42
1116 1.42
1117 1.42
1118 1.41
1119 1.42
1120 1.42
1121 1.46
1122 1.44
1123 1.44
1124 1.43
1125 1.43
1126 1.42
1127 1.40
1128 1.40
1129 1.39
1130 1.40
1131 1.40
1132 1.40
1133 1.43
1134 1.41
1135 1.40
1136 1.41
1137 1.41
1138 1.41
1139 1.40
1140 1.40
1141 1.41
1142 1.41
1143 1.42
1144 1.41
1145 1.41
1146 1.41
1147 1.41
1148 1.41
1149 1.41
1150 1.41
1151 1.43
1152 1.43
1153 1.42
1154 1.42
1155 1.42
1156 1.42
1157 1.42
1158 1.42
1159 1.42
1160 1.43
1161 1.42
1162 1.42
1163 1.44
1164 1.44
1165 1.42
1166 1.43
1167 1.43
1168 1.42
1169 1.43
1170 1.40
1171 1.42
1172 1.42
1173 1.42
1174 1.42
1175 1.42
1176 1.43
1177 1.42
1178 1.42
1179 1.42
1180 1.42
1181 1.42
1182 1.42
1183 1.41
1184 1.41
1185 1.41
1186 1.42
1187 1.42
1188 1.41
1189 1.41
1190 1.41
1191 1.41
1192 1.41
1193 1.42
1194 1.42
1195 1.41
1196 1.42
1197 1.41
1198 1.42
1199 1.41
1200 1.41
1201 1.41
1202 1.41
1203 1.41
1204 1.41
1205 1.41
1206 1.41
1207 1.41
1208 1.41
1209 1.41
1210 1.41
1211 1.41
1212 1.42
1213 1.41
1214 1.41
1215 1.41
1216 1.41
1217 1.41
1218 1.41
1219 1.41
1220 1.41
1221 1.41
1222 1.41
1223 1.41
1224 1.41
1225 1.41
1226 1.41
1227 1.41
1228 1.41
1229 1.41
1230 1.41
1231 1.41
1232 1.41
1233 1.41
1234 1.41
1235 1.41
1236 1.41
1237 1.41
1238 1.41
1239 1.41
1240 1.41
1241 1.42
1242 1.42
1243 1.41
1244 1.42
1245 1.41
1246 1.41
1247 1.42
1248 1.42
1249 1.41
1250 1.42
1251 1.41
1252 1.41
1253 1.41
1254 1.41
1255 1.41
1256 1.41
1257 1.41
1258 1.41
1259 1.41
1260 1.41
1261 1.41
1262 1.41
1263 1.41
1264 1.41
1265 1.41
1266 1.41
1267 1.41
1268 1.41
1269 1.41
1270 1.41
1271 1.41
1272 1.41
1273 1.41
1274 1.41
1275 1.41
1276 1.41
1277 1.22
1278 1.25
1279 1.22
1280 1.25
1281 1.24
1282 1.24
1283 1.28
1284 1.29
1285 1.24
1286 1.22
1287 1.21
1288 1.20
1289 1.41
1290 1.42
1291 1.41
1292 1.42
1293 1.42
1294 1.42
1295 1.39
1296 1.41
1297 1.41
1298 1.41
1299 1.41
1300 1.41
1301 1.43
1302 1.41
1303 1.41
1304 1.41
1305 1.41
1306 1.41
1307 1.29
1308 1.28
1309 1.24
1310 1.25
1311 1.27
1312 1.28
1313 1.25
1314 1.31
1315 1.30
1316 1.32
1317 1.31
1318 1.30
1319 1.41
1320 1.41
1321 1.41
1322 1.41
1323 1.42
1324 1.41
1325 1.41
1326 1.41
1327 1.41
1328 1.41
1329 1.41
1330 1.41
1331 1.37
1332 1.41
1333 1.42
1334 1.41
1335 1.41
1336 1.41
1337 1.41
1338 1.17
1339 1.22
1340 1.27
1341 1.30
1342 1.32
1343 1.27
1344 1.27
1345 1.32
1346 1.34
1347 1.36
1348 1.37
1349 1.40
1350 1.41
1351 1.41
1352 1.41
1353 1.41
1354 1.41
1355 1.39
1356 1.39
1357 1.40
1358 1.40
1359 1.40
1360 1.40
1361 1.40
1362 1.41
1363 1.39
1364 1.40
1365 1.40
1366 1.40
1367 1.40
1368 1.35
1369 1.38
1370 1.39
1371 1.39
1372 1.39
1373 1.40
1374 1.40
1375 1.38
1376 1.38
1377 1.36
1378 1.32
1379 1.42
1380 1.41
1381 1.42
1382 1.41
1383 1.41
1384 1.41
1385 1.42
1386 1.41
1387 1.41
1388 1.41
1389 1.42
1390 1.42
1391 1.42
1392 1.42
1393 1.41
1394 1.41
1395 1.41
1396 1.42
1397 1.41
1398 1.42
1399 1.41
1400 1.42
1401 1.41
1402 1.41
1403 1.41
1404 1.41
1405 1.41
1406 1.41
1407 1.41
1408 1.41
1409 1.42
1410 1.42
1411 1.39
1412 1.39
1413 1.40
1414 1.37
1415 1.42
1416 1.41
1417 1.41
1418 1.41
1419 1.41
1420 1.41
1421 1.42
1422 1.42
1423 1.41
1424 1.41
1425 1.41
1426 1.41
1427 1.40
1428 1.41
1429 1.41
1430 1.41
1431 1.41
1432 1.41
1433 1.41
1434 1.42
1435 1.41
1436 1.41
1437 1.41
1438 1.41
1439 1.41
1440 1.41
1441 1.41
1442 1.41
1443 1.41
1444 1.41
1445 1.41
1446 1.41
1447 1.42
1448 1.41
1449 1.41
1450 1.41
1451 1.41
1452 1.41
1453 1.41
1454 1.41
1455 1.41
1456 1.41
1457 1.42
1458 1.42
1459 1.41
1460 1.42
1461 1.41
1462 1.41
1463 1.41
1464 1.41
1465 1.41
1466 1.41
1467 1.41
1468 1.41
1469 1.41
1470 1.41
1471 1.41
1472 1.41
1473 1.41
1474 1.41
1475 1.40
1476 1.41
1477 1.41
1478 1.41
1479 1.41
1480 1.41
1481 1.41
1482 1.41
1483 1.41
1484 1.41
1485 1.41
1486 1.41
1487 1.14
1488 1.15
1489 1.15
1490 1.15
1491 1.16
1492 1.16
1493 1.15
1494 1.15
1495 1.14
1496 1.14
1497 1.14
1498 1.14
1499 1.16
1500 1.15
1501 1.15
1502 1.15
1503 1.15
1504 1.15
1505 1.14
1506 1.13
1507 1.14
1508 1.15
1509 1.15
1510 1.15
1511 1.16
1512 1.17
1513 1.16
1514 1.16
1515 1.16
1516 1.16
1517 1.15
1518 1.16
1519 1.16
1520 1.15
1521 1.16
1522 1.16
1523 1.17
1524 1.17
1525 1.16
1526 1.16
1527 1.16
1528 1.16
1529 1.16
1530 1.16
1531 1.16
1532 1.15
1533 1.16
1534 1.15
1535 1.15
1536 1.14
1537 1.14
1538 1.15
1539 1.15
1540 1.15
1541 1.16
1542 1.15
1543 1.15
1544 1.15
1545 1.15
1546 1.15
1547 1.00
1548 1.01
1549 1.02
1550 1.02
1551 1.02
1552 1.01
1553 1.03
1554 1.04
1555 1.05
1556 1.05
1557 1.40
1558 1.41
1559 1.41
1560 1.41
1561 1.41
1562 1.41
1563 1.40
1564 1.41
1565 1.40
1566 1.35
1567 1.32
1568 1.29
1569 1.41
1570 1.41
1571 1.41
1572 1.41
1573 1.41
1574 1.41
1575 1.40
1576 1.40
1577 1.40
1578 1.40
1579 1.40
1580 1.40
1581 1.42
1582 1.42
1583 1.41
1584 1.42
1585 1.41
1586 1.41
1587 1.40
1588 1.42
1589 1.41
1590 1.41
1591 1.41
1592 1.41
1593 1.42
1594 1.42
1595 1.42
1596 1.42
1597 1.42
1598 1.42
1599 1.39
1600 1.40
1601 1.41
1602 1.41
1603 1.41
1604 1.41
1605 1.42
1606 1.42
1607 1.41
1608 1.41
1609 1.41
1610 1.41
1611 1.31
1612 1.31
1613 1.31
1614 1.31
1615 1.31
1616 1.31
1617 1.39
1618 1.40
1619 1.40
1620 1.39
1621 1.39
1622 1.39
1623 1.39
1624 1.39
1625 1.40
1626 1.40
1627 1.40
1628 1.40
1629 1.41
1630 1.41
1631 1.41
1632 1.41
1633 1.41
1634 1.41
1635 1.40
1636 1.41
1637 1.41
1638 1.41
1639 1.41
1640 1.41
1641 1.16
1642 1.26
1643 1.30
1644 1.33
1645 1.35
1646 1.36
1647 1.42
1648 1.41
1649 1.41
1650 1.41
1651 1.41
1652 1.41
1653 1.41
1654 1.42
1655 1.41
1656 1.41
1657 1.41
1658 1.41
1659 1.41
1660 1.42
1661 1.41
1662 1.41
1663 1.41
1664 1.41
1665 1.40
1666 1.41
1667 1.41
1668 1.41
1669 1.41
1670 1.41
1671 1.42
1672 1.41
1673 1.41
1674 1.41
1675 1.42
1676 1.42
1677 1.42
1678 1.41
1679 1.41
1680 1.41
1681 1.41
1682 1.41
1683 1.42
1684 1.41
1685 1.41
1686 1.41
1687 1.42
1688 1.41
1689 1.41
1690 1.42
1691 1.41
1692 1.41
1693 1.42
1694 1.41
1695 1.41
1696 1.41
1697 1.41
1698 1.41
1699 1.42
1700 1.41
1701 1.42
1702 1.42
1703 1.42
1704 1.42
1705 1.42
1706 1.42
1707 1.41
1708 1.41
1709 1.41
1710 1.42
1711 1.41
1712 1.41
1713 1.42
1714 1.41
1715 1.41
1716 1.41
1717 1.41
1718 1.41
1719 1.34
1720 1.36
1721 1.37
1722 1.37
1723 1.37
1724 1.38
1725 1.41
1726 1.42
1727 1.41
1728 1.41
1729 1.41
1730 1.41
1731 1.42
1732 1.42
1733 1.42
1734 1.42
1735 1.42
1736 1.41
1737 1.25
1738 1.24
1739 1.24
1740 1.24
1741 1.24
1742 1.24
1743 1.25
1744 1.25
1745 1.24
1746 1.24
1747 1.24
1748 1.24
1749 1.25
1750 1.25
1751 1.24
1752 1.24
1753 1.24
1754 1.25
1755 1.24
1756 1.24
1757 1.24
1758 1.24
1759 1.24
1760 1.24
1761 1.25
1762 1.25
1763 1.25
1764 1.25
1765 1.25
1766 1.25
1767 1.23
1768 1.25
1769 1.24
1770 1.25
1771 1.24
1772 1.25
1773 1.23
1774 1.23
1775 1.24
1776 1.24
1777 1.24
1778 1.24
1779 1.24
1780 1.24
1781 1.24
1782 1.24
1783 1.24
1784 1.24
1785 1.24
1786 1.23
1787 1.24
1788 1.24
1789 1.24
1790 1.25
1791 1.23
1792 1.23
1793 1.24
1794 1.23
1795 1.24
1796 1.23
1797 1.25
1798 1.25
1799 1.25
1800 1.25
1801 1.25
1802 1.25
1803 1.24
1804 1.23
1805 1.23
1806 1.23
1807 1.24
1808 1.24
1809 1.23
1810 1.24
1811 1.24
1812 1.24
1813 1.24
1814 1.24
1815 1.26
1816 1.26
1817 1.25
1818 1.24
1819 1.24
1820 1.25
1821 1.24
1822 1.23
1823 1.24
1824 1.24
1825 1.24
1826 1.24
1827 1.24
1828 1.24
1829 1.24
1830 1.24
1831 1.24
1832 1.24
1833 1.25
1834 1.24
1835 1.24
1836 1.24
1837 1.24
1838 1.24
1839 1.41
1840 1.42
1841 1.42
1842 1.41
1843 1.42
1844 1.42
1845 1.42
1846 1.43
1847 1.42
1848 1.42
1849 1.42
1850 1.42
1851 1.43
1852 1.42
1853 1.42
1854 1.42
1855 1.42
1856 1.42
1857 1.42
1858 1.42
1859 1.42
1860 1.42
1861 1.42
1862 1.42
1863 1.42
1864 1.42
1865 1.41
1866 1.42
1867 1.42
1868 1.42
1869 1.42
1870 1.42
1871 1.42
1872 1.41
1873 1.42
1874 1.42
1875 1.42
1876 1.42
1877 1.42
1878 1.42
1879 1.42
1880 1.42
1881 1.42
1882 1.41
1883 1.42
1884 1.42
1885 1.42
1886 1.42
1887 1.40
1888 1.40
1889 1.41
1890 1.40
1891 1.40
1892 1.40
1893 1.43
1894 1.42
1895 1.42
1896 1.42
1897 1.42
1898 1.42
1899 1.43
1900 1.42
1901 1.42
1902 1.42
1903 1.42
1904 1.42
1905 1.42
1906 1.42
1907 1.41
1908 1.41
1909 1.41
1910 1.41
1911 1.43
1912 1.42
1913 1.42
1914 1.42
1915 1.42
1916 1.41
1917 1.41
1918 1.42
1919 1.41
1920 1.42
1921 1.41
1922 1.42
1923 1.42
1924 1.42
1925 1.42
1926 1.42
1927 1.42
1928 1.42
1929 1.43
1930 1.42
1931 1.42
1932 1.41
1933 1.42
1934 1.42
1935 1.43
1936 1.41
1937 1.42
1938 1.42
1939 1.42
1940 1.42
1941 1.86
1942 1.42
1943 1.34
1944 1.56
1945 1.40
1946 1.38
1947 1.39
1948 1.39
1949 1.39
1950 1.39
1951 1.39
1952 1.39
1953 1.40
1954 1.40
1955 1.39
1956 1.39
1957 1.40
1958 1.39
1959 1.39
1960 1.39
1961 1.39
1962 1.39
1963 1.38
1964 1.39
1965 1.39
1966 1.39
1967 1.39
1968 1.39
1969 1.37
1970 1.38
1971 1.39
1972 1.39
1973 1.39
1974 1.39
1975 1.40
1976 1.39
1977 1.39
1978 1.39
1979 1.39
1980 1.39
1981 1.40
1982 1.39
1983 1.39
1984 1.39
1985 1.39
1986 1.39
1987 1.39
1988 1.39
1989 1.39
1990 1.39
1991 1.39
1992 1.39
1993 1.39
1994 1.39
1995 1.39
1996 1.39
1997 1.39
1998 1.39
1999 1.38
