0 1.41
1 1.41
2 1.41
3 1.41
4 1.40
5 1.41
6 1.41
7 1.41
8 1.40
9 1.40
10 1.40
11 1.41
12 1.40
13 1.40
14 1.40
15 1.40
16 1.40
17 1.40
18 1.40
19 1.40
20 1.40
21 1.40
22 1.39
23 1.36
24 1.28
25 1.29
26 1.25
27 1.27
28 1.41
29 1.40
30 1.40
31 1.40
32 1.40
33 1.40
34 1.40
35 1.41
36 1.40
37 1.41
38 1.41
39 1.40
40 1.39
41 1.40
42 1.40
43 1.40
44 1.40
45 1.40
46 1.39
47 1.39
48 1.39
49 1.39
50 1.39
51 1.39
52 1.39
53 1.40
54 1.40
55 1.40
56 1.40
57 1.40
58 1.40
59 1.41
60 1.39
61 1.39
62 1.39
63 1.40
64 1.40
65 1.40
66 1.40
67 1.40
68 1.40
69 1.40
70 1.39
71 1.40
72 1.40
73 1.40
74 1.40
75 1.40
76 1.41
77 1.41
78 1.41
79 1.41
80 1.41
81 1.41
82 1.41
83 1.41
84 1.41
85 1.41
86 1.41
87 1.41
88 1.42
89 1.41
90 1.41
91 1.42
92 1.41
93 1.41
94 1.40
95 1.41
96 1.41
97 1.40
98 1.41
99 1.41
100 1.24
101 1.24
102 1.24
103 1.25
104 1.24
105 1.24
106 1.26
107 1.26
108 1.25
109 1.25
110 1.24
111 1.24
112 1.28
113 1.27
114 1.26
115 1.26
116 1.26
117 1.25
118 1.26
119 1.25
120 1.25
121 1.25
122 1.25
123 1.25
124 1.30
125 1.25
126 1.25
127 1.25
128 1.25
129 1.25
130 1.24
131 1.24
132 1.24
133 1.25
134 1.25
135 1.25
136 1.20
137 1.25
138 1.24
139 1.25
140 1.25
141 1.25
142 1.23
143 1.24
144 1.24
145 1.24
146 1.24
147 1.23
148 1.26
149 1.25
150 1.24
151 1.24
152 1.24
153 1.24
154 1.26
155 1.26
156 1.26
157 1.25
158 1.25
159 1.25
160 1.23
161 1.24
162 1.23
163 1.24
164 1.25
165 1.25
166 1.23
167 1.24
168 1.25
169 1.23
170 1.24
171 1.24
172 1.40
173 1.35
174 1.36
175 1.36
176 1.35
177 1.35
178 1.37
179 1.35
180 1.35
181 1.35
182 1.34
183 1.34
184 1.33
185 1.34
186 1.34
187 1.34
188 1.35
189 1.35
190 1.39
191 1.37
192 1.37
193 1.36
194 1.35
195 1.34
196 1.35
197 1.35
198 1.36
199 1.35
200 1.35
201 1.34
202 1.43
203 1.37
204 1.36
205 1.36
206 1.36
207 1.36
208 1.34
209 1.36
210 1.36
211 1.36
212 1.35
213 1.36
214 1.34
215 1.35
216 1.36
217 1.35
218 1.35
219 1.35
220 1.41
221 1.40
222 1.37
223 1.37
224 1.37
225 1.37
226 1.33
227 1.34
228 1.35
229 1.35
230 1.35
231 1.35
232 1.35
233 1.37
234 1.36
235 1.36
236 1.36
237 1.35
238 1.40
239 1.39
240 1.38
241 1.37
242 1.38
243 1.37
244 1.43
245 1.40
246 1.39
247 1.38
248 1.38
249 1.38
250 1.40
251 1.39
252 1.37
253 1.38
254 1.37
255 1.37
256 1.38
257 1.39
258 1.38
259 1.38
260 1.38
261 1.37
262 1.41
263 1.39
264 1.39
265 1.39
266 1.38
267 1.38
268 1.35
269 1.36
270 1.36
271 1.36
272 1.36
273 1.37
274 1.42
275 1.40
276 1.39
277 1.38
278 1.38
279 1.38
280 1.77
281 1.84
282 1.81
283 1.69
284 1.63
285 1.58
286 1.84
287 1.86
288 1.85
289 1.78
290 1.70
291 1.64
292 1.86
293 1.86
294 1.86
295 1.79
296 1.70
297 1.64
298 1.86
299 1.84
300 1.85
301 1.78
302 1.70
303 1.64
304 1.86
305 1.85
306 1.85
307 1.78
308 1.70
309 1.64
310 1.84
311 1.86
312 1.85
313 1.78
314 1.70
315 1.64
316 1.89
317 1.87
318 1.86
319 1.79
320 1.71
321 1.65
322 1.88
323 1.86
324 1.86
325 1.79
326 1.70
327 1.64
328 1.88
329 1.85
330 1.86
331 1.79
332 1.70
333 1.64
334 1.84
335 1.84
336 1.84
337 1.77
338 1.68
339 1.63
340 1.82
341 1.84
342 1.84
343 1.77
344 1.69
345 1.63
346 1.85
347 1.84
348 1.84
349 1.78
350 1.69
351 1.64
352 1.86
353 1.85
354 1.85
355 1.79
356 1.70
357 1.64
358 1.85
359 1.84
360 1.84
361 1.78
362 1.69
363 1.64
364 1.84
365 1.85
366 1.81
367 1.70
368 1.63
369 1.59
370 1.85
371 1.85
372 1.85
373 1.78
374 1.70
375 1.64
376 1.84
377 1.84
378 1.84
379 1.78
380 1.70
381 1.64
382 1.85
383 1.85
384 1.84
385 1.78
386 1.69
387 1.64
388 1.42
389 1.44
390 1.42
391 1.42
392 1.43
393 1.42
394 1.41
395 1.42
396 1.42
397 1.42
398 1.42
399 1.42
400 1.41
401 1.42
402 1.42
403 1.43
404 1.42
405 1.42
406 1.40
407 1.41
408 1.42
409 1.42
410 1.42
411 1.42
412 1.43
413 1.42
414 1.42
415 1.42
416 1.42
417 1.42
418 1.43
419 1.42
420 1.42
421 1.42
422 1.42
423 1.42
424 1.41
425 1.41
426 1.42
427 1.42
428 1.42
429 1.42
430 1.42
431 1.41
432 1.43
433 1.42
434 1.42
435 1.42
436 1.40
437 1.42
438 1.42
439 1.43
440 1.42
441 1.42
442 1.43
443 1.42
444 1.43
445 1.42
446 1.42
447 1.42
448 1.43
449 1.41
450 1.42
451 1.42
452 1.42
453 1.42
454 1.43
455 1.42
456 1.43
457 1.42
458 1.42
459 1.42
460 1.41
461 1.41
462 1.42
463 1.42
464 1.42
465 1.42
466 1.40
467 1.42
468 1.42
469 1.41
470 1.42
471 1.42
472 1.46
473 1.44
474 1.43
475 1.43
476 1.43
477 1.42
478 1.42
479 1.44
480 1.43
481 1.41
482 1.43
483 1.42
484 1.47
485 1.44
486 1.43
487 1.43
488 1.43
489 1.42
490 1.41
491 1.41
492 1.41
493 1.41
494 1.41
495 1.41
496 1.44
497 1.39
498 1.42
499 1.42
500 1.42
501 1.42
502 1.44
503 1.42
504 1.42
505 1.42
506 1.42
507 1.42
508 1.40
509 1.42
510 1.41
511 1.42
512 1.42
513 1.42
514 1.32
515 1.36
516 1.37
517 1.38
518 1.39
519 1.39
520 1.41
521 1.41
522 1.41
523 1.42
524 1.42
525 1.42
526 1.42
527 1.42
528 1.42
529 1.42
530 1.42
531 1.42
532 1.42
533 1.42
534 1.43
535 1.42
536 1.42
537 1.42
538 1.42
539 1.42
540 1.42
541 1.41
542 1.41
543 1.41
544 1.40
545 1.41
546 1.41
547 1.41
548 1.42
549 1.42
550 1.40
551 1.42
552 1.42
553 1.42
554 1.42
555 1.42
556 1.42
557 1.42
558 1.42
559 1.43
560 1.42
561 1.42
562 1.41
563 1.41
564 1.41
565 1.42
566 1.41
567 1.42
568 1.43
569 1.44
570 1.43
571 1.43
572 1.42
573 1.42
574 1.42
575 1.42
576 1.42
577 1.42
578 1.43
579 1.43
580 1.42
581 1.41
582 1.43
583 1.41
584 1.42
585 1.42
586 1.40
587 1.42
588 1.42
589 1.42
590 1.41
591 1.42
592 1.37
593 1.32
594 1.28
595 1.27
596 1.27
597 1.26
598 1.45
599 1.35
600 1.32
601 1.30
602 1.29
603 1.28
604 1.38
605 1.31
606 1.29
607 1.28
608 1.27
609 1.27
610 1.36
611 1.30
612 1.28
613 1.27
614 1.27
615 1.26
616 1.43
617 1.33
618 1.31
619 1.29
620 1.28
621 1.27
622 1.35
623 1.30
624 1.28
625 1.27
626 1.27
627 1.26
628 1.38
629 1.31
630 1.29
631 1.28
632 1.27
633 1.27
634 1.42
635 1.34
636 1.30
637 1.29
638 1.28
639 1.27
640 1.40
641 1.31
642 1.29
643 1.28
644 1.27
645 1.27
646 1.37
647 1.29
648 1.28
649 1.27
650 1.26
651 1.26
652 1.43
653 1.34
654 1.10
655 1.01
656 1.39
657 1.31
658 1.29
659 1.28
660 1.27
661 1.27
662 1.35
663 1.30
664 1.28
665 1.27
666 1.27
667 1.26
668 1.44
669 1.35
670 1.31
671 1.29
672 1.28
673 1.28
674 1.37
675 1.30
676 1.29
677 1.28
678 1.27
679 1.26
680 1.40
681 1.31
682 1.29
683 1.28
684 1.27
685 1.27
686 1.45
687 1.33
688 1.31
689 1.30
690 1.28
691 1.28
692 1.38
693 1.30
694 1.28
695 1.27
696 1.27
697 1.27
698 1.41
699 1.41
700 1.41
701 1.41
702 1.41
703 1.41
704 1.41
705 1.41
706 1.41
707 1.41
708 1.41
709 1.41
710 1.41
711 1.41
712 1.41
713 1.41
714 1.41
715 1.41
716 1.42
717 1.41
718 1.41
719 1.41
720 1.41
721 1.41
722 1.42
723 1.41
724 1.41
725 1.41
726 1.41
727 1.41
728 1.41
729 1.42
730 1.41
731 1.41
732 1.41
733 1.41
734 1.42
735 1.41
736 1.41
737 1.41
738 1.41
739 1.41
740 1.40
741 1.41
742 1.41
743 1.41
744 1.41
745 1.41
746 1.40
747 1.41
748 1.41
749 1.41
750 1.41
751 1.41
752 1.41
753 1.42
754 1.42
755 1.41
756 1.41
757 1.41
758 1.39
759 1.37
760 1.37
761 1.38
762 1.39
763 1.38
764 1.41
765 1.41
766 1.40
767 1.40
768 1.40
769 1.40
770 1.41
771 1.41
772 1.41
773 1.41
774 1.41
775 1.41
776 1.41
777 1.41
778 1.41
779 1.41
780 1.41
781 1.41
782 1.41
783 1.41
784 1.41
785 1.41
786 1.41
787 1.41
788 1.41
789 1.41
790 1.41
791 1.41
792 1.41
793 1.41
794 1.42
795 1.41
796 1.42
797 1.42
798 1.41
799 1.41
800 1.42
801 1.42
802 1.41
803 1.42
804 1.41
805 1.42
806 1.39
807 1.40
808 1.39
809 1.40
810 1.40
811 1.40
812 1.42
813 1.41
814 1.41
815 1.41
816 1.41
817 1.41
818 1.40
819 1.41
820 1.41
821 1.41
822 1.41
823 1.41
824 1.42
825 1.41
826 1.41
827 1.41
828 1.41
829 1.41
830 1.41
831 1.41
832 1.41
833 1.42
834 1.41
835 1.41
836 1.41
837 1.42
838 1.41
839 1.41
840 1.41
841 1.41
842 1.42
843 1.41
844 1.42
845 1.42
846 1.41
847 1.41
848 1.41
849 1.41
850 1.41
851 1.42
852 1.41
853 1.41
854 1.40
855 1.41
856 1.40
857 1.40
858 1.40
859 1.40
860 1.42
861 1.41
862 1.41
863 1.41
864 1.41
865 1.41
866 1.41
867 1.41
868 1.41
869 1.41
870 1.40
871 1.40
872 1.40
873 1.40
874 1.40
875 1.41
876 1.40
877 1.40
878 1.40
879 1.40
880 1.40
881 1.40
882 1.40
883 1.40
884 1.41
885 1.41
886 1.41
887 1.41
888 1.41
889 1.41
890 1.41
891 1.39
892 1.39
893 1.40
894 1.40
895 1.39
896 1.44
897 1.42
898 1.41
899 1.41
900 1.39
901 1.40
902 1.39
903 1.40
904 1.40
905 1.40
906 1.40
907 1.40
908 1.39
909 1.39
910 1.39
911 1.39
912 1.39
913 1.40
914 1.40
915 1.39
916 1.40
917 1.40
918 1.40
919 1.40
920 1.43
921 1.42
922 1.41
923 1.41
924 1.40
925 1.40
926 1.42
927 1.42
928 1.41
929 1.41
930 1.40
931 1.40
932 1.41
933 1.41
934 1.41
935 1.40
936 1.40
937 1.40
938 1.40
939 1.39
940 1.39
941 1.39
942 1.40
943 1.40
944 1.39
945 1.40
946 1.40
947 1.41
948 1.40
949 1.40
950 1.35
951 1.39
952 1.37
953 1.40
954 1.40
955 1.40
956 1.38
957 1.39
958 1.39
959 1.39
960 1.39
961 1.40
962 1.41
963 1.40
964 1.40
965 1.40
966 1.40
967 1.40
968 1.38
969 1.40
970 1.40
971 1.40
972 1.40
973 1.40
974 1.41
975 1.39
976 1.40
977 1.40
978 1.40
979 1.40
980 1.43
981 1.41
982 1.41
983 1.40
984 1.40
985 1.40
986 1.42
987 1.41
988 1.40
989 1.40
990 1.41
991 1.40
992 1.45
993 1.42
994 1.41
995 1.41
996 1.42
997 1.41
998 1.43
999 1.43
1000 1.43
1001 1.42
1002 1.42
1003 1.41
1004 1.41
1005 1.42
1006 1.42
1007 1.42
1008 1.42
1009 1.42
1010 1.46
1011 1.44
1012 1.43
1013 1.42
1014 1.42
1015 1.42
1016 1.42
1017 1.41
1018 1.41
1019 1.42
1020 1.41
1021 1.42
1022 1.40
1023 1.42
1024 1.41
1025 1.42
1026 1.42
1027 1.41
1028 1.44
1029 1.43
1030 1.42
1031 1.42
1032 1.42
1033 1.42
1034 1.42
1035 1.43
1036 1.42
1037 1.42
1038 1.42
1039 1.42
1040 1.42
1041 1.42
1042 1.42
1043 1.42
1044 1.42
1045 1.42
1046 1.40
1047 1.42
1048 1.41
1049 1.41
1050 1.42
1051 1.42
1052 1.42
1053 1.42
1054 1.42
1055 1.42
1056 1.42
1057 1.41
1058 1.42
1059 1.42
1060 1.42
1061 1.42
1062 1.42
1063 1.42
1064 1.43
1065 1.44
1066 1.43
1067 1.42
1068 1.42
1069 1.42
1070 1.43
1071 1.41
1072 1.42
1073 1.42
1074 1.42
1075 1.42
1076 1.41
1077 1.40
1078 1.41
1079 1.42
1080 1.42
1081 1.42
1082 1.43
1083 1.43
1084 1.43
1085 1.42
1086 1.42
1087 1.42
1088 1.41
1089 1.41
1090 1.41
1091 1.42
1092 1.42
1093 1.42
1094 1.41
1095 1.42
1096 1.41
1097 1.41
1098 1.41
1099 1.41
1100 1.41
1101 1.40
1102 1.41
1103 1.41
1104 1.41
1105 1.41
1106 1.45
1107 1.43
1108 1.43
1109 1.43
1110 1.42
1111 1.43
1112 1.44
1113 1.42
1114 1.42
1115 1.42
1116 1.42
1117 1.42
1118 1.43
1119 1.43
1120 1.43
1121 1.42
1122 1.42
1123 1.43
1124 1.42
1125 1.43
1126 1.43
1127 1.42
1128 1.42
1129 1.41
1130 1.41
1131 1.42
1132 1.41
1133 1.41
1134 1.42
1135 1.42
1136 1.42
1137 1.40
1138 1.42
1139 1.42
1140 1.42
1141 1.42
1142 1.44
1143 1.43
1144 1.42
1145 1.42
1146 1.42
1147 1.42
1148 1.41
1149 1.41
1150 1.42
1151 1.41
1152 1.42
1153 1.42
1154 1.41
1155 1.43
1156 1.42
1157 1.42
1158 1.42
1159 1.42
1160 1.45
1161 1.43
1162 1.43
1163 1.43
1164 1.42
1165 1.42
1166 1.45
1167 1.44
1168 1.42
1169 1.42
1170 1.43
1171 1.42
1172 1.38
1173 1.41
1174 1.41
1175 1.41
1176 1.40
1177 1.42
1178 1.44
1179 1.43
1180 1.42
1181 1.42
1182 1.42
1183 1.42
1184 1.40
1185 1.42
1186 1.42
1187 1.42
1188 1.42
1189 1.42
1190 1.45
1191 1.44
1192 1.44
1193 1.42
1194 1.43
1195 1.43
1196 1.47
1197 1.45
1198 1.44
1199 1.43
1200 1.43
1201 1.43
1202 1.41
1203 1.41
1204 1.41
1205 1.41
1206 1.42
1207 1.42
1208 1.41
1209 1.42
1210 1.41
1211 1.42
1212 1.42
1213 1.41
1214 1.40
1215 1.41
1216 1.41
1217 1.41
1218 1.42
1219 1.41
1220 1.43
1221 1.42
1222 1.41
1223 1.42
1224 1.41
1225 1.42
1226 1.41
1227 1.41
1228 1.41
1229 1.42
1230 1.41
1231 1.42
1232 1.42
1233 1.42
1234 1.42
1235 1.42
1236 1.42
1237 1.42
1238 1.42
1239 1.40
1240 1.42
1241 1.41
1242 1.42
1243 1.42
1244 1.41
1245 1.41
1246 1.41
1247 1.41
1248 1.41
1249 1.41
1250 1.41
1251 1.41
1252 1.41
1253 1.42
1254 1.41
1255 1.42
1256 1.39
1257 1.42
1258 1.42
1259 1.41
1260 1.41
1261 1.41
1262 1.40
1263 1.41
1264 1.41
1265 1.41
1266 1.41
1267 1.41
1268 1.41
1269 1.41
1270 1.42
1271 1.42
1272 1.42
1273 1.41
1274 1.41
1275 1.42
1276 1.42
1277 1.42
1278 1.42
1279 1.42
1280 1.43
1281 1.41
1282 1.42
1283 1.41
1284 1.41
1285 1.41
1286 1.42
1287 1.41
1288 1.41
1289 1.41
1290 1.41
1291 1.42
1292 1.42
1293 1.42
1294 1.42
1295 1.41
1296 1.42
1297 1.41
1298 1.42
1299 1.42
1300 1.42
1301 1.42
1302 1.42
1303 1.42
1304 1.43
1305 1.42
1306 1.42
1307 1.42
1308 1.42
1309 1.41
1310 1.42
1311 1.41
1312 1.41
1313 1.42
1314 1.42
1315 1.41
1316 1.42
1317 1.41
1318 1.42
1319 1.42
1320 1.42
1321 1.41
1322 1.44
1323 1.44
1324 1.43
1325 1.44
1326 1.44
1327 1.44
1328 1.44
1329 1.43
1330 1.43
1331 1.43
1332 1.42
1333 1.43
1334 1.50
1335 1.37
1336 1.41
1337 1.41
1338 1.42
1339 1.42
1340 1.42
1341 1.45
1342 1.44
1343 1.44
1344 1.45
1345 1.45
1346 1.45
1347 1.44
1348 1.44
1349 1.44
1350 1.45
1351 1.44
1352 1.44
1353 1.44
1354 1.44
1355 1.45
1356 1.45
1357 1.44
1358 1.47
1359 1.46
1360 1.45
1361 1.45
1362 1.45
1363 1.45
1364 1.45
1365 1.44
1366 1.44
1367 1.45
1368 1.45
1369 1.45
1370 1.44
1371 1.45
1372 1.44
1373 1.44
1374 1.45
1375 1.45
1376 1.44
1377 1.45
1378 1.45
1379 1.45
1380 1.45
1381 1.45
1382 1.43
1383 1.42
1384 1.43
1385 1.44
1386 1.43
1387 1.43
1388 1.45
1389 1.45
1390 1.45
1391 1.44
1392 1.44
1393 1.44
1394 1.43
1395 1.43
1396 1.44
1397 1.44
1398 1.44
1399 1.44
1400 1.45
1401 1.44
1402 1.44
1403 1.45
1404 1.44
1405 1.44
1406 1.42
1407 1.41
1408 1.43
1409 1.43
1410 1.43
1411 1.43
1412 1.43
1413 1.45
1414 1.44
1415 1.45
1416 1.44
1417 1.44
1418 1.45
1419 1.44
1420 1.45
1421 1.45
1422 1.45
1423 1.45
1424 1.44
1425 1.44
1426 1.43
1427 1.44
1428 1.45
1429 1.45
1430 1.42
1431 1.41
1432 1.41
1433 1.41
1434 1.41
1435 1.41
1436 1.39
1437 1.42
1438 1.42
1439 1.41
1440 1.42
1441 1.41
1442 1.43
1443 1.42
1444 1.42
1445 1.42
1446 1.42
1447 1.42
1448 1.42
1449 1.42
1450 1.42
1451 1.42
1452 1.42
1453 1.42
1454 1.42
1455 1.42
1456 1.42
1457 1.42
1458 1.42
1459 1.42
1460 1.42
1461 1.42
1462 1.42
1463 1.42
1464 1.42
1465 1.42
1466 1.42
1467 1.42
1468 1.42
1469 1.42
1470 1.42
1471 1.42
1472 1.40
1473 1.41
1474 1.41
1475 1.41
1476 1.41
1477 1.41
1478 1.41
1479 1.41
1480 1.41
1481 1.41
1482 1.41
1483 1.41
1484 1.40
1485 1.41
1486 1.41
1487 1.41
1488 1.41
1489 1.41
1490 1.41
1491 1.41
1492 1.41
1493 1.41
1494 1.42
1495 1.41
1496 1.42
1497 1.42
1498 1.42
1499 1.42
1500 1.42
1501 1.41
1502 1.42
1503 1.42
1504 1.42
1505 1.42
1506 1.42
1507 1.42
1508 1.40
1509 1.42
1510 1.41
1511 1.41
1512 1.41
1513 1.41
1514 1.42
1515 1.41
1516 1.42
1517 1.42
1518 1.42
1519 1.42
1520 1.43
1521 1.42
1522 1.42
1523 1.42
1524 1.42
1525 1.42
1526 1.41
1527 1.42
1528 1.42
1529 1.42
1530 1.42
1531 1.41
1532 1.41
1533 1.42
1534 1.41
1535 1.41
1536 1.41
1537 1.41
1538 1.44
1539 1.43
1540 1.43
1541 1.43
1542 1.43
1543 1.43
1544 1.44
1545 1.43
1546 1.43
1547 1.43
1548 1.43
1549 1.43
1550 1.43
1551 1.43
1552 1.43
1553 1.43
1554 1.43
1555 1.43
1556 1.40
1557 1.41
1558 1.42
1559 1.42
1560 1.42
1561 1.42
1562 1.43
1563 1.43
1564 1.43
1565 1.43
1566 1.43
1567 1.43
1568 1.43
1569 1.43
1570 1.43
1571 1.43
1572 1.43
1573 1.43
1574 1.43
1575 1.42
1576 1.42
1577 1.43
1578 1.43
1579 1.43
1580 1.42
1581 1.43
1582 1.43
1583 1.43
1584 1.43
1585 1.43
1586 1.42
1587 1.42
1588 1.42
1589 1.43
1590 1.43
1591 1.43
1592 1.42
1593 1.42
1594 1.42
1595 1.43
1596 1.43
1597 1.42
1598 1.43
1599 1.43
1600 1.43
1601 1.42
1602 1.43
1603 1.43
1604 1.42
1605 1.43
1606 1.43
1607 1.43
1608 1.42
1609 1.42
1610 1.42
1611 1.43
1612 1.43
1613 1.43
1614 1.43
1615 1.43
1616 1.42
1617 1.43
1618 1.43
1619 1.43
1620 1.43
1621 1.43
1622 1.44
1623 1.43
1624 1.43
1625 1.43
1626 1.43
1627 1.43
1628 1.43
1629 1.43
1630 1.43
1631 1.43
1632 1.43
1633 1.43
1634 1.43
1635 1.43
1636 1.43
1637 1.43
1638 1.43
1639 1.43
1640 1.43
1641 1.43
1642 1.42
1643 1.43
1644 1.43
1645 1.43
1646 1.93
1647 1.93
1648 1.93
1649 1.93
1650 1.93
1651 1.94
1652 1.98
1653 1.98
1654 1.99
1655 1.99
1656 1.98
1657 1.98
1658 1.99
1659 1.99
1660 1.99
1661 1.99
1662 1.99
1663 1.23
1664 1.23
1665 1.24
1666 1.24
1667 1.24
1668 1.24
1669 1.25
1670 1.24
1671 1.23
1672 1.24
1673 1.24
1674 1.24
1675 1.22
1676 1.25
1677 1.24
1678 1.24
1679 1.24
1680 1.24
1681 1.24
1682 1.23
1683 1.23
1684 1.24
1685 1.23
1686 1.23
1687 1.21
1688 1.22
1689 1.23
1690 1.23
1691 1.23
1692 1.23
1693 1.23
1694 1.24
1695 1.24
1696 1.24
1697 1.24
1698 1.24
1699 1.26
1700 1.24
1701 1.25
1702 1.24
1703 1.24
1704 1.24
1705 1.24
1706 1.24
1707 1.24
1708 1.24
1709 1.24
1710 1.24
1711 1.25
1712 1.24
1713 1.23
1714 1.24
1715 1.24
1716 1.24
1717 1.27
1718 1.26
1719 1.24
1720 1.24
1721 1.24
1722 1.24
1723 1.24
1724 1.24
1725 1.24
1726 1.24
1727 1.24
1728 1.24
1729 1.27
1730 1.24
1731 1.24
1732 1.24
1733 1.24
1734 1.24
1735 1.25
1736 1.24
1737 1.24
1738 1.23
1739 1.19
1740 1.16
1741 1.24
1742 1.23
1743 1.24
1744 1.24
1745 1.24
1746 1.24
1747 1.24
1748 1.22
1749 1.22
1750 1.22
1751 1.22
1752 1.22
1753 1.23
1754 1.23
1755 1.23
1756 1.24
1757 1.24
1758 1.24
1759 1.22
1760 1.24
1761 1.24
1762 1.24
1763 1.24
1764 1.24
1765 1.22
1766 1.24
1767 1.24
1768 1.24
1769 1.24
1770 1.24
1771 1.45
1772 1.42
1773 1.42
1774 1.41
1775 1.41
1776 1.41
1777 1.43
1778 1.41
1779 1.41
1780 1.41
1781 1.40
1782 1.39
1783 1.42
1784 1.42
1785 1.41
1786 1.41
1787 1.41
1788 1.40
1789 1.42
1790 1.42
1791 1.40
1792 1.40
1793 1.40
1794 1.40
1795 1.43
1796 1.41
1797 1.41
1798 1.40
1799 1.40
1800 1.40
1801 1.41
1802 1.39
1803 1.40
1804 1.39
1805 1.39
1806 1.40
1807 1.43
1808 1.40
1809 1.41
1810 1.41
1811 1.40
1812 1.40
1813 1.40
1814 1.39
1815 1.40
1816 1.39
1817 1.40
1818 1.40
1819 1.40
1820 1.41
1821 1.40
1822 1.40
1823 1.40
1824 1.40
1825 1.43
1826 1.41
1827 1.40
1828 1.40
1829 1.40
1830 1.40
1831 1.44
1832 1.41
1833 1.41
1834 1.40
1835 1.40
1836 1.40
1837 1.41
1838 1.42
1839 1.40
1840 1.40
1841 1.40
1842 1.40
1843 1.43
1844 1.41
1845 1.41
1846 1.41
1847 1.41
1848 1.40
1849 1.41
1850 1.41
1851 1.41
1852 1.41
1853 1.41
1854 1.40
1855 1.40
1856 1.40
1857 1.41
1858 1.40
1859 1.40
1860 1.40
1861 1.42
1862 1.41
1863 1.40
1864 1.40
1865 1.40
1866 1.40
1867 1.40
1868 1.40
1869 1.39
1870 1.40
1871 1.40
1872 1.40
1873 1.39
1874 1.41
1875 1.40
1876 1.41
1877 1.40
1878 1.40
1879 1.44
1880 1.42
1881 1.41
1882 1.42
1883 1.41
1884 1.42
1885 1.39
1886 1.40
1887 1.42
1888 1.42
1889 1.42
1890 1.42
1891 1.43
1892 1.43
1893 1.42
1894 1.42
1895 1.42
1896 1.42
1897 1.41
1898 1.40
1899 1.42
1900 1.41
1901 1.41
1902 1.41
1903 1.42
1904 1.42
1905 1.42
1906 1.42
1907 1.42
1908 1.42
1909 1.40
1910 1.42
1911 1.42
1912 1.42
1913 1.41
1914 1.41
1915 1.39
1916 1.41
1917 1.41
1918 1.41
1919 1.41
1920 1.41
1921 1.42
1922 1.42
1923 1.42
1924 1.41
1925 1.41
1926 1.41
1927 1.43
1928 1.41
1929 1.42
1930 1.42
1931 1.42
1932 1.42
1933 1.42
1934 1.41
1935 1.42
1936 1.42
1937 1.42
1938 1.41
1939 1.41
1940 1.42
1941 1.41
1942 1.41
1943 1.41
1944 1.41
1945 1.41
1946 1.41
1947 1.42
1948 1.42
1949 1.42
1950 1.42
1951 1.42
1952 1.42
1953 1.42
1954 1.41
1955 1.42
1956 1.42
1957 1.42
1958 1.42
1959 1.41
1960 1.41
1961 1.42
1962 1.42
1963 1.42
1964 1.43
1965 1.42
1966 1.42
1967 1.42
1968 1.42
1969 1.43
1970 1.42
1971 1.42
1972 1.42
1973 1.42
1974 1.42
1975 1.43
1976 1.43
1977 1.42
1978 1.42
1979 1.42
1980 1.42
1981 1.44
1982 1.43
1983 1.43
1984 1.43
1985 1.42
1986 1.42
1987 1.65
1988 1.64
1989 1.65
1990 1.64
1991 1.65
1992 1.65
1993 1.57
1994 1.59
1995 1.61
1996 1.63
1997 1.63
1998 1.64
1999 1.63
