0 1.82
1 1.82
2 1.82
3 1.82
4 1.82
5 1.79
6 1.79
7 1.80
8 1.80
9 1.80
10 1.81
11 1.82
12 1.81
13 1.81
14 1.81
15 1.81
16 1.81
17 1.82
18 1.82
19 1.82
20 1.82
21 1.81
22 1.81
23 1.85
24 1.82
25 1.81
26 1.81
27 1.81
28 1.81
29 1.81
30 1.80
31 1.81
32 1.81
33 1.80
34 1.81
35 1.82
36 1.82
37 1.82
38 1.81
39 1.81
40 1.81
41 1.84
42 1.82
43 1.81
44 1.82
45 1.81
46 1.81
47 1.80
48 1.80
49 1.81
50 1.80
51 1.81
52 1.81
53 1.80
54 1.81
55 1.81
56 1.81
57 1.81
58 1.81
59 1.82
60 1.82
61 1.81
62 1.81
63 1.81
64 1.81
65 1.83
66 1.80
67 1.81
68 1.81
69 1.81
70 1.81
71 1.81
72 1.81
73 1.81
74 1.81
75 1.81
76 1.81
77 1.82
78 1.80
79 1.81
80 1.81
81 1.81
82 1.80
83 1.83
84 1.82
85 1.83
86 1.82
87 1.81
88 1.81
89 1.82
90 1.81
91 1.82
92 1.81
93 1.81
94 1.81
95 1.82
96 1.80
97 1.81
98 1.80
99 1.81
100 1.80
101 1.10
102 1.10
103 1.10
104 1.10
105 1.10
106 1.09
107 1.09
108 1.08
109 1.10
110 1.09
111 1.10
112 1.09
113 1.12
114 1.09
115 1.09
116 1.10
117 1.10
118 1.10
119 1.10
120 1.08
121 1.09
122 1.09
123 1.10
124 1.10
125 1.10
126 1.11
127 1.10
128 1.10
129 1.10
130 1.10
131 1.06
132 1.09
133 1.09
134 1.09
135 1.09
136 1.10
137 1.08
138 1.09
139 1.09
140 1.10
141 1.09
142 1.09
143 1.11
144 1.10
145 1.10
146 1.10
147 1.10
148 1.10
149 1.11
150 1.10
151 1.09
152 1.10
153 1.10
154 1.10
155 1.10
156 1.10
157 1.10
158 1.10
159 1.10
160 1.10
161 1.07
162 1.10
163 1.09
164 1.10
165 1.09
166 1.09
167 1.11
168 1.10
169 1.10
170 1.10
171 1.10
172 1.09
173 1.11
174 1.10
175 1.10
176 1.10
177 1.10
178 1.10
179 1.42
180 1.41
181 1.36
182 1.37
183 1.38
184 1.39
185 1.41
186 1.41
187 1.41
188 1.41
189 1.41
190 1.41
191 1.39
192 1.40
193 1.40
194 1.41
195 1.41
196 1.41
197 1.39
198 1.41
199 1.39
200 1.39
201 1.39
202 1.39
203 1.40
204 1.41
205 1.42
206 1.41
207 1.41
208 1.41
209 1.43
210 1.43
211 1.42
212 1.42
213 1.42
214 1.42
215 1.39
216 1.40
217 1.41
218 1.41
219 1.42
220 1.41
221 1.41
222 1.41
223 1.40
224 1.40
225 1.40
226 1.40
227 1.44
228 1.41
229 1.42
230 1.42
231 1.42
232 1.42
233 1.42
234 1.41
235 1.42
236 1.41
237 1.41
238 1.41
239 1.38
240 1.41
241 1.41
242 1.41
243 1.41
244 1.41
245 1.42
246 1.43
247 1.42
248 1.42
249 1.42
250 1.42
251 1.43
252 1.42
253 1.42
254 1.41
255 1.41
256 1.41
257 1.40
258 1.41
259 1.41
260 1.40
261 1.40
262 1.41
263 1.39
264 1.40
265 1.40
266 1.40
267 1.41
268 1.40
269 1.44
270 1.43
271 1.41
272 1.41
273 1.42
274 1.42
275 1.38
276 1.38
277 1.39
278 1.39
279 1.39
280 1.39
281 1.42
282 1.43
283 1.41
284 1.42
285 1.42
286 1.42
287 1.78
288 1.80
289 1.80
290 1.81
291 1.81
292 1.81
293 1.81
294 1.81
295 1.81
296 1.81
297 1.81
298 1.81
299 1.83
300 1.81
301 1.82
302 1.81
303 1.81
304 1.81
305 1.80
306 1.82
307 1.81
308 1.80
309 1.80
310 1.80
311 1.80
312 1.81
313 1.80
314 1.80
315 1.80
316 1.81
317 1.80
318 1.81
319 1.80
320 1.81
321 1.80
322 1.81
323 1.80
324 1.81
325 1.80
326 1.80
327 1.81
328 1.81
329 1.83
330 1.82
331 1.82
332 1.82
333 1.82
334 1.81
335 1.80
336 1.80
337 1.80
338 1.80
339 1.81
340 1.81
341 1.82
342 1.82
343 1.81
344 1.81
345 1.81
346 1.81
347 1.79
348 1.81
349 1.81
350 1.80
351 1.81
352 1.81
353 1.83
354 1.81
355 1.81
356 1.81
357 1.81
358 1.81
359 1.83
360 1.81
361 1.82
362 1.81
363 1.81
364 1.81
365 1.80
366 1.81
367 1.80
368 1.80
369 1.81
370 1.81
371 1.82
372 1.81
373 1.81
374 1.81
375 1.81
376 1.81
377 1.79
378 1.81
379 1.80
380 1.80
381 1.80
382 1.81
383 1.78
384 1.81
385 1.81
386 1.81
387 1.81
388 1.81
389 1.78
390 1.81
391 1.79
392 1.80
393 1.80
394 1.80
395 1.08
396 1.09
397 1.08
398 1.09
399 1.09
400 1.09
401 1.09
402 1.09
403 1.09
404 1.09
405 1.09
406 1.09
407 1.13
408 1.11
409 1.11
410 1.10
411 1.10
412 1.10
413 1.10
414 1.09
415 1.09
416 1.10
417 1.10
418 1.10
419 1.09
420 1.10
421 1.09
422 1.09
423 1.09
424 1.10
425 1.07
426 1.09
427 1.09
428 1.08
429 1.08
430 1.08
431 1.08
432 1.10
433 1.10
434 1.09
435 1.09
436 1.09
437 1.08
438 1.09
439 1.11
440 1.09
441 1.10
442 1.10
443 1.08
444 1.09
445 1.09
446 1.09
447 1.09
448 1.09
449 1.10
450 1.10
451 1.10
452 1.10
453 1.10
454 1.10
455 1.09
456 1.10
457 1.10
458 1.09
459 1.09
460 1.10
461 1.11
462 1.11
463 1.10
464 1.10
465 1.11
466 1.10
467 1.08
468 1.10
469 1.09
470 1.10
471 1.10
472 1.10
473 1.10
474 1.10
475 1.10
476 1.10
477 1.10
478 1.10
479 1.10
480 1.10
481 1.10
482 1.10
483 1.10
484 1.10
485 1.84
486 1.82
487 1.81
488 1.81
489 1.81
490 1.81
491 1.81
492 1.81
493 1.81
494 1.81
495 1.81
496 1.81
497 1.86
498 1.81
499 1.82
500 1.82
501 1.82
502 1.82
503 1.79
504 1.80
505 1.80
506 1.81
507 1.81
508 1.81
509 1.79
510 1.81
511 1.81
512 1.81
513 1.81
514 1.81
515 1.79
516 1.81
517 1.81
518 1.81
519 1.80
520 1.81
521 1.81
522 1.81
523 1.80
524 1.80
525 1.81
526 1.81
527 1.80
528 1.80
529 1.81
530 1.81
531 1.81
532 1.81
533 1.79
534 1.81
535 1.81
536 1.81
537 1.81
538 1.81
539 1.81
540 1.80
541 1.80
542 1.81
543 1.81
544 1.81
545 1.83
546 1.82
547 1.81
548 1.81
549 1.81
550 1.81
551 1.82
552 1.82
553 1.82
554 1.82
555 1.81
556 1.82
557 1.81
558 1.80
559 1.80
560 1.81
561 1.81
562 1.81
563 1.78
564 1.80
565 1.81
566 1.81
567 1.80
568 1.80
569 1.82
570 1.82
571 1.81
572 1.81
573 1.81
574 1.81
575 1.77
576 1.82
577 1.81
578 1.81
579 1.81
580 1.81
581 1.83
582 1.81
583 1.81
584 1.82
585 1.81
586 1.81
587 1.77
588 1.81
589 1.81
590 1.81
591 1.81
592 1.81
593 1.11
594 1.09
595 1.10
596 1.09
597 1.10
598 1.09
599 1.11
600 1.10
601 1.10
602 1.09
603 1.09
604 1.09
605 1.09
606 1.09
607 1.08
608 1.09
609 1.09
610 1.09
611 1.09
612 1.10
613 1.09
614 1.09
615 1.10
616 1.09
617 1.09
618 1.08
619 1.10
620 1.09
621 1.09
622 1.09
623 1.06
624 1.08
625 1.09
626 1.10
627 1.09
628 1.09
629 1.06
630 1.10
631 1.09
632 1.09
633 1.10
634 1.09
635 1.11
636 1.11
637 1.11
638 1.11
639 1.10
640 1.10
641 1.09
642 1.09
643 1.10
644 1.09
645 1.09
646 1.09
647 1.09
648 1.09
649 1.09
650 1.09
651 1.09
652 1.10
653 1.09
654 1.10
655 1.10
656 1.09
657 1.10
658 1.10
659 1.06
660 1.08
661 1.09
662 1.09
663 1.09
664 1.09
665 1.10
666 1.09
667 1.10
668 1.10
669 1.09
670 1.10
671 1.09
672 1.09
673 1.10
674 1.09
675 1.09
676 1.10
677 1.11
678 1.09
679 1.10
680 1.09
681 1.09
682 1.10
683 1.08
684 1.08
685 1.09
686 1.09
687 1.10
688 1.10
689 1.09
690 1.11
691 1.10
692 1.10
693 1.10
694 1.10
695 1.09
696 1.10
697 1.10
698 1.09
699 1.09
700 1.09
701 1.83
702 1.81
703 1.81
704 1.81
705 1.81
706 1.81
707 1.78
708 1.81
709 1.80
710 1.80
711 1.80
712 1.80
713 1.83
714 1.83
715 1.81
716 1.81
717 1.81
718 1.80
719 1.81
720 1.81
721 1.81
722 1.81
723 1.81
724 1.81
725 1.81
726 1.81
727 1.81
728 1.81
729 1.81
730 1.81
731 1.80
732 1.81
733 1.81
734 1.81
735 1.81
736 1.81
737 1.81
738 1.81
739 1.80
740 1.80
741 1.80
742 1.81
743 1.82
744 1.81
745 1.81
746 1.81
747 1.81
748 1.81
749 1.81
750 1.80
751 1.81
752 1.81
753 1.81
754 1.81
755 1.80
756 1.80
757 1.81
758 1.81
759 1.81
760 1.81
761 1.80
762 1.82
763 1.81
764 1.81
765 1.81
766 1.81
767 1.78
768 1.80
769 1.80
770 1.81
771 1.81
772 1.80
773 1.81
774 1.81
775 1.81
776 1.81
777 1.81
778 1.81
779 1.78
780 1.80
781 1.81
782 1.80
783 1.81
784 1.81
785 1.81
786 1.81
787 1.81
788 1.80
789 1.80
790 1.80
791 1.78
792 1.78
793 1.79
794 1.79
795 1.79
796 1.79
797 1.81
798 1.78
799 1.80
800 1.80
801 1.79
802 1.79
803 1.82
804 1.81
805 1.81
806 1.81
807 1.81
808 1.81
809 1.95
810 1.83
811 1.91
812 1.93
813 1.95
814 1.97
815 1.53
816 1.79
817 1.86
818 1.91
819 1.93
820 1.95
821 1.90
822 1.98
823 1.98
824 1.96
825 1.91
826 1.99
827 1.99
828 1.95
829 1.96
830 1.85
831 1.94
832 1.98
833 1.89
834 1.80
835 1.87
836 1.92
837 1.94
838 1.96
839 1.84
840 1.93
841 1.96
842 1.91
843 1.93
844 1.95
845 1.85
846 1.94
847 1.97
848 1.99
849 1.57
850 1.81
851 1.87
852 1.92
853 1.94
854 1.96
855 1.87
856 1.94
857 1.98
858 1.92
859 1.95
860 1.96
861 1.90
862 1.99
863 1.83
864 1.93
865 1.87
866 1.88
867 1.91
868 1.93
869 1.86
870 1.94
871 1.99
872 1.95
873 1.86
874 1.95
875 1.88
876 1.91
877 1.94
878 1.95
879 1.91
880 1.81
881 1.89
882 1.92
883 1.95
884 1.96
885 1.87
886 1.97
887 1.90
888 1.93
889 1.95
890 1.96
891 1.90
892 1.93
893 1.89
894 1.93
895 1.94
896 1.96
897 1.84
898 1.94
899 1.84
900 1.90
901 1.92
902 1.94
903 1.21
904 1.24
905 1.25
906 1.24
907 1.24
908 1.24
909 1.24
910 1.24
911 1.24
912 1.24
913 1.24
914 1.23
915 1.23
916 1.22
917 1.24
918 1.23
919 1.24
920 1.23
921 1.21
922 1.24
923 1.24
924 1.24
925 1.24
926 1.24
927 1.24
928 1.24
929 1.24
930 1.24
931 1.24
932 1.24
933 1.24
934 1.24
935 1.24
936 1.24
937 1.24
938 1.24
939 1.24
940 1.24
941 1.24
942 1.24
943 1.24
944 1.24
945 1.24
946 1.25
947 1.25
948 1.25
949 1.24
950 1.25
951 1.21
952 1.23
953 1.18
954 1.23
955 1.23
956 1.23
957 1.26
958 1.26
959 1.25
960 1.25
961 1.24
962 1.24
963 1.22
964 1.23
965 1.23
966 1.24
967 1.24
968 1.24
969 1.26
970 1.24
971 1.24
972 1.25
973 1.25
974 1.25
975 1.24
976 1.24
977 1.24
978 1.24
979 1.24
980 1.24
981 1.24
982 1.25
983 1.24
984 1.24
985 1.24
986 1.24
987 1.25
988 1.24
989 1.24
990 1.24
991 1.25
992 1.24
993 1.24
994 1.23
995 1.24
996 1.23
997 1.23
998 1.24
999 1.25
1000 1.25
1001 1.25
1002 1.24
1003 1.25
1004 1.25
1005 1.26
1006 1.24
1007 1.24
1008 1.24
1009 1.25
1010 1.24
1011 1.97
1012 1.86
1013 1.94
1014 1.98
1015 1.99
1016 1.03
1017 1.52
1018 1.74
1019 1.90
1020 1.98
1021 1.39
1022 1.37
1023 1.38
1024 1.39
1025 1.39
1026 1.39
1027 1.43
1028 1.42
1029 1.42
1030 1.41
1031 1.41
1032 1.41
1033 1.43
1034 1.42
1035 1.42
1036 1.42
1037 1.41
1038 1.42
1039 1.41
1040 1.41
1041 1.41
1042 1.41
1043 1.41
1044 1.41
1045 1.37
1046 1.39
1047 1.39
1048 1.39
1049 1.39
1050 1.39
1051 1.37
1052 1.38
1053 1.38
1054 1.39
1055 1.39
1056 1.38
1057 1.42
1058 1.41
1059 1.42
1060 1.42
1061 1.41
1062 1.41
1063 1.39
1064 1.36
1065 1.39
1066 1.39
1067 1.39
1068 1.39
1069 1.42
1070 1.42
1071 1.42
1072 1.42
1073 1.42
1074 1.42
1075 1.41
1076 1.40
1077 1.41
1078 1.40
1079 1.41
1080 1.41
1081 1.43
1082 1.41
1083 1.41
1084 1.42
1085 1.41
1086 1.42
1087 1.38
1088 1.40
1089 1.41
1090 1.41
1091 1.41
1092 1.41
1093 1.42
1094 1.41
1095 1.42
1096 1.41
1097 1.41
1098 1.41
1099 1.40
1100 1.40
1101 1.40
1102 1.41
1103 1.40
1104 1.41
1105 1.40
1106 1.41
1107 1.41
1108 1.41
1109 1.41
1110 1.41
1111 1.41
1112 1.40
1113 1.41
1114 1.41
1115 1.41
1116 1.41
1117 1.40
1118 1.40
1119 1.40
1120 1.41
1121 1.41
1122 1.41
1123 1.39
1124 1.40
1125 1.41
1126 1.41
1127 1.41
1128 1.41
1129 1.68
1130 1.64
1131 1.66
1132 1.67
1133 1.66
1134 1.65
1135 1.70
1136 1.66
1137 1.67
1138 1.67
1139 1.67
1140 1.67
1141 1.70
1142 1.70
1143 1.69
1144 1.68
1145 1.68
1146 1.68
1147 1.65
1148 1.67
1149 1.65
1150 1.66
1151 1.67
1152 1.66
1153 1.66
1154 1.66
1155 1.68
1156 1.67
1157 1.67
1158 1.68
1159 1.66
1160 1.69
1161 1.67
1162 1.67
1163 1.68
1164 1.67
1165 1.65
1166 1.66
1167 1.68
1168 1.67
1169 1.67
1170 1.67
1171 1.69
1172 1.71
1173 1.68
1174 1.68
1175 1.69
1176 1.68
1177 1.63
1178 1.67
1179 1.67
1180 1.67
1181 1.68
1182 1.68
1183 1.72
1184 1.68
1185 1.68
1186 1.70
1187 1.68
1188 1.68
1189 1.72
1190 1.68
1191 1.68
1192 1.68
1193 1.67
1194 1.68
1195 1.68
1196 1.70
1197 1.68
1198 1.68
1199 1.67
1200 1.67
1201 1.73
1202 1.67
1203 1.67
1204 1.68
1205 1.67
1206 1.68
1207 1.72
1208 1.69
1209 1.68
1210 1.69
1211 1.68
1212 1.68
1213 1.70
1214 1.70
1215 1.67
1216 1.69
1217 1.69
1218 1.68
1219 1.65
1220 1.62
1221 1.64
1222 1.63
1223 1.62
1224 1.63
1225 1.89
1226 1.63
1227 1.53
1228 1.48
1229 1.46
1230 1.44
1231 1.95
1232 1.66
1233 1.55
1234 1.51
1235 1.47
1236 1.45
1237 1.70
1238 1.58
1239 1.53
1240 1.49
1241 1.47
1242 1.40
1243 1.37
1244 1.37
1245 1.36
1246 1.36
1247 1.36
1248 1.99
1249 1.68
1250 1.56
1251 1.51
1252 1.48
1253 1.46
1254 1.36
1255 1.36
1256 1.36
1257 1.36
1258 1.36
1259 1.36
1260 1.88
1261 1.87
1262 1.79
1263 1.69
1264 1.62
1265 1.58
1266 1.94
1267 1.75
1268 1.66
1269 1.60
1270 1.56
1271 1.95
1272 1.76
1273 1.67
1274 1.60
1275 1.56
1276 1.90
1277 1.72
1278 1.63
1279 1.57
1280 1.54
1281 1.88
1282 1.71
1283 1.62
1284 1.57
1285 1.54
1286 1.99
1287 1.79
1288 1.67
1289 1.62
1290 1.58
1291 1.96
1292 1.67
1293 1.57
1294 1.51
1295 1.49
1296 1.47
1297 1.36
1298 1.35
1299 1.35
1300 1.37
1301 1.36
1302 1.36
1303 1.90
1304 1.71
1305 1.63
1306 1.57
1307 1.54
1308 1.85
1309 1.72
1310 1.65
1311 1.60
1312 1.89
1313 1.71
1314 1.62
1315 1.57
1316 1.53
1317 1.93
1318 1.74
1319 1.64
1320 1.59
1321 1.55
1322 1.78
1323 1.68
1324 1.62
1325 1.57
1326 1.97
1327 1.76
1328 1.66
1329 1.60
1330 1.56
1331 1.35
1332 1.36
1333 1.36
1334 1.36
1335 1.36
1336 1.36
1337 1.92
1338 1.86
1339 1.73
1340 1.64
1341 1.58
1342 1.55
1343 1.80
1344 1.69
1345 1.63
1346 1.58
1347 1.36
1348 1.35
1349 1.36
1350 1.36
1351 1.36
1352 1.36
1353 1.97
1354 1.76
1355 1.66
1356 1.60
1357 1.56
1358 1.61
1359 1.49
1360 1.43
1361 1.42
1362 1.40
1363 1.40
1364 1.80
1365 1.65
1366 1.59
1367 1.53
1368 1.51
1369 1.87
1370 1.70
1371 1.61
1372 1.56
1373 1.53
1374 1.80
1375 1.70
1376 1.63
1377 1.59
1378 1.87
1379 1.70
1380 1.62
1381 1.57
1382 1.53
1383 1.86
1384 1.69
1385 1.61
1386 1.56
1387 1.53
1388 1.97
1389 1.76
1390 1.66
1391 1.61
1392 1.57
1393 1.36
1394 1.37
1395 1.36
1396 1.36
1397 1.36
1398 1.36
1399 1.92
1400 1.73
1401 1.64
1402 1.58
1403 1.54
1404 1.97
1405 1.77
1406 1.66
1407 1.60
1408 1.56
1409 1.34
1410 1.36
1411 1.35
1412 1.36
1413 1.36
1414 1.36
1415 1.91
1416 1.73
1417 1.63
1418 1.57
1419 1.54
1420 1.99
1421 1.77
1422 1.67
1423 1.60
1424 1.56
1425 1.36
1426 1.37
1427 1.36
1428 1.36
1429 1.36
1430 1.36
1431 1.85
1432 1.69
1433 1.61
1434 1.56
1435 1.52
1436 1.79
1437 1.58
1438 1.52
1439 1.47
1440 1.46
1441 1.44
1442 1.81
1443 1.70
1444 1.63
1445 1.59
1446 1.82
1447 1.71
1448 1.64
1449 1.59
1450 1.81
1451 1.70
1452 1.63
1453 1.59
1454 1.77
1455 1.58
1456 1.50
1457 1.47
1458 1.45
1459 1.44
1460 1.83
1461 1.71
1462 1.64
1463 1.60
1464 1.81
1465 1.70
1466 1.64
1467 1.60
1468 1.81
1469 1.71
1470 1.64
1471 1.60
1472 1.83
1473 1.71
1474 1.64
1475 1.60
1476 1.70
1477 1.52
1478 1.47
1479 1.44
1480 1.43
1481 1.42
1482 1.82
1483 1.71
1484 1.65
1485 1.60
1486 1.81
1487 1.70
1488 1.63
1489 1.59
1490 1.43
1491 1.42
1492 1.42
1493 1.42
1494 1.41
1495 1.41
1496 1.41
1497 1.42
1498 1.41
1499 1.41
1500 1.41
1501 1.42
1502 1.41
1503 1.40
1504 1.42
1505 1.42
1506 1.42
1507 1.42
1508 1.38
1509 1.39
1510 1.40
1511 1.40
1512 1.41
1513 1.41
1514 1.42
1515 1.41
1516 1.41
1517 1.41
1518 1.41
1519 1.41
1520 1.39
1521 1.41
1522 1.41
1523 1.42
1524 1.41
1525 1.42
1526 1.42
1527 1.41
1528 1.42
1529 1.42
1530 1.41
1531 1.42
1532 1.42
1533 1.41
1534 1.42
1535 1.42
1536 1.41
1537 1.42
1538 1.41
1539 1.42
1540 1.42
1541 1.42
1542 1.42
1543 1.41
1544 1.41
1545 1.41
1546 1.41
1547 1.41
1548 1.41
1549 1.41
1550 1.45
1551 1.42
1552 1.42
1553 1.42
1554 1.42
1555 1.42
1556 1.37
1557 1.40
1558 1.40
1559 1.41
1560 1.41
1561 1.41
1562 1.42
1563 1.41
1564 1.41
1565 1.41
1566 1.41
1567 1.41
1568 1.38
1569 1.41
1570 1.40
1571 1.41
1572 1.41
1573 1.41
1574 1.43
1575 1.42
1576 1.41
1577 1.42
1578 1.42
1579 1.42
1580 1.41
1581 1.41
1582 1.41
1583 1.42
1584 1.42
1585 1.41
1586 1.41
1587 1.41
1588 1.41
1589 1.41
1590 1.41
1591 1.41
1592 1.41
1593 1.41
1594 1.41
1595 1.41
1596 1.42
1597 1.41
1598 1.99
1599 1.68
1600 1.56
1601 1.51
1602 1.49
1603 1.46
1604 1.68
1605 1.58
1606 1.51
1607 1.48
1608 1.46
1609 1.80
1610 1.65
1611 1.58
1612 1.53
1613 1.50
1614 1.67
1615 1.56
1616 1.50
1617 1.47
1618 1.45
1619 1.95
1620 1.65
1621 1.55
1622 1.50
1623 1.47
1624 1.46
1625 1.34
1626 1.34
1627 1.36
1628 1.36
1629 1.35
1630 1.36
1631 1.92
1632 1.64
1633 1.56
1634 1.49
1635 1.47
1636 1.45
1637 1.92
1638 1.63
1639 1.54
1640 1.49
1641 1.46
1642 1.45
1643 1.89
1644 1.63
1645 1.53
1646 1.49
1647 1.46
1648 1.45
1649 1.70
1650 1.59
1651 1.53
1652 1.49
1653 1.47
1654 1.79
1655 1.58
1656 1.51
1657 1.48
1658 1.45
1659 1.43
1660 1.93
1661 1.64
1662 1.55
1663 1.50
1664 1.48
1665 1.45
1666 1.69
1667 1.58
1668 1.53
1669 1.49
1670 1.47
1671 1.84
1672 1.59
1673 1.52
1674 1.47
1675 1.45
1676 1.44
1677 1.93
1678 1.66
1679 1.56
1680 1.50
1681 1.48
1682 1.46
1683 1.99
1684 1.67
1685 1.55
1686 1.51
1687 1.47
1688 1.45
1689 1.71
1690 1.59
1691 1.53
1692 1.50
1693 1.47
1694 1.84
1695 1.72
1696 1.65
1697 1.60
1698 1.93
1699 1.74
1700 1.64
1701 1.59
1702 1.55
1703 1.91
1704 1.77
1705 1.70
1706 1.64
1707 1.85
1708 1.73
1709 1.65
1710 1.61
1711 1.79
1712 1.68
1713 1.62
1714 1.57
1715 1.97
1716 1.79
1717 1.69
1718 1.62
1719 1.58
1720 1.85
1721 1.72
1722 1.65
1723 1.60
1724 1.96
1725 1.92
1726 1.81
1727 1.70
1728 1.63
1729 1.59
1730 1.88
1731 1.91
1732 1.78
1733 1.68
1734 1.61
1735 1.57
1736 1.96
1737 1.66
1738 1.56
1739 1.51
1740 1.48
1741 1.46
1742 1.83
1743 1.68
1744 1.60
1745 1.56
1746 1.52
1747 1.82
1748 1.66
1749 1.59
1750 1.54
1751 1.51
1752 1.81
1753 1.67
1754 1.60
1755 1.55
1756 1.52
1757 1.89
1758 1.76
1759 1.68
1760 1.63
1761 1.82
1762 1.86
1763 1.88
1764 1.79
1765 1.70
1766 1.64
1767 1.85
1768 1.73
1769 1.66
1770 1.61
1771 1.75
1772 1.76
1773 1.79
1774 1.69
1775 1.63
1776 1.58
1777 1.89
1778 1.76
1779 1.68
1780 1.63
1781 1.36
1782 1.36
1783 1.36
1784 1.36
1785 1.36
1786 1.36
1787 1.35
1788 1.36
1789 1.35
1790 1.36
1791 1.35
1792 1.36
1793 1.74
1794 1.62
1795 1.55
1796 1.51
1797 1.49
1798 1.36
1799 1.36
1800 1.36
1801 1.36
1802 1.36
1803 1.36
1804 1.97
1805 1.94
1806 1.69
1807 1.60
1808 1.60
1809 1.59
1810 1.58
1811 1.55
1812 1.73
1813 1.55
1814 1.38
1815 1.97
1816 1.97
1817 1.97
1818 1.41
1819 1.40
1820 1.42
1821 1.42
1822 1.42
1823 1.41
1824 1.41
1825 1.42
1826 1.42
1827 1.41
1828 1.41
1829 1.41
1830 1.39
1831 1.37
1832 1.39
1833 1.39
1834 1.39
1835 1.39
1836 1.40
1837 1.40
1838 1.40
1839 1.41
1840 1.41
1841 1.41
1842 1.36
1843 1.41
1844 1.41
1845 1.41
1846 1.41
1847 1.41
1848 1.41
1849 1.41
1850 1.41
1851 1.41
1852 1.41
1853 1.41
1854 1.41
1855 1.42
1856 1.42
1857 1.42
1858 1.41
1859 1.41
1860 1.40
1861 1.41
1862 1.41
1863 1.41
1864 1.41
1865 1.41
1866 1.44
1867 1.43
1868 1.42
1869 1.42
1870 1.41
1871 1.42
1872 1.40
1873 1.42
1874 1.42
1875 1.42
1876 1.41
1877 1.42
1878 1.42
1879 1.41
1880 1.41
1881 1.41
1882 1.41
1883 1.41
1884 1.37
1885 1.40
1886 1.40
1887 1.40
1888 1.41
1889 1.40
1890 1.46
1891 1.43
1892 1.42
1893 1.42
1894 1.42
1895 1.41
1896 1.44
1897 1.42
1898 1.42
1899 1.42
1900 1.42
1901 1.42
1902 1.39
1903 1.40
1904 1.41
1905 1.41
1906 1.41
1907 1.42
1908 1.38
1909 1.39
1910 1.40
1911 1.40
1912 1.40
1913 1.40
1914 1.28
1915 1.24
1916 1.25
1917 1.25
1918 1.25
1919 1.25
1920 1.25
1921 1.23
1922 1.23
1923 1.23
1924 1.23
1925 1.22
1926 1.25
1927 1.24
1928 1.23
1929 1.23
1930 1.24
1931 1.24
1932 1.23
1933 1.24
1934 1.24
1935 1.25
1936 1.25
1937 1.25
1938 1.25
1939 1.25
1940 1.25
1941 1.24
1942 1.25
1943 1.24
1944 1.24
1945 1.25
1946 1.24
1947 1.24
1948 1.24
1949 1.24
1950 1.24
1951 1.24
1952 1.24
1953 1.24
1954 1.24
1955 1.24
1956 1.22
1957 1.23
1958 1.23
1959 1.24
1960 1.24
1961 1.24
1962 1.24
1963 1.24
1964 1.25
1965 1.24
1966 1.25
1967 1.24
1968 1.24
1969 1.24
1970 1.24
1971 1.25
1972 1.24
1973 1.24
1974 1.22
1975 1.23
1976 1.24
1977 1.24
1978 1.24
1979 1.24
1980 1.19
1981 1.21
1982 1.22
1983 1.22
1984 1.23
1985 1.23
1986 1.21
1987 1.23
1988 1.24
1989 1.23
1990 1.23
1991 1.23
1992 1.27
1993 1.25
1994 1.24
1995 1.24
1996 1.25
1997 1.24
1998 1.26
1999 1.25
