0 1.42
1 1.40
2 1.41
3 1.41
4 1.42
5 1.42
6 1.42
7 1.41
8 1.42
9 1.42
10 1.41
11 1.42
12 1.42
13 1.41
14 1.41
15 1.41
16 1.41
17 1.41
18 1.41
19 1.41
20 1.40
21 1.41
22 1.41
23 1.41
24 1.40
25 1.41
26 1.40
27 1.40
28 1.41
29 1.41
30 1.41
31 1.42
32 1.41
33 1.41
34 1.41
35 1.41
36 1.41
37 1.41
38 1.41
39 1.41
40 1.41
41 1.41
42 1.41
43 1.42
44 1.41
45 1.42
46 1.41
47 1.41
48 1.41
49 1.40
50 1.41
51 1.41
52 1.41
53 1.41
54 1.41
55 1.42
56 1.42
57 1.41
58 1.41
59 1.41
60 1.41
61 1.41
62 1.41
63 1.41
64 1.41
65 1.41
66 1.41
67 1.42
68 1.41
69 1.41
70 1.41
71 1.41
72 1.41
73 1.42
74 1.41
75 1.41
76 1.41
77 1.41
78 1.41
79 1.42
80 1.41
81 1.41
82 1.41
83 1.41
84 1.41
85 1.41
86 1.41
87 1.41
88 1.41
89 1.41
90 1.41
91 1.41
92 1.41
93 1.41
94 1.41
95 1.41
96 1.41
97 1.41
98 1.42
99 1.41
100 1.41
101 1.41
102 1.41
103 1.41
104 1.41
105 1.41
106 1.41
107 1.41
108 1.41
109 1.24
110 1.25
111 1.25
112 1.24
113 1.24
114 1.24
115 1.24
116 1.24
117 1.24
118 1.24
119 1.24
120 1.24
121 1.23
122 1.22
123 1.24
124 1.24
125 1.24
126 1.24
127 1.23
128 1.24
129 1.23
130 1.24
131 1.24
132 1.24
133 1.25
134 1.24
135 1.24
136 1.24
137 1.24
138 1.24
139 1.28
140 1.24
141 1.25
142 1.23
143 1.25
144 1.24
145 1.23
146 1.18
147 1.17
148 1.16
149 1.17
150 1.18
151 1.24
152 1.25
153 1.24
154 1.24
155 1.24
156 1.24
157 1.20
158 1.24
159 1.23
160 1.23
161 1.23
162 1.24
163 1.26
164 1.24
165 1.25
166 1.23
167 1.25
168 1.24
169 1.42
170 1.42
171 1.41
172 1.42
173 1.41
174 1.41
175 1.40
176 1.41
177 1.41
178 1.41
179 1.41
180 1.41
181 1.42
182 1.41
183 1.41
184 1.41
185 1.41
186 1.41
187 1.42
188 1.42
189 1.41
190 1.42
191 1.42
192 1.42
193 1.42
194 1.42
195 1.42
196 1.42
197 1.42
198 1.42
199 1.40
200 1.41
201 1.41
202 1.41
203 1.41
204 1.41
205 1.43
206 1.41
207 1.42
208 1.42
209 1.42
210 1.42
211 1.41
212 1.42
213 1.42
214 1.42
215 1.42
216 1.42
217 1.42
218 1.42
219 1.42
220 1.42
221 1.42
222 1.42
223 1.43
224 1.42
225 1.42
226 1.42
227 1.42
228 1.42
229 1.42
230 1.42
231 1.41
232 1.42
233 1.41
234 1.42
235 1.41
236 1.42
237 1.42
238 1.42
239 1.41
240 1.42
241 1.43
242 1.41
243 1.42
244 1.41
245 1.42
246 1.42
247 1.43
248 1.42
249 1.41
250 1.42
251 1.42
252 1.42
253 1.41
254 1.41
255 1.41
256 1.41
257 1.41
258 1.41
259 1.44
260 1.42
261 1.42
262 1.42
263 1.42
264 1.42
265 1.42
266 1.42
267 1.41
268 1.41
269 1.42
270 1.42
271 1.42
272 1.42
273 1.42
274 1.42
275 1.42
276 1.42
277 1.02
278 1.02
279 1.04
280 1.03
281 1.03
282 1.04
283 1.05
284 1.07
285 1.06
286 1.06
287 1.07
288 1.02
289 1.40
290 1.41
291 1.42
292 1.41
293 1.42
294 1.41
295 1.42
296 1.42
297 1.41
298 1.42
299 1.41
300 1.41
301 1.40
302 1.40
303 1.41
304 1.41
305 1.41
306 1.41
307 1.42
308 1.41
309 1.41
310 1.41
311 1.41
312 1.41
313 1.42
314 1.41
315 1.41
316 1.41
317 1.41
318 1.41
319 1.41
320 1.42
321 1.41
322 1.42
323 1.41
324 1.42
325 1.43
326 1.42
327 1.42
328 1.42
329 1.42
330 1.41
331 1.41
332 1.41
333 1.41
334 1.41
335 1.41
336 1.41
337 1.42
338 1.42
339 1.42
340 1.42
341 1.42
342 1.42
343 1.41
344 1.42
345 1.42
346 1.41
347 1.42
348 1.41
349 1.41
350 1.41
351 1.41
352 1.41
353 1.41
354 1.41
355 1.41
356 1.41
357 1.41
358 1.41
359 1.41
360 1.41
361 1.41
362 1.41
363 1.42
364 1.42
365 1.42
366 1.42
367 1.40
368 1.40
369 1.41
370 1.41
371 1.41
372 1.41
373 1.41
374 1.42
375 1.41
376 1.41
377 1.41
378 1.41
379 1.41
380 1.41
381 1.41
382 1.41
383 1.41
384 1.41
385 1.41
386 1.40
387 1.39
388 1.39
389 1.39
390 1.39
391 1.39
392 1.39
393 1.39
394 1.39
395 1.39
396 1.39
397 1.38
398 1.39
399 1.39
400 1.39
401 1.39
402 1.39
403 1.41
404 1.40
405 1.39
406 1.40
407 1.39
408 1.39
409 1.40
410 1.40
411 1.39
412 1.39
413 1.39
414 1.39
415 1.38
416 1.38
417 1.39
418 1.39
419 1.39
420 1.39
421 1.40
422 1.39
423 1.39
424 1.39
425 1.39
426 1.39
427 1.40
428 1.39
429 1.39
430 1.39
431 1.39
432 1.39
433 1.39
434 1.39
435 1.38
436 1.39
437 1.39
438 1.39
439 1.39
440 1.39
441 1.39
442 1.39
443 1.39
444 1.39
445 1.38
446 1.39
447 1.38
448 1.39
449 1.39
450 1.39
451 1.40
452 1.39
453 1.39
454 1.39
455 1.39
456 1.39
457 1.39
458 1.39
459 1.39
460 1.39
461 1.39
462 1.39
463 1.39
464 1.39
465 1.39
466 1.39
467 1.39
468 1.39
469 1.40
470 1.29
471 1.33
472 1.35
473 1.35
474 1.36
475 1.40
476 1.40
477 1.40
478 1.38
479 1.39
480 1.39
481 1.40
482 1.42
483 1.41
484 1.41
485 1.41
486 1.42
487 1.41
488 1.41
489 1.41
490 1.42
491 1.42
492 1.42
493 1.42
494 1.42
495 1.42
496 1.42
497 1.42
498 1.42
499 1.43
500 1.43
501 1.42
502 1.42
503 1.42
504 1.42
505 1.43
506 1.42
507 1.42
508 1.41
509 1.41
510 1.42
511 1.44
512 1.42
513 1.42
514 1.42
515 1.42
516 1.42
517 1.44
518 1.42
519 1.42
520 1.42
521 1.42
522 1.42
523 1.41
524 1.41
525 1.41
526 1.41
527 1.41
528 1.42
529 1.41
530 1.41
531 1.42
532 1.42
533 1.42
534 1.42
535 1.42
536 1.42
537 1.42
538 1.41
539 1.42
540 1.42
541 1.42
542 1.42
543 1.42
544 1.42
545 1.42
546 1.42
547 1.40
548 1.41
549 1.41
550 1.42
551 1.41
552 1.42
553 1.43
554 1.42
555 1.42
556 1.42
557 1.42
558 1.41
559 1.41
560 1.42
561 1.41
562 1.42
563 1.42
564 1.42
565 1.41
566 1.41
567 1.41
568 1.41
569 1.41
570 1.41
571 1.42
572 1.41
573 1.41
574 1.42
575 1.42
576 1.41
577 1.41
578 1.42
579 1.41
580 1.42
581 1.41
582 1.42
583 1.43
584 1.42
585 1.41
586 1.42
587 1.41
588 1.41
589 1.42
590 1.41
591 1.41
592 1.41
593 1.41
594 1.41
595 1.41
596 1.41
597 1.41
598 1.41
599 1.41
600 1.41
601 1.42
602 1.42
603 1.41
604 1.41
605 1.41
606 1.41
607 1.42
608 1.42
609 1.42
610 1.42
611 1.41
612 1.42
613 1.41
614 1.41
615 1.41
616 1.41
617 1.41
618 1.41
619 1.42
620 1.41
621 1.42
622 1.41
623 1.42
624 1.41
625 1.42
626 1.41
627 1.41
628 1.41
629 1.41
630 1.42
631 1.42
632 1.42
633 1.41
634 1.41
635 1.41
636 1.41
637 1.42
638 1.41
639 1.41
640 1.41
641 1.41
642 1.41
643 1.40
644 1.41
645 1.41
646 1.41
647 1.41
648 1.42
649 1.42
650 1.42
651 1.42
652 1.42
653 1.42
654 1.42
655 1.41
656 1.41
657 1.41
658 1.41
659 1.41
660 1.41
661 1.41
662 1.42
663 1.41
664 1.41
665 1.41
666 1.41
667 1.42
668 1.41
669 1.41
670 1.41
671 1.41
672 1.41
673 1.42
674 1.42
675 1.42
676 1.42
677 1.42
678 1.42
679 1.42
680 1.41
681 1.41
682 1.41
683 1.41
684 1.41
685 1.42
686 1.41
687 1.41
688 1.41
689 1.41
690 1.41
691 1.41
692 1.42
693 1.41
694 1.41
695 1.41
696 1.41
697 1.43
698 1.42
699 1.42
700 1.42
701 1.42
702 1.42
703 1.40
704 1.40
705 1.41
706 1.41
707 1.41
708 1.41
709 1.43
710 1.42
711 1.42
712 1.42
713 1.42
714 1.42
715 1.42
716 1.42
717 1.42
718 1.42
719 1.42
720 1.42
721 1.42
722 1.42
723 1.42
724 1.42
725 1.41
726 1.42
727 1.41
728 1.42
729 1.42
730 1.41
731 1.41
732 1.42
733 1.40
734 1.42
735 1.42
736 1.41
737 1.42
738 1.42
739 1.42
740 1.41
741 1.41
742 1.41
743 1.41
744 1.42
745 1.42
746 1.41
747 1.42
748 1.42
749 1.42
750 1.42
751 1.44
752 1.42
753 1.42
754 1.42
755 1.41
756 1.41
757 1.40
758 1.41
759 1.41
760 1.42
761 1.41
762 1.41
763 1.40
764 1.40
765 1.41
766 1.41
767 1.41
768 1.41
769 1.40
770 1.41
771 1.41
772 1.42
773 1.41
774 1.41
775 1.40
776 1.41
777 1.42
778 1.41
779 1.41
780 1.41
781 1.41
782 1.41
783 1.41
784 1.41
785 1.41
786 1.42
787 1.43
788 1.40
789 1.41
790 1.42
791 1.42
792 1.41
793 1.41
794 1.41
795 1.41
796 1.41
797 1.41
798 1.41
799 1.41
800 1.41
801 1.41
802 1.41
803 1.41
804 1.41
805 1.38
806 1.38
807 1.40
808 1.40
809 1.39
810 1.39
811 1.41
812 1.41
813 1.41
814 1.41
815 1.41
816 1.41
817 1.42
818 1.42
819 1.41
820 1.41
821 1.41
822 1.41
823 1.41
824 1.41
825 1.41
826 1.41
827 1.41
828 1.41
829 1.42
830 1.41
831 1.41
832 1.41
833 1.41
834 1.41
835 1.41
836 1.41
837 1.41
838 1.41
839 1.41
840 1.41
841 1.41
842 1.40
843 1.41
844 1.41
845 1.41
846 1.41
847 1.41
848 1.41
849 1.41
850 1.41
851 1.41
852 1.41
853 1.42
854 1.42
855 1.42
856 1.41
857 1.41
858 1.41
859 1.41
860 1.41
861 1.41
862 1.41
863 1.41
864 1.41
865 1.41
866 1.41
867 1.41
868 1.41
869 1.41
870 1.41
871 1.39
872 1.41
873 1.41
874 1.41
875 1.41
876 1.41
877 1.42
878 1.42
879 1.42
880 1.42
881 1.42
882 1.41
883 1.41
884 1.41
885 1.41
886 1.41
887 1.41
888 1.41
889 1.41
890 1.41
891 1.41
892 1.41
893 1.41
894 1.41
895 1.42
896 1.41
897 1.42
898 1.41
899 1.41
900 1.41
901 1.41
902 1.42
903 1.41
904 1.41
905 1.41
906 1.41
907 1.42
908 1.41
909 1.41
910 1.41
911 1.42
912 1.41
913 1.41
914 1.41
915 1.42
916 1.41
917 1.41
918 1.41
919 1.41
920 1.41
921 1.41
922 1.41
923 1.41
924 1.41
925 1.42
926 1.42
927 1.42
928 1.42
929 1.41
930 1.42
931 1.41
932 1.41
933 1.41
934 1.41
935 1.41
936 1.41
937 1.41
938 1.41
939 1.41
940 1.41
941 1.41
942 1.41
943 1.40
944 1.41
945 1.41
946 1.41
947 1.41
948 1.41
949 1.41
950 1.41
951 1.41
952 1.41
953 1.41
954 1.41
955 1.41
956 1.41
957 1.41
958 1.41
959 1.41
960 1.41
961 1.42
962 1.42
963 1.41
964 1.42
965 1.41
966 1.41
967 1.42
968 1.42
969 1.41
970 1.42
971 1.41
972 1.41
973 1.41
974 1.41
975 1.41
976 1.41
977 1.41
978 1.41
979 1.41
980 1.41
981 1.41
982 1.41
983 1.41
984 1.41
985 1.88
986 1.83
987 1.79
988 1.81
989 1.81
990 1.82
991 1.54
992 1.49
993 1.48
994 1.53
995 1.52
996 1.51
997 1.88
998 1.78
999 1.69
1000 1.75
1001 1.76
1002 1.75
1003 1.63
1004 1.64
1005 1.67
1006 1.64
1007 1.63
1008 1.63
1009 1.43
1010 1.42
1011 1.41
1012 1.42
1013 1.42
1014 1.42
1015 1.40
1016 1.41
1017 1.42
1018 1.41
1019 1.41
1020 1.41
1021 1.41
1022 1.42
1023 1.42
1024 1.42
1025 1.41
1026 1.42
1027 1.41
1028 1.42
1029 1.41
1030 1.41
1031 1.41
1032 1.41
1033 1.41
1034 1.42
1035 1.41
1036 1.41
1037 1.41
1038 1.42
1039 1.43
1040 1.42
1041 1.42
1042 1.42
1043 1.42
1044 1.42
1045 1.41
1046 1.41
1047 1.42
1048 1.41
1049 1.42
1050 1.42
1051 1.40
1052 1.40
1053 1.41
1054 1.41
1055 1.41
1056 1.41
1057 1.42
1058 1.41
1059 1.41
1060 1.41
1061 1.41
1062 1.41
1063 1.40
1064 1.42
1065 1.42
1066 1.41
1067 1.41
1068 1.41
1069 1.42
1070 1.42
1071 1.42
1072 1.42
1073 1.42
1074 1.42
1075 1.42
1076 1.03
1077 1.13
1078 1.18
1079 1.22
1080 1.41
1081 1.42
1082 1.42
1083 1.42
1084 1.42
1085 1.42
1086 1.42
1087 1.42
1088 1.42
1089 1.42
1090 1.42
1091 1.41
1092 1.42
1093 1.41
1094 1.42
1095 1.42
1096 1.42
1097 1.42
1098 1.42
1099 1.42
1100 1.42
1101 1.42
1102 1.42
1103 1.42
1104 1.41
1105 1.41
1106 1.41
1107 1.42
1108 1.41
1109 1.42
1110 1.43
1111 1.42
1112 1.41
1113 1.41
1114 1.42
1115 1.42
1116 1.42
1117 1.41
1118 1.42
1119 1.41
1120 1.42
1121 1.42
1122 1.42
1123 1.42
1124 1.41
1125 1.42
1126 1.42
1127 1.42
1128 1.41
1129 1.41
1130 1.42
1131 1.41
1132 1.41
1133 1.42
1134 1.41
1135 1.42
1136 1.42
1137 1.42
1138 1.41
1139 1.42
1140 1.43
1141 1.42
1142 1.42
1143 1.42
1144 1.42
1145 1.42
1146 1.42
1147 1.41
1148 1.41
1149 1.41
1150 1.41
1151 1.41
1152 1.42
1153 1.42
1154 1.41
1155 1.41
1156 1.41
1157 1.41
1158 1.42
1159 1.41
1160 1.41
1161 1.41
1162 1.41
1163 1.41
1164 1.42
1165 1.41
1166 1.42
1167 1.41
1168 1.41
1169 1.41
1170 1.42
1171 1.41
1172 1.42
1173 1.42
1174 1.42
1175 1.42
1176 1.43
1177 1.42
1178 1.42
1179 1.42
1180 1.42
1181 1.41
1182 1.41
1183 1.41
1184 1.41
1185 1.42
1186 1.41
1187 1.41
1188 1.42
1189 1.41
1190 1.41
1191 1.41
1192 1.42
1193 1.42
1194 1.42
1195 1.42
1196 1.42
1197 1.41
1198 1.41
1199 1.42
1200 1.41
1201 1.42
1202 1.42
1203 1.42
1204 1.42
1205 1.42
1206 1.15
1207 1.28
1208 1.32
1209 1.35
1210 1.36
1211 1.37
1212 1.43
1213 1.42
1214 1.42
1215 1.42
1216 1.42
1217 1.42
1218 1.42
1219 1.41
1220 1.42
1221 1.42
1222 1.42
1223 1.42
1224 1.42
1225 1.42
1226 1.42
1227 1.42
1228 1.42
1229 1.42
1230 1.42
1231 1.42
1232 1.42
1233 1.42
1234 1.42
1235 1.42
1236 1.41
1237 1.42
1238 1.42
1239 1.42
1240 1.42
1241 1.42
1242 1.43
1243 1.42
1244 1.42
1245 1.42
1246 1.42
1247 1.42
1248 1.41
1249 1.41
1250 1.42
1251 1.42
1252 1.41
1253 1.41
1254 1.41
1255 1.42
1256 1.42
1257 1.42
1258 1.42
1259 1.42
1260 1.41
1261 1.41
1262 1.40
1263 1.41
1264 1.41
1265 1.41
1266 1.43
1267 1.42
1268 1.42
1269 1.42
1270 1.42
1271 1.42
1272 1.42
1273 1.41
1274 1.42
1275 1.41
1276 1.41
1277 1.42
1278 1.41
1279 1.41
1280 1.42
1281 1.42
1282 1.42
1283 1.41
1284 1.40
1285 1.41
1286 1.41
1287 1.42
1288 1.42
1289 1.41
1290 1.81
1291 1.81
1292 1.81
1293 1.81
1294 1.81
1295 1.81
1296 1.82
1297 1.81
1298 1.82
1299 1.81
1300 1.81
1301 1.81
1302 1.81
1303 1.81
1304 1.82
1305 1.81
1306 1.81
1307 1.81
1308 1.82
1309 1.81
1310 1.82
1311 1.81
1312 1.81
1313 1.81
1314 1.81
1315 1.81
1316 1.81
1317 1.81
1318 1.81
1319 1.81
1320 1.81
1321 1.81
1322 1.81
1323 1.81
1324 1.81
1325 1.81
1326 1.81
1327 1.82
1328 1.81
1329 1.81
1330 1.81
1331 1.81
1332 1.81
1333 1.81
1334 1.81
1335 1.81
1336 1.81
1337 1.81
1338 1.82
1339 1.82
1340 1.82
1341 1.82
1342 1.81
1343 1.81
1344 1.81
1345 1.80
1346 1.81
1347 1.81
1348 1.81
1349 1.81
1350 1.80
1351 1.81
1352 1.82
1353 1.81
1354 1.81
1355 1.81
1356 1.80
1357 1.81
1358 1.80
1359 1.81
1360 1.81
1361 1.81
1362 1.81
1363 1.82
1364 1.82
1365 1.81
1366 1.81
1367 1.81
1368 1.81
1369 1.81
1370 1.81
1371 1.82
1372 1.81
1373 1.81
1374 1.82
1375 1.81
1376 1.81
1377 1.81
1378 1.81
1379 1.81
1380 1.82
1381 1.81
1382 1.81
1383 1.81
1384 1.81
1385 1.81
1386 1.80
1387 1.81
1388 1.81
1389 1.81
1390 1.81
1391 1.81
1392 1.42
1393 1.41
1394 1.42
1395 1.41
1396 1.42
1397 1.41
1398 1.41
1399 1.42
1400 1.41
1401 1.41
1402 1.42
1403 1.41
1404 1.41
1405 1.41
1406 1.41
1407 1.41
1408 1.41
1409 1.41
1410 1.41
1411 1.42
1412 1.42
1413 1.42
1414 1.42
1415 1.42
1416 1.43
1417 1.42
1418 1.42
1419 1.42
1420 1.42
1421 1.42
1422 1.41
1423 1.42
1424 1.41
1425 1.41
1426 1.41
1427 1.42
1428 1.39
1429 1.41
1430 1.41
1431 1.41
1432 1.41
1433 1.41
1434 1.42
1435 1.42
1436 1.41
1437 1.42
1438 1.42
1439 1.41
1440 1.41
1441 1.41
1442 1.42
1443 1.41
1444 1.42
1445 1.42
1446 1.41
1447 1.41
1448 1.41
1449 1.41
1450 1.41
1451 1.41
1452 1.43
1453 1.41
1454 1.42
1455 1.42
1456 1.42
1457 1.42
1458 1.41
1459 1.42
1460 1.42
1461 1.42
1462 1.42
1463 1.42
1464 1.41
1465 1.42
1466 1.41
1467 1.41
1468 1.42
1469 1.42
1470 1.42
1471 1.42
1472 1.41
1473 1.42
1474 1.42
1475 1.42
1476 1.40
1477 1.41
1478 1.41
1479 1.41
1480 1.41
1481 1.41
1482 1.41
1483 1.41
1484 1.41
1485 1.41
1486 1.42
1487 1.42
1488 1.41
1489 1.42
1490 1.41
1491 1.42
1492 1.42
1493 1.42
1494 1.41
1495 1.41
1496 1.41
1497 1.40
1498 1.40
1499 1.40
1500 1.42
1501 1.41
1502 1.41
1503 1.41
1504 1.41
1505 1.41
1506 1.40
1507 1.41
1508 1.40
1509 1.09
1510 1.42
1511 1.42
1512 1.41
1513 1.41
1514 1.41
1515 1.41
1516 1.41
1517 1.41
1518 1.41
1519 1.41
1520 1.41
1521 1.41
1522 1.42
1523 1.42
1524 1.42
1525 1.42
1526 1.41
1527 1.41
1528 1.41
1529 1.40
1530 1.38
1531 1.38
1532 1.39
1533 1.39
1534 1.41
1535 1.41
1536 1.41
1537 1.41
1538 1.41
1539 1.41
1540 1.42
1541 1.42
1542 1.41
1543 1.42
1544 1.41
1545 1.41
1546 1.42
1547 1.41
1548 1.41
1549 1.41
1550 1.31
1551 1.09
1552 1.41
1553 1.41
1554 1.42
1555 1.42
1556 1.41
1557 1.42
1558 1.41
1559 1.41
1560 1.41
1561 1.41
1562 1.41
1563 1.41
1564 1.40
1565 1.41
1566 1.39
1567 1.40
1568 1.40
1569 1.40
1570 1.41
1571 1.41
1572 1.41
1573 1.41
1574 1.41
1575 1.41
1576 1.42
1577 1.41
1578 1.42
1579 1.41
1580 1.41
1581 1.41
1582 1.42
1583 1.42
1584 1.42
1585 1.42
1586 1.41
1587 1.41
1588 1.42
1589 1.41
1590 1.41
1591 1.41
1592 1.41
1593 1.41
1594 1.42
1595 1.42
1596 1.42
1597 1.42
1598 1.42
1599 1.42
1600 1.43
1601 1.43
1602 1.43
1603 1.43
1604 1.42
1605 1.42
1606 1.42
1607 1.42
1608 1.35
1609 1.36
1610 1.37
1611 1.38
1612 1.43
1613 1.42
1614 1.42
1615 1.42
1616 1.42
1617 1.42
1618 1.43
1619 1.42
1620 1.42
1621 1.42
1622 1.42
1623 1.42
1624 1.42
1625 1.42
1626 1.42
1627 1.42
1628 1.42
1629 1.42
1630 1.41
1631 1.41
1632 1.42
1633 1.42
1634 1.42
1635 1.42
1636 1.44
1637 1.43
1638 1.43
1639 1.43
1640 1.42
1641 1.43
1642 1.41
1643 1.42
1644 1.42
1645 1.42
1646 1.42
1647 1.42
1648 1.43
1649 1.42
1650 1.43
1651 1.42
1652 1.42
1653 1.42
1654 1.42
1655 1.41
1656 1.42
1657 1.42
1658 1.42
1659 1.42
1660 1.42
1661 1.42
1662 1.42
1663 1.42
1664 1.41
1665 1.41
1666 1.41
1667 1.43
1668 1.42
1669 1.42
1670 1.42
1671 1.42
1672 1.42
1673 1.42
1674 1.42
1675 1.42
1676 1.42
1677 1.42
1678 1.42
1679 1.42
1680 1.42
1681 1.43
1682 1.42
1683 1.42
1684 1.43
1685 1.42
1686 1.43
1687 1.42
1688 1.42
1689 1.42
1690 1.43
1691 1.42
1692 1.41
1693 1.42
1694 1.42
1695 1.42
1696 1.43
1697 1.42
1698 1.42
1699 1.42
1700 1.42
1701 1.42
1702 1.41
1703 1.41
1704 1.42
1705 1.41
1706 1.41
1707 1.42
1708 1.42
1709 1.42
1710 1.42
1711 1.42
1712 1.42
1713 1.42
1714 1.42
1715 1.42
1716 1.42
1717 1.42
1718 1.41
1719 1.42
1720 1.41
1721 1.41
1722 1.42
1723 1.41
1724 1.42
1725 1.41
1726 1.42
1727 1.41
1728 1.42
1729 1.41
1730 1.42
1731 1.42
1732 1.43
1733 1.41
1734 1.41
1735 1.41
1736 1.42
1737 1.42
1738 1.42
1739 1.42
1740 1.42
1741 1.42
1742 1.41
1743 1.42
1744 1.42
1745 1.42
1746 1.42
1747 1.41
1748 1.42
1749 1.42
1750 1.42
1751 1.42
1752 1.41
1753 1.42
1754 1.42
1755 1.42
1756 1.43
1757 1.42
1758 1.42
1759 1.42
1760 1.42
1761 1.42
1762 1.40
1763 1.41
1764 1.41
1765 1.41
1766 1.41
1767 1.41
1768 1.41
1769 1.42
1770 1.42
1771 1.42
1772 1.42
1773 1.42
1774 1.40
1775 1.42
1776 1.42
1777 1.42
1778 1.41
1779 1.41
1780 1.42
1781 1.42
1782 1.42
1783 1.41
1784 1.42
1785 1.41
1786 1.40
1787 1.41
1788 1.41
1789 1.41
1790 1.41
1791 1.41
1792 1.37
1793 1.37
1794 1.37
1795 1.37
1796 1.37
1797 1.37
1798 1.37
1799 1.38
1800 1.38
1801 1.37
1802 1.38
1803 1.38
1804 1.39
1805 1.38
1806 1.38
1807 1.38
1808 1.38
1809 1.38
1810 1.15
1811 1.23
1812 1.26
1813 1.29
1814 1.30
1815 1.36
1816 1.36
1817 1.37
1818 1.36
1819 1.36
1820 1.37
1821 1.38
1822 1.38
1823 1.37
1824 1.37
1825 1.37
1826 1.37
1827 1.36
1828 1.37
1829 1.37
1830 1.37
1831 1.37
1832 1.37
1833 1.38
1834 1.38
1835 1.38
1836 1.38
1837 1.38
1838 1.38
1839 1.37
1840 1.38
1841 1.37
1842 1.38
1843 1.38
1844 1.37
1845 1.36
1846 1.37
1847 1.37
1848 1.37
1849 1.37
1850 1.36
1851 1.37
1852 1.36
1853 1.37
1854 1.37
1855 1.37
1856 1.37
1857 1.37
1858 1.36
1859 1.36
1860 1.36
1861 1.36
1862 1.36
1863 1.40
1864 1.41
1865 1.41
1866 1.41
1867 1.41
1868 1.41
1869 1.42
1870 1.41
1871 1.42
1872 1.42
1873 1.41
1874 1.41
1875 1.42
1876 1.42
1877 1.42
1878 1.42
1879 1.42
1880 1.42
1881 1.41
1882 1.41
1883 1.42
1884 1.41
1885 1.41
1886 1.42
1887 1.41
1888 1.42
1889 1.41
1890 1.42
1891 1.42
1892 1.42
1893 1.42
1894 1.42
1895 1.41
1896 1.42
1897 1.41
1898 1.42
1899 1.42
1900 1.42
1901 1.42
1902 1.42
1903 1.41
1904 1.42
1905 1.41
1906 1.41
1907 1.41
1908 1.41
1909 1.41
1910 1.41
1911 1.41
1912 1.41
1913 1.42
1914 1.42
1915 1.41
1916 1.42
1917 1.41
1918 1.41
1919 1.41
1920 1.42
1921 1.42
1922 1.42
1923 1.42
1924 1.42
1925 1.41
1926 1.41
1927 1.41
1928 1.41
1929 1.41
1930 1.42
1931 1.40
1932 1.42
1933 1.42
1934 1.41
1935 1.41
1936 1.41
1937 1.41
1938 1.41
1939 1.42
1940 1.42
1941 1.41
1942 1.41
1943 1.42
1944 1.41
1945 1.41
1946 1.41
1947 1.41
1948 1.41
1949 1.41
1950 1.41
1951 1.41
1952 1.41
1953 1.23
1954 1.24
1955 1.24
1956 1.24
1957 1.24
1958 1.24
1959 1.23
1960 1.23
1961 1.24
1962 1.24
1963 1.24
1964 1.24
1965 1.25
1966 1.24
1967 1.25
1968 1.25
1969 1.25
1970 1.24
1971 1.24
1972 1.23
1973 1.24
1974 1.24
1975 1.24
1976 1.24
1977 1.25
1978 1.25
1979 1.25
1980 1.25
1981 1.25
1982 1.24
1983 1.26
1984 1.25
1985 1.24
1986 1.24
1987 1.24
1988 1.23
1989 1.25
1990 1.24
1991 1.25
1992 1.24
1993 1.24
1994 1.25
1995 1.24
1996 1.23
1997 1.24
1998 1.24
1999 1.24
