0 1.30
1 1.31
2 1.30
3 1.30
4 1.30
5 1.26
6 1.29
7 1.29
8 1.29
9 1.29
10 1.29
11 1.29
12 1.29
13 1.29
14 1.29
15 1.29
16 1.30
17 1.30
18 1.30
19 1.29
20 1.29
21 1.29
22 1.29
23 1.29
24 1.30
25 1.29
26 1.29
27 1.29
28 1.29
29 1.30
30 1.29
31 1.29
32 1.29
33 1.28
34 1.28
35 1.27
36 1.27
37 1.26
38 1.26
39 1.25
40 1.25
41 1.28
42 1.29
43 1.28
44 1.28
45 1.28
46 1.28
47 1.38
48 1.34
49 1.32
50 1.31
51 1.31
52 1.30
53 1.28
54 1.28
55 1.29
56 1.28
57 1.29
58 1.28
59 1.27
60 1.29
61 1.29
62 1.28
63 1.29
64 1.29
65 1.41
66 1.42
67 1.41
68 1.42
69 1.42
70 1.42
71 1.42
72 1.42
73 1.41
74 1.42
75 1.41
76 1.41
77 1.43
78 1.43
79 1.43
80 1.42
81 1.43
82 1.42
83 1.41
84 1.41
85 1.41
86 1.41
87 1.41
88 1.42
89 1.40
90 1.41
91 1.41
92 1.41
93 1.41
94 1.41
95 1.42
96 1.41
97 1.42
98 1.41
99 1.42
100 1.42
101 1.42
102 1.41
103 1.41
104 1.42
105 1.42
106 1.42
107 1.41
108 1.40
109 1.41
110 1.42
111 1.42
112 1.41
113 1.44
114 1.41
115 1.42
116 1.42
117 1.42
118 1.41
119 1.42
120 1.42
121 1.42
122 1.42
123 1.41
124 1.41
125 1.42
126 1.42
127 1.42
128 1.42
129 1.42
130 1.42
131 1.42
132 1.41
133 1.42
134 1.42
135 1.42
136 1.42
137 1.45
138 1.43
139 1.42
140 1.42
141 1.42
142 1.42
143 1.41
144 1.41
145 1.42
146 1.41
147 1.42
148 1.42
149 1.42
150 1.41
151 1.41
152 1.41
153 1.41
154 1.41
155 1.40
156 1.41
157 1.42
158 1.42
159 1.41
160 1.42
161 1.44
162 1.43
163 1.42
164 1.43
165 1.42
166 1.42
167 1.41
168 1.42
169 1.41
170 1.42
171 1.41
172 1.41
173 1.41
174 1.40
175 1.40
176 1.41
177 1.41
178 1.40
179 1.41
180 1.41
181 1.42
182 1.42
183 1.42
184 1.42
185 1.44
186 1.39
187 1.40
188 1.40
189 1.41
190 1.41
191 1.44
192 1.42
193 1.42
194 1.41
195 1.42
196 1.42
197 1.41
198 1.41
199 1.41
200 1.42
201 1.42
202 1.41
203 1.41
204 1.42
205 1.41
206 1.41
207 1.42
208 1.42
209 1.41
210 1.41
211 1.42
212 1.42
213 1.41
214 1.42
215 1.41
216 1.41
217 1.42
218 1.41
219 1.41
220 1.41
221 1.38
222 1.40
223 1.41
224 1.41
225 1.41
226 1.41
227 1.41
228 1.42
229 1.42
230 1.42
231 1.41
232 1.41
233 1.40
234 1.39
235 1.41
236 1.34
237 1.29
238 1.31
239 1.39
240 1.39
241 1.40
242 1.39
243 1.39
244 1.39
245 1.44
246 1.41
247 1.41
248 1.41
249 1.41
250 1.41
251 1.41
252 1.42
253 1.42
254 1.41
255 1.41
256 1.42
257 1.46
258 1.41
259 1.42
260 1.41
261 1.41
262 1.41
263 1.32
264 1.26
265 1.30
266 1.33
267 1.34
268 1.35
269 1.40
270 1.42
271 1.42
272 1.42
273 1.42
274 1.42
275 1.41
276 1.41
277 1.41
278 1.41
279 1.41
280 1.41
281 1.41
282 1.41
283 1.41
284 1.42
285 1.42
286 1.42
287 1.41
288 1.41
289 1.42
290 1.41
291 1.41
292 1.42
293 1.40
294 1.41
295 1.41
296 1.41
297 1.41
298 1.41
299 1.43
300 1.43
301 1.42
302 1.42
303 1.42
304 1.42
305 1.44
306 1.42
307 1.42
308 1.42
309 1.42
310 1.41
311 1.44
312 1.42
313 1.42
314 1.41
315 1.41
316 1.41
317 1.42
318 1.41
319 1.42
320 1.42
321 1.41
322 1.42
323 1.44
324 1.42
325 1.42
326 1.42
327 1.42
328 1.42
329 1.44
330 1.41
331 1.41
332 1.42
333 1.41
334 1.42
335 1.44
336 1.41
337 1.41
338 1.42
339 1.42
340 1.42
341 1.44
342 1.42
343 1.42
344 1.41
345 1.42
346 1.41
347 1.44
348 1.41
349 1.41
350 1.41
351 1.41
352 1.41
353 1.39
354 1.41
355 1.41
356 1.41
357 1.41
358 1.41
359 1.43
360 1.42
361 1.42
362 1.41
363 1.41
364 1.41
365 1.41
366 1.41
367 1.41
368 1.41
369 1.41
370 1.41
371 1.41
372 1.40
373 1.40
374 1.39
375 1.40
376 1.40
377 1.39
378 1.39
379 1.40
380 1.39
381 1.40
382 1.40
383 1.41
384 1.41
385 1.42
386 1.40
387 1.41
388 1.41
389 1.37
390 1.43
391 1.42
392 1.42
393 1.42
394 1.42
395 1.43
396 1.42
397 1.42
398 1.41
399 1.41
400 1.41
401 1.41
402 1.42
403 1.42
404 1.42
405 1.42
406 1.42
407 1.41
408 1.41
409 1.41
410 1.41
411 1.42
412 1.42
413 1.42
414 1.41
415 1.41
416 1.42
417 1.42
418 1.42
419 1.39
420 1.41
421 1.41
422 1.41
423 1.41
424 1.41
425 1.44
426 1.43
427 1.43
428 1.42
429 1.42
430 1.42
431 1.41
432 1.42
433 1.42
434 1.41
435 1.41
436 1.41
437 1.41
438 1.40
439 1.40
440 1.42
441 1.41
442 1.42
443 1.41
444 1.40
445 1.41
446 1.41
447 1.41
448 1.41
449 1.41
450 1.41
451 1.41
452 1.42
453 1.41
454 1.41
455 1.40
456 1.41
457 1.41
458 1.41
459 1.42
460 1.42
461 1.42
462 1.42
463 1.41
464 1.42
465 1.42
466 1.42
467 1.39
468 1.42
469 1.41
470 1.41
471 1.41
472 1.41
473 1.42
474 1.40
475 1.41
476 1.41
477 1.41
478 1.41
479 1.46
480 1.43
481 1.43
482 1.43
483 1.42
484 1.42
485 1.43
486 1.42
487 1.41
488 1.42
489 1.42
490 1.42
491 1.42
492 1.43
493 1.41
494 1.42
495 1.42
496 1.41
497 1.35
498 1.38
499 1.38
500 1.38
501 1.38
502 1.38
503 1.37
504 1.39
505 1.39
506 1.39
507 1.39
508 1.39
509 1.39
510 1.40
511 1.39
512 1.39
513 1.38
514 1.39
515 1.37
516 1.39
517 1.39
518 1.38
519 1.39
520 1.39
521 1.38
522 1.40
523 1.39
524 1.39
525 1.39
526 1.39
527 1.39
528 1.39
529 1.39
530 1.39
531 1.39
532 1.39
533 1.33
534 1.39
535 1.38
536 1.39
537 1.39
538 1.39
539 1.41
540 1.38
541 1.39
542 1.39
543 1.39
544 1.39
545 1.35
546 1.37
547 1.38
548 1.39
549 1.39
550 1.39
551 1.38
552 1.40
553 1.40
554 1.40
555 1.39
556 1.39
557 1.46
558 1.41
559 1.41
560 1.40
561 1.40
562 1.40
563 1.41
564 1.39
565 1.39
566 1.39
567 1.39
568 1.40
569 1.36
570 1.36
571 1.36
572 1.37
573 1.37
574 1.37
575 1.38
576 1.37
577 1.38
578 1.37
579 1.37
580 1.37
581 1.38
582 1.39
583 1.38
584 1.38
585 1.38
586 1.38
587 1.36
588 1.38
589 1.39
590 1.39
591 1.39
592 1.39
593 1.40
594 1.39
595 1.39
596 1.39
597 1.39
598 1.39
599 1.40
600 1.40
601 1.40
602 1.40
603 1.39
604 1.39
605 1.41
606 1.39
607 1.39
608 1.39
609 1.39
610 1.39
611 1.37
612 1.38
613 1.39
614 1.38
615 1.39
616 1.39
617 1.39
618 1.40
619 1.39
620 1.39
621 1.39
622 1.39
623 1.40
624 1.39
625 1.39
626 1.39
627 1.39
628 1.39
629 1.37
630 1.39
631 1.39
632 1.39
633 1.39
634 1.39
635 1.37
636 1.39
637 1.39
638 1.39
639 1.39
640 1.39
641 1.39
642 1.39
643 1.39
644 1.39
645 1.39
646 1.39
647 1.41
648 1.42
649 1.41
650 1.41
651 1.41
652 1.41
653 1.38
654 1.39
655 1.39
656 1.39
657 1.40
658 1.39
659 1.41
660 1.41
661 1.40
662 1.41
663 1.41
664 1.41
665 1.42
666 1.41
667 1.41
668 1.41
669 1.41
670 1.41
671 1.41
672 1.41
673 1.41
674 1.41
675 1.41
676 1.41
677 1.41
678 1.41
679 1.41
680 1.41
681 1.41
682 1.41
683 1.41
684 1.41
685 1.42
686 1.41
687 1.41
688 1.42
689 1.42
690 1.42
691 1.41
692 1.41
693 1.41
694 1.41
695 1.41
696 1.42
697 1.41
698 1.41
699 1.42
700 1.41
701 1.41
702 1.41
703 1.41
704 1.41
705 1.41
706 1.41
707 1.40
708 1.40
709 1.41
710 1.41
711 1.41
712 1.41
713 1.40
714 1.41
715 1.41
716 1.41
717 1.41
718 1.41
719 1.42
720 1.41
721 1.42
722 1.41
723 1.41
724 1.41
725 1.43
726 1.41
727 1.41
728 1.41
729 1.41
730 1.41
731 1.41
732 1.41
733 1.41
734 1.41
735 1.41
736 1.41
737 1.41
738 1.42
739 1.42
740 1.42
741 1.41
742 1.41
743 1.41
744 1.41
745 1.41
746 1.41
747 1.41
748 1.41
749 1.42
750 1.41
751 1.41
752 1.41
753 1.41
754 1.41
755 1.12
756 1.12
757 1.12
758 1.12
759 1.12
760 1.12
761 1.13
762 1.13
763 1.13
764 1.13
765 1.12
766 1.13
767 1.12
768 1.12
769 1.12
770 1.12
771 1.12
772 1.12
773 1.12
774 1.13
775 1.12
776 1.12
777 1.12
778 1.12
779 1.13
780 1.13
781 1.13
782 1.12
783 1.13
784 1.12
785 1.12
786 1.12
787 1.12
788 1.12
789 1.12
790 1.12
791 1.12
792 1.12
793 1.13
794 1.12
795 1.12
796 1.12
797 1.11
798 1.13
799 1.13
800 1.13
801 1.12
802 1.13
803 1.12
804 1.12
805 1.12
806 1.12
807 1.12
808 1.12
809 1.13
810 1.12
811 1.12
812 1.12
813 1.12
814 1.12
815 1.12
816 1.13
817 1.12
818 1.12
819 1.13
820 1.12
821 1.11
822 1.13
823 1.12
824 1.12
825 1.13
826 1.12
827 1.12
828 1.12
829 1.13
830 1.12
831 1.12
832 1.12
833 1.15
834 1.14
835 1.13
836 1.13
837 1.13
838 1.13
839 1.12
840 1.12
841 1.12
842 1.12
843 1.12
844 1.12
845 1.13
846 1.13
847 1.13
848 1.13
849 1.13
850 1.13
851 1.09
852 1.09
853 1.10
854 1.10
855 1.10
856 1.10
857 1.12
858 1.12
859 1.12
860 1.12
861 1.12
862 1.12
863 1.12
864 1.12
865 1.12
866 1.12
867 1.12
868 1.12
869 1.11
870 1.12
871 1.12
872 1.12
873 1.12
874 1.12
875 1.12
876 1.12
877 1.12
878 1.11
879 1.11
880 1.12
881 1.13
882 1.13
883 1.13
884 1.12
885 1.13
886 1.13
887 1.12
888 1.12
889 1.12
890 1.12
891 1.12
892 1.12
893 1.12
894 1.13
895 1.12
896 1.12
897 1.13
898 1.13
899 1.12
900 1.13
901 1.13
902 1.13
903 1.13
904 1.13
905 1.11
906 1.12
907 1.12
908 1.12
909 1.12
910 1.12
911 1.13
912 1.13
913 1.13
914 1.13
915 1.13
916 1.13
917 1.11
918 1.12
919 1.12
920 1.12
921 1.12
922 1.11
923 1.12
924 1.13
925 1.12
926 1.13
927 1.13
928 1.12
929 1.09
930 1.11
931 1.11
932 1.11
933 1.11
934 1.11
935 1.12
936 1.11
937 1.11
938 1.12
939 1.11
940 1.12
941 1.13
942 1.12
943 1.13
944 1.12
945 1.12
946 1.13
947 1.12
948 1.13
949 1.13
950 1.12
951 1.13
952 1.13
953 1.11
954 1.11
955 1.11
956 1.11
957 1.11
958 1.11
959 1.12
960 1.13
961 1.12
962 1.12
963 1.12
964 1.12
965 1.12
966 1.11
967 1.11
968 1.12
969 1.12
970 1.12
971 1.12
972 1.13
973 1.13
974 1.13
975 1.13
976 1.13
977 1.13
978 1.12
979 1.13
980 1.12
981 1.13
982 1.12
983 1.13
984 1.13
985 1.13
986 1.13
987 1.13
988 1.13
989 1.13
990 1.13
991 1.13
992 1.13
993 1.13
994 1.13
995 1.14
996 1.13
997 1.13
998 1.13
999 1.13
1000 1.13
1001 1.13
1002 1.13
1003 1.13
1004 1.13
1005 1.13
1006 1.13
1007 1.13
1008 1.13
1009 1.13
1010 1.13
1011 1.13
1012 1.13
1013 1.13
1014 1.13
1015 1.13
1016 1.13
1017 1.13
1018 1.13
1019 1.12
1020 1.13
1021 1.12
1022 1.13
1023 1.13
1024 1.13
1025 1.13
1026 1.13
1027 1.13
1028 1.13
1029 1.13
1030 1.13
1031 1.13
1032 1.13
1033 1.13
1034 1.13
1035 1.13
1036 1.13
1037 1.12
1038 1.13
1039 1.13
1040 1.13
1041 1.13
1042 1.13
1043 1.11
1044 1.11
1045 1.11
1046 1.11
1047 1.11
1048 1.11
1049 1.10
1050 1.08
1051 1.06
1052 1.07
1053 1.08
1054 1.08
1055 1.13
1056 1.13
1057 1.12
1058 1.12
1059 1.12
1060 1.12
1061 1.15
1062 1.13
1063 1.13
1064 1.12
1065 1.13
1066 1.13
1067 1.13
1068 1.13
1069 1.12
1070 1.12
1071 1.12
1072 1.12
1073 1.06
1074 1.08
1075 1.08
1076 1.08
1077 1.08
1078 1.08
1079 1.12
1080 1.13
1081 1.12
1082 1.12
1083 1.12
1084 1.12
1085 1.12
1086 1.12
1087 1.12
1088 1.13
1089 1.13
1090 1.12
1091 1.12
1092 1.12
1093 1.12
1094 1.13
1095 1.12
1096 1.12
1097 1.13
1098 1.13
1099 1.12
1100 1.13
1101 1.12
1102 1.12
1103 1.12
1104 1.12
1105 1.12
1106 1.12
1107 1.12
1108 1.12
1109 1.11
1110 1.12
1111 1.12
1112 1.12
1113 1.12
1114 1.12
1115 1.11
1116 1.12
1117 1.11
1118 1.12
1119 1.11
1120 1.12
1121 1.12
1122 1.13
1123 1.12
1124 1.13
1125 1.12
1126 1.12
1127 1.13
1128 1.13
1129 1.13
1130 1.13
1131 1.13
1132 1.13
1133 1.13
1134 1.13
1135 1.13
1136 1.12
1137 1.12
1138 1.12
1139 1.13
1140 1.13
1141 1.13
1142 1.13
1143 1.12
1144 1.13
1145 1.13
1146 1.13
1147 1.12
1148 1.13
1149 1.12
1150 1.12
1151 1.12
1152 1.13
1153 1.12
1154 1.12
1155 1.12
1156 1.12
1157 1.13
1158 1.12
1159 1.12
1160 1.13
1161 1.13
1162 1.12
1163 1.13
1164 1.12
1165 1.12
1166 1.12
1167 1.12
1168 1.12
1169 1.13
1170 1.13
1171 1.13
1172 1.12
1173 1.10
1174 1.08
1175 1.12
1176 1.12
1177 1.12
1178 1.12
1179 1.12
1180 1.12
1181 1.08
1182 1.09
1183 1.09
1184 1.09
1185 1.09
1186 1.10
1187 1.11
1188 1.12
1189 1.12
1190 1.12
1191 1.12
1192 1.12
1193 1.12
1194 1.12
1195 1.12
1196 1.12
1197 1.12
1198 1.12
1199 1.12
1200 1.12
1201 1.12
1202 1.12
1203 1.12
1204 1.12
1205 1.11
1206 1.12
1207 1.12
1208 1.12
1209 1.12
1210 1.12
1211 1.12
1212 1.13
1213 1.12
1214 1.12
1215 1.12
1216 1.12
1217 1.12
1218 1.13
1219 1.12
1220 1.12
1221 1.12
1222 1.12
1223 1.11
1224 1.12
1225 1.12
1226 1.12
1227 1.12
1228 1.12
1229 1.13
1230 1.13
1231 1.12
1232 1.13
1233 1.12
1234 1.12
1235 1.12
1236 1.11
1237 1.12
1238 1.12
1239 1.12
1240 1.12
1241 1.13
1242 1.13
1243 1.12
1244 1.12
1245 1.12
1246 1.12
1247 1.13
1248 1.12
1249 1.13
1250 1.13
1251 1.12
1252 1.12
1253 1.11
1254 1.11
1255 1.12
1256 1.12
1257 1.12
1258 1.12
1259 1.14
1260 1.12
1261 1.12
1262 1.12
1263 1.12
1264 1.12
1265 1.10
1266 1.12
1267 1.12
1268 1.12
1269 1.12
1270 1.12
1271 1.42
1272 1.42
1273 1.41
1274 1.41
1275 1.41
1276 1.41
1277 1.40
1278 1.42
1279 1.41
1280 1.41
1281 1.42
1282 1.41
1283 1.44
1284 1.42
1285 1.42
1286 1.42
1287 1.42
1288 1.42
1289 1.41
1290 1.42
1291 1.41
1292 1.41
1293 1.41
1294 1.41
1295 1.43
1296 1.42
1297 1.43
1298 1.42
1299 1.42
1300 1.42
1301 1.40
1302 1.42
1303 1.41
1304 1.42
1305 1.42
1306 1.42
1307 1.42
1308 1.41
1309 1.41
1310 1.42
1311 1.42
1312 1.42
1313 1.45
1314 1.44
1315 1.43
1316 1.43
1317 1.43
1318 1.42
1319 1.40
1320 1.41
1321 1.42
1322 1.41
1323 1.41
1324 1.41
1325 1.42
1326 1.42
1327 1.42
1328 1.42
1329 1.42
1330 1.42
1331 1.41
1332 1.41
1333 1.41
1334 1.42
1335 1.41
1336 1.42
1337 1.39
1338 1.40
1339 1.39
1340 1.38
1341 1.39
1342 1.39
1343 1.42
1344 1.37
1345 1.38
1346 1.37
1347 1.36
1348 1.36
1349 1.38
1350 1.34
1351 1.35
1352 1.35
1353 1.35
1354 1.35
1355 1.41
1356 1.37
1357 1.38
1358 1.37
1359 1.38
1360 1.37
1361 1.43
1362 1.42
1363 1.42
1364 1.42
1365 1.42
1366 1.42
1367 1.41
1368 1.41
1369 1.41
1370 1.42
1371 1.41
1372 1.41
1373 1.40
1374 1.41
1375 1.42
1376 1.41
1377 1.41
1378 1.41
1379 1.39
1380 1.42
1381 1.41
1382 1.41
1383 1.42
1384 1.42
1385 1.42
1386 1.41
1387 1.42
1388 1.42
1389 1.42
1390 1.42
1391 1.40
1392 1.42
1393 1.41
1394 1.42
1395 1.42
1396 1.42
1397 1.43
1398 1.42
1399 1.42
1400 1.42
1401 1.42
1402 1.42
1403 1.40
1404 1.41
1405 1.42
1406 1.42
1407 1.42
1408 1.42
1409 1.41
1410 1.41
1411 1.41
1412 1.42
1413 1.41
1414 1.41
1415 1.40
1416 1.40
1417 1.41
1418 1.41
1419 1.42
1420 1.42
1421 1.40
1422 1.41
1423 1.42
1424 1.41
1425 1.42
1426 1.42
1427 1.45
1428 1.43
1429 1.43
1430 1.42
1431 1.42
1432 1.42
1433 1.40
1434 1.42
1435 1.42
1436 1.41
1437 1.42
1438 1.42
1439 1.40
1440 1.41
1441 1.41
1442 1.41
1443 1.41
1444 1.41
1445 1.40
1446 1.42
1447 1.42
1448 1.42
1449 1.42
1450 1.42
1451 1.42
1452 1.41
1453 1.41
1454 1.42
1455 1.42
1456 1.42
1457 1.43
1458 1.42
1459 1.42
1460 1.41
1461 1.42
1462 1.42
1463 1.40
1464 1.42
1465 1.42
1466 1.41
1467 1.42
1468 1.42
1469 1.40
1470 1.41
1471 1.41
1472 1.41
1473 1.41
1474 1.41
1475 1.41
1476 1.43
1477 1.42
1478 1.43
1479 1.42
1480 1.42
1481 1.42
1482 1.37
1483 1.38
1484 1.38
1485 1.39
1486 1.39
1487 1.38
1488 1.40
1489 1.38
1490 1.39
1491 1.40
1492 1.39
1493 1.40
1494 1.40
1495 1.41
1496 1.41
1497 1.42
1498 1.41
1499 1.39
1500 1.40
1501 1.41
1502 1.41
1503 1.41
1504 1.40
1505 1.42
1506 1.42
1507 1.39
1508 1.40
1509 1.40
1510 1.39
1511 1.40
1512 1.38
1513 1.40
1514 1.40
1515 1.41
1516 1.41
1517 1.41
1518 1.40
1519 1.40
1520 1.41
1521 1.40
1522 1.40
1523 1.42
1524 1.41
1525 1.41
1526 1.42
1527 1.40
1528 1.41
1529 1.43
1530 1.43
1531 1.42
1532 1.42
1533 1.42
1534 1.42
1535 1.41
1536 1.41
1537 1.40
1538 1.41
1539 1.41
1540 1.41
1541 1.41
1542 1.39
1543 1.41
1544 1.41
1545 1.41
1546 1.41
1547 1.35
1548 1.38
1549 1.38
1550 1.38
1551 1.39
1552 1.40
1553 1.39
1554 1.41
1555 1.42
1556 1.42
1557 1.41
1558 1.41
1559 1.43
1560 1.39
1561 1.40
1562 1.41
1563 1.41
1564 1.41
1565 1.38
1566 1.39
1567 1.40
1568 1.39
1569 1.39
1570 1.39
1571 1.42
1572 1.42
1573 1.41
1574 1.41
1575 1.40
1576 1.41
1577 1.40
1578 1.39
1579 1.38
1580 1.39
1581 1.40
1582 1.40
1583 1.37
1584 1.39
1585 1.40
1586 1.40
1587 1.40
1588 1.40
1589 1.40
1590 1.42
1591 1.42
1592 1.42
1593 1.42
1594 1.42
1595 1.43
1596 1.42
1597 1.42
1598 1.42
1599 1.42
1600 1.42
1601 1.42
1602 1.42
1603 1.41
1604 1.42
1605 1.42
1606 1.42
1607 1.42
1608 1.41
1609 1.42
1610 1.42
1611 1.42
1612 1.42
1613 1.41
1614 1.41
1615 1.41
1616 1.42
1617 1.41
1618 1.42
1619 1.43
1620 1.43
1621 1.42
1622 1.42
1623 1.42
1624 1.42
1625 1.41
1626 1.42
1627 1.41
1628 1.41
1629 1.42
1630 1.42
1631 1.42
1632 1.42
1633 1.41
1634 1.42
1635 1.42
1636 1.42
1637 1.44
1638 1.41
1639 1.43
1640 1.43
1641 1.42
1642 1.42
1643 1.42
1644 1.43
1645 1.43
1646 1.43
1647 1.43
1648 1.42
1649 1.43
1650 1.43
1651 1.42
1652 1.42
1653 1.42
1654 1.42
1655 1.43
1656 1.42
1657 1.42
1658 1.42
1659 1.42
1660 1.42
1661 1.44
1662 1.43
1663 1.43
1664 1.42
1665 1.42
1666 1.42
1667 1.42
1668 1.42
1669 1.42
1670 1.42
1671 1.42
1672 1.42
1673 1.42
1674 1.42
1675 1.42
1676 1.42
1677 1.42
1678 1.42
1679 1.43
1680 1.42
1681 1.43
1682 1.43
1683 1.43
1684 1.42
1685 1.43
1686 1.43
1687 1.42
1688 1.42
1689 1.42
1690 1.42
1691 1.44
1692 1.42
1693 1.42
1694 1.42
1695 1.42
1696 1.42
1697 1.43
1698 1.42
1699 1.42
1700 1.42
1701 1.42
1702 1.42
1703 1.45
1704 1.43
1705 1.42
1706 1.42
1707 1.42
1708 1.42
1709 1.45
1710 1.44
1711 1.43
1712 1.43
1713 1.43
1714 1.42
1715 1.40
1716 1.41
1717 1.41
1718 1.42
1719 1.42
1720 1.42
1721 1.40
1722 1.42
1723 1.41
1724 1.42
1725 1.41
1726 1.42
1727 1.43
1728 1.43
1729 1.44
1730 1.43
1731 1.43
1732 1.42
1733 1.45
1734 1.42
1735 1.42
1736 1.41
1737 1.41
1738 1.41
1739 1.41
1740 1.41
1741 1.41
1742 1.41
1743 1.41
1744 1.41
1745 1.41
1746 1.42
1747 1.41
1748 1.42
1749 1.42
1750 1.42
1751 1.41
1752 1.42
1753 1.41
1754 1.42
1755 1.42
1756 1.42
1757 1.42
1758 1.41
1759 1.42
1760 1.42
1761 1.42
1762 1.42
1763 1.44
1764 1.43
1765 1.42
1766 1.42
1767 1.42
1768 1.42
1769 1.41
1770 1.42
1771 1.41
1772 1.42
1773 1.42
1774 1.42
1775 1.43
1776 1.42
1777 1.42
1778 1.42
1779 1.42
1780 1.42
1781 1.43
1782 1.42
1783 1.41
1784 1.42
1785 1.42
1786 1.42
1787 1.42
1788 1.42
1789 1.42
1790 1.43
1791 1.43
1792 1.42
1793 1.40
1794 1.41
1795 1.42
1796 1.42
1797 1.41
1798 1.41
1799 1.45
1800 1.41
1801 1.43
1802 1.43
1803 1.42
1804 1.42
1805 1.44
1806 1.43
1807 1.42
1808 1.43
1809 1.42
1810 1.42
1811 1.41
1812 1.41
1813 1.41
1814 1.41
1815 1.41
1816 1.41
1817 1.41
1818 1.47
1819 1.44
1820 1.44
1821 1.44
1822 1.44
1823 1.43
1824 1.43
1825 1.43
1826 1.43
1827 1.42
1828 1.42
1829 1.45
1830 1.43
1831 1.42
1832 1.43
1833 1.42
1834 1.42
1835 1.41
1836 1.42
1837 1.41
1838 1.41
1839 1.41
1840 1.41
1841 1.40
1842 1.41
1843 1.41
1844 1.41
1845 1.41
1846 1.42
1847 1.42
1848 1.43
1849 1.42
1850 1.41
1851 1.41
1852 1.42
1853 1.41
1854 1.40
1855 1.42
1856 1.41
1857 1.41
1858 1.41
1859 1.15
1860 1.14
1861 1.14
1862 1.15
1863 1.15
1864 1.15
1865 1.17
1866 1.17
1867 1.16
1868 1.16
1869 1.16
1870 1.16
1871 1.17
1872 1.16
1873 1.16
1874 1.16
1875 1.16
1876 1.16
1877 1.17
1878 1.16
1879 1.16
1880 1.16
1881 1.16
1882 1.16
1883 1.17
1884 1.16
1885 1.16
1886 1.16
1887 1.16
1888 1.16
1889 1.16
1890 1.16
1891 1.16
1892 1.16
1893 1.16
1894 1.16
1895 1.16
1896 1.15
1897 1.16
1898 1.16
1899 1.16
1900 1.15
1901 1.17
1902 1.16
1903 1.16
1904 1.16
1905 1.16
1906 1.16
1907 1.17
1908 1.16
1909 1.16
1910 1.16
1911 1.16
1912 1.16
1913 1.17
1914 1.16
1915 1.16
1916 1.16
1917 1.16
1918 1.16
1919 1.17
1920 1.16
1921 1.16
1922 1.16
1923 1.16
1924 1.16
1925 1.15
1926 1.15
1927 1.15
1928 1.15
1929 1.16
1930 1.16
1931 1.16
1932 1.17
1933 1.16
1934 1.16
1935 1.16
1936 1.16
1937 1.17
1938 1.17
1939 1.17
1940 1.16
1941 1.16
1942 1.16
1943 1.18
1944 1.16
1945 1.16
1946 1.16
1947 1.16
1948 1.16
1949 1.18
1950 1.17
1951 1.16
1952 1.16
1953 1.16
1954 1.16
1955 1.17
1956 1.16
1957 1.16
1958 1.16
1959 1.16
1960 1.16
1961 1.18
1962 1.17
1963 1.17
1964 1.16
1965 1.16
1966 1.16
1967 1.99
1968 1.84
1969 1.96
1970 1.58
1971 1.23
1972 1.25
1973 1.25
1974 1.25
1975 1.24
1976 1.24
1977 1.25
1978 1.24
1979 1.24
1980 1.25
1981 1.24
1982 1.24
1983 1.25
1984 1.24
1985 1.25
1986 1.24
1987 1.25
1988 1.24
1989 1.26
1990 1.24
1991 1.24
1992 1.24
1993 1.24
1994 1.24
1995 1.28
1996 1.26
1997 1.25
1998 1.25
1999 1.25
