0 1.42
1 1.42
2 1.43
3 1.42
4 1.42
5 1.42
6 1.42
7 1.42
8 1.42
9 1.42
10 1.42
11 1.42
12 1.42
13 1.42
14 1.42
15 1.41
16 1.41
17 1.41
18 1.41
19 1.41
20 1.42
21 1.41
22 1.42
23 1.42
24 1.42
25 1.41
26 1.41
27 1.41
28 1.41
29 1.41
30 1.41
31 1.41
32 1.42
33 1.41
34 1.41
35 1.41
36 1.41
37 1.41
38 1.41
39 1.41
40 1.41
41 1.41
42 1.41
43 1.41
44 1.42
45 1.42
46 1.42
47 1.42
48 1.42
49 1.41
50 1.41
51 1.41
52 1.41
53 1.41
54 1.41
55 1.41
56 1.40
57 1.41
58 1.41
59 1.41
60 1.41
61 1.41
62 1.41
63 1.41
64 1.41
65 1.42
66 1.41
67 1.41
68 1.42
69 1.41
70 1.41
71 1.41
72 1.41
73 1.41
74 1.42
75 1.42
76 1.41
77 1.41
78 1.41
79 1.41
80 1.40
81 1.41
82 1.41
83 1.41
84 1.41
85 1.41
86 1.42
87 1.41
88 1.42
89 1.41
90 1.41
91 1.41
92 1.42
93 1.41
94 1.41
95 1.41
96 1.41
97 1.41
98 1.41
99 1.41
100 1.41
101 1.41
102 1.41
103 1.41
104 1.40
105 1.41
106 1.41
107 1.41
108 1.41
109 1.41
110 1.40
111 1.41
112 1.41
113 1.41
114 1.41
115 1.41
116 1.41
117 1.42
118 1.41
119 1.41
120 1.41
121 1.41
122 1.21
123 1.22
124 1.23
125 1.22
126 1.22
127 1.22
128 1.23
129 1.23
130 1.22
131 1.21
132 1.21
133 1.22
134 1.21
135 1.21
136 1.22
137 1.22
138 1.21
139 1.21
140 1.20
141 1.22
142 1.22
143 1.21
144 1.22
145 1.21
146 1.16
147 1.19
148 1.20
149 1.21
150 1.21
151 1.21
152 1.24
153 1.24
154 1.22
155 1.22
156 1.22
157 1.22
158 1.23
159 1.21
160 1.21
161 1.22
162 1.21
163 1.21
164 1.22
165 1.22
166 1.22
167 1.21
168 1.21
169 1.22
170 1.23
171 1.21
172 1.21
173 1.21
174 1.21
175 1.21
176 1.21
177 1.21
178 1.20
179 1.21
180 1.21
181 1.20
182 1.23
183 1.23
184 1.23
185 1.24
186 1.24
187 1.24
188 1.26
189 1.24
190 1.24
191 1.24
192 1.24
193 1.24
194 1.24
195 1.24
196 1.24
197 1.24
198 1.24
199 1.24
200 1.22
201 1.24
202 1.24
203 1.25
204 1.24
205 1.24
206 1.22
207 1.23
208 1.23
209 1.24
210 1.24
211 1.24
212 1.27
213 1.25
214 1.25
215 1.24
216 1.24
217 1.24
218 1.23
219 1.25
220 1.24
221 1.24
222 1.24
223 1.24
224 1.25
225 1.25
226 1.25
227 1.25
228 1.24
229 1.25
230 1.22
231 1.23
232 1.25
233 1.24
234 1.24
235 1.25
236 1.24
237 1.24
238 1.24
239 1.24
240 1.25
241 1.24
242 1.25
243 1.24
244 1.25
245 1.25
246 1.25
247 1.25
248 1.26
249 1.26
250 1.25
251 1.24
252 1.24
253 1.25
254 1.25
255 1.23
256 1.25
257 1.24
258 1.25
259 1.24
260 1.23
261 1.23
262 1.24
263 1.24
264 1.24
265 1.24
266 1.24
267 1.25
268 1.25
269 1.24
270 1.25
271 1.24
272 1.26
273 1.26
274 1.25
275 1.22
276 1.25
277 1.24
278 1.25
279 1.24
280 1.25
281 1.25
282 1.25
283 1.25
284 1.41
285 1.41
286 1.41
287 1.41
288 1.41
289 1.41
290 1.41
291 1.41
292 1.41
293 1.41
294 1.41
295 1.41
296 1.40
297 1.41
298 1.41
299 1.41
300 1.41
301 1.41
302 1.39
303 1.39
304 1.40
305 1.39
306 1.40
307 1.39
308 1.40
309 1.40
310 1.40
311 1.40
312 1.40
313 1.39
314 1.41
315 1.40
316 1.40
317 1.39
318 1.40
319 1.39
320 1.39
321 1.39
322 1.39
323 1.39
324 1.40
325 1.39
326 1.39
327 1.39
328 1.39
329 1.39
330 1.39
331 1.39
332 1.40
333 1.41
334 1.41
335 1.41
336 1.41
337 1.41
338 1.40
339 1.41
340 1.40
341 1.41
342 1.41
343 1.41
344 1.40
345 1.41
346 1.41
347 1.41
348 1.41
349 1.41
350 1.40
351 1.40
352 1.41
353 1.41
354 1.41
355 1.41
356 1.41
357 1.41
358 1.41
359 1.41
360 1.41
361 1.41
362 1.41
363 1.41
364 1.41
365 1.41
366 1.41
367 1.41
368 1.41
369 1.41
370 1.41
371 1.41
372 1.41
373 1.41
374 1.42
375 1.41
376 1.41
377 1.41
378 1.41
379 1.41
380 1.42
381 1.41
382 1.41
383 1.41
384 1.41
385 1.41
386 1.40
387 1.40
388 1.41
389 1.41
390 1.41
391 1.41
392 1.70
393 1.81
394 1.75
395 1.72
396 1.77
397 1.79
398 1.87
399 1.89
400 1.86
401 1.86
402 1.87
403 1.86
404 1.96
405 1.98
406 1.97
407 1.92
408 1.88
409 1.91
410 1.87
411 1.87
412 1.88
413 1.89
414 1.88
415 1.93
416 1.99
417 1.70
418 1.87
419 1.43
420 1.41
421 1.41
422 1.41
423 1.41
424 1.41
425 1.42
426 1.42
427 1.41
428 1.41
429 1.41
430 1.40
431 1.45
432 1.42
433 1.38
434 1.41
435 1.40
436 1.41
437 1.45
438 1.42
439 1.43
440 1.41
441 1.41
442 1.41
443 1.46
444 1.43
445 1.39
446 1.41
447 1.40
448 1.40
449 1.44
450 1.41
451 1.39
452 1.41
453 1.40
454 1.40
455 1.44
456 1.43
457 1.42
458 1.41
459 1.41
460 1.41
461 1.46
462 1.43
463 1.42
464 1.41
465 1.41
466 1.41
467 1.44
468 1.42
469 1.42
470 1.41
471 1.41
472 1.41
473 1.41
474 1.43
475 1.42
476 1.41
477 1.41
478 1.40
479 1.48
480 1.43
481 1.43
482 1.42
483 1.41
484 1.40
485 1.47
486 1.44
487 1.43
488 1.42
489 1.42
490 1.41
491 1.53
492 1.45
493 1.43
494 1.42
495 1.42
496 1.41
497 1.48
498 1.44
499 1.42
500 1.42
501 1.41
502 1.41
503 1.45
504 1.42
505 1.41
506 1.41
507 1.41
508 1.41
509 1.49
510 1.44
511 1.43
512 1.42
513 1.40
514 1.41
515 1.46
516 1.44
517 1.43
518 1.42
519 1.41
520 1.41
521 1.45
522 1.43
523 1.41
524 1.42
525 1.42
526 1.41
527 1.50
528 1.44
529 1.42
530 1.41
531 1.41
532 1.41
533 1.48
534 1.45
535 1.44
536 1.42
537 1.41
538 1.41
539 1.49
540 1.46
541 1.42
542 1.43
543 1.42
544 1.41
545 1.50
546 1.45
547 1.43
548 1.42
549 1.41
550 1.41
551 1.38
552 1.37
553 1.37
554 1.37
555 1.37
556 1.37
557 1.38
558 1.38
559 1.38
560 1.38
561 1.38
562 1.38
563 1.38
564 1.38
565 1.37
566 1.38
567 1.38
568 1.38
569 1.37
570 1.38
571 1.38
572 1.38
573 1.38
574 1.38
575 1.38
576 1.38
577 1.38
578 1.37
579 1.38
580 1.38
581 1.38
582 1.38
583 1.38
584 1.38
585 1.38
586 1.38
587 1.39
588 1.38
589 1.38
590 1.38
591 1.38
592 1.38
593 1.37
594 1.38
595 1.37
596 1.38
597 1.38
598 1.38
599 1.37
600 1.38
601 1.37
602 1.38
603 1.38
604 1.38
605 1.38
606 1.38
607 1.38
608 1.38
609 1.38
610 1.38
611 1.37
612 1.37
613 1.37
614 1.37
615 1.37
616 1.37
617 1.36
618 1.38
619 1.38
620 1.38
621 1.38
622 1.38
623 1.27
624 1.28
625 1.26
626 1.24
627 1.25
628 1.24
629 1.27
630 1.27
631 1.24
632 1.26
633 1.24
634 1.24
635 1.19
636 1.23
637 1.23
638 1.22
639 1.24
640 1.24
641 1.19
642 1.23
643 1.24
644 1.23
645 1.24
646 1.25
647 1.23
648 1.24
649 1.22
650 1.23
651 1.25
652 1.24
653 1.33
654 1.30
655 1.29
656 1.26
657 1.25
658 1.25
659 1.41
660 1.41
661 1.40
662 1.40
663 1.40
664 1.40
665 1.45
666 1.42
667 1.42
668 1.41
669 1.41
670 1.41
671 1.41
672 1.41
673 1.41
674 1.40
675 1.40
676 1.40
677 1.46
678 1.43
679 1.42
680 1.41
681 1.41
682 1.41
683 1.43
684 1.41
685 1.41
686 1.41
687 1.41
688 1.40
689 1.38
690 1.39
691 1.40
692 1.39
693 1.39
694 1.39
695 1.47
696 1.44
697 1.42
698 1.41
699 1.41
700 1.41
701 1.44
702 1.42
703 1.40
704 1.41
705 1.41
706 1.41
707 1.44
708 1.42
709 1.40
710 1.41
711 1.41
712 1.41
713 1.44
714 1.42
715 1.42
716 1.42
717 1.41
718 1.41
719 1.46
720 1.43
721 1.42
722 1.41
723 1.41
724 1.41
725 1.46
726 1.44
727 1.42
728 1.41
729 1.41
730 1.40
731 1.48
732 1.44
733 1.40
734 1.42
735 1.41
736 1.41
737 1.43
738 1.42
739 1.41
740 1.39
741 1.40
742 1.40
743 1.46
744 1.43
745 1.41
746 1.41
747 1.41
748 1.41
749 1.42
750 1.42
751 1.42
752 1.41
753 1.41
754 1.41
755 1.47
756 1.41
757 1.42
758 1.42
759 1.41
760 1.40
761 1.45
762 1.42
763 1.41
764 1.41
765 1.41
766 1.40
767 1.43
768 1.42
769 1.41
770 1.41
771 1.41
772 1.41
773 1.44
774 1.42
775 1.41
776 1.41
777 1.41
778 1.40
779 1.41
780 1.39
781 1.40
782 1.39
783 1.39
784 1.39
785 1.42
786 1.40
787 1.41
788 1.41
789 1.40
790 1.40
791 1.44
792 1.43
793 1.42
794 1.40
795 1.40
796 1.39
797 1.45
798 1.41
799 1.41
800 1.40
801 1.40
802 1.40
803 1.22
804 1.25
805 1.25
806 1.25
807 1.25
808 1.25
809 1.26
810 1.25
811 1.25
812 1.25
813 1.25
814 1.25
815 1.29
816 1.27
817 1.26
818 1.26
819 1.26
820 1.26
821 1.24
822 1.25
823 1.24
824 1.24
825 1.24
826 1.24
827 1.23
828 1.24
829 1.24
830 1.24
831 1.24
832 1.24
833 1.25
834 1.25
835 1.24
836 1.25
837 1.25
838 1.25
839 1.22
840 1.25
841 1.25
842 1.25
843 1.25
844 1.25
845 1.24
846 1.26
847 1.25
848 1.25
849 1.25
850 1.25
851 1.26
852 1.25
853 1.25
854 1.25
855 1.25
856 1.24
857 1.19
858 1.23
859 1.24
860 1.24
861 1.24
862 1.25
863 1.25
864 1.25
865 1.25
866 1.25
867 1.25
868 1.25
869 1.22
870 1.24
871 1.25
872 1.25
873 1.24
874 1.24
875 1.26
876 1.23
877 1.24
878 1.24
879 1.24
880 1.24
881 1.24
882 1.24
883 1.24
884 1.24
885 1.24
886 1.25
887 1.25
888 1.26
889 1.24
890 1.24
891 1.24
892 1.24
893 1.23
894 1.25
895 1.24
896 1.25
897 1.25
898 1.25
899 1.23
900 1.24
901 1.24
902 1.24
903 1.24
904 1.24
905 1.29
906 1.26
907 1.25
908 1.25
909 1.25
910 1.25
911 1.13
912 1.05
913 1.00
914 1.00
915 1.40
916 1.42
917 1.42
918 1.42
919 1.42
920 1.42
921 1.43
922 1.42
923 1.42
924 1.43
925 1.42
926 1.42
927 1.45
928 1.43
929 1.43
930 1.42
931 1.42
932 1.43
933 1.44
934 1.43
935 1.42
936 1.42
937 1.42
938 1.42
939 1.05
940 1.11
941 1.10
942 1.12
943 1.10
944 1.04
945 1.11
946 1.26
947 1.30
948 1.29
949 1.26
950 1.23
951 1.14
952 1.13
953 1.15
954 1.16
955 1.14
956 1.11
957 1.93
958 1.63
959 1.53
960 1.49
961 1.46
962 1.44
963 1.86
964 1.68
965 1.60
966 1.54
967 1.51
968 1.86
969 1.69
970 1.60
971 1.55
972 1.52
973 1.96
974 1.66
975 1.56
976 1.51
977 1.48
978 1.46
979 1.84
980 1.60
981 1.48
982 1.45
983 1.41
984 1.38
985 1.90
986 1.71
987 1.63
988 1.57
989 1.53
990 1.85
991 1.74
992 1.64
993 1.56
994 1.50
995 1.47
996 1.73
997 1.53
998 1.56
999 1.56
1000 1.51
1001 1.47
1002 1.66
1003 1.57
1004 1.59
1005 1.61
1006 1.58
1007 1.53
1008 1.35
1009 1.26
1010 1.29
1011 1.32
1012 1.34
1013 1.40
1014 1.56
1015 1.52
1016 1.45
1017 1.44
1018 1.41
1019 1.40
1020 1.82
1021 1.64
1022 1.37
1023 1.33
1024 1.27
1025 1.25
1026 1.33
1027 1.38
1028 1.31
1029 1.24
1030 1.22
1031 1.21
1032 1.60
1033 1.61
1034 1.64
1035 1.63
1036 1.61
1037 1.59
1038 1.54
1039 1.51
1040 1.52
1041 1.57
1042 1.57
1043 1.54
1044 1.42
1045 1.44
1046 1.43
1047 1.43
1048 1.43
1049 1.43
1050 1.41
1051 1.43
1052 1.42
1053 1.42
1054 1.42
1055 1.42
1056 1.41
1057 1.41
1058 1.41
1059 1.42
1060 1.42
1061 1.41
1062 1.39
1063 1.42
1064 1.42
1065 1.41
1066 1.41
1067 1.41
1068 1.42
1069 1.43
1070 1.42
1071 1.42
1072 1.42
1073 1.42
1074 1.43
1075 1.42
1076 1.42
1077 1.42
1078 1.42
1079 1.42
1080 1.42
1081 1.42
1082 1.42
1083 1.42
1084 1.42
1085 1.42
1086 1.46
1087 1.43
1088 1.43
1089 1.42
1090 1.42
1091 1.42
1092 1.42
1093 1.42
1094 1.42
1095 1.42
1096 1.42
1097 1.42
1098 1.43
1099 1.42
1100 1.42
1101 1.42
1102 1.42
1103 1.42
1104 1.38
1105 1.42
1106 1.43
1107 1.42
1108 1.42
1109 1.42
1110 1.41
1111 1.43
1112 1.42
1113 1.42
1114 1.42
1115 1.42
1116 1.40
1117 1.42
1118 1.41
1119 1.41
1120 1.42
1121 1.41
1122 1.43
1123 1.42
1124 1.42
1125 1.42
1126 1.42
1127 1.42
1128 1.42
1129 1.41
1130 1.41
1131 1.41
1132 1.41
1133 1.42
1134 1.41
1135 1.42
1136 1.42
1137 1.41
1138 1.42
1139 1.42
1140 1.43
1141 1.43
1142 1.42
1143 1.42
1144 1.43
1145 1.42
1146 1.41
1147 1.41
1148 1.41
1149 1.41
1150 1.41
1151 1.41
1152 1.41
1153 1.41
1154 1.41
1155 1.41
1156 1.41
1157 1.41
1158 1.41
1159 1.41
1160 1.41
1161 1.41
1162 1.41
1163 1.41
1164 1.42
1165 1.42
1166 1.41
1167 1.41
1168 1.41
1169 1.41
1170 1.41
1171 1.42
1172 1.41
1173 1.41
1174 1.41
1175 1.41
1176 1.41
1177 1.42
1178 1.41
1179 1.42
1180 1.41
1181 1.41
1182 1.41
1183 1.42
1184 1.41
1185 1.41
1186 1.41
1187 1.41
1188 1.42
1189 1.41
1190 1.41
1191 1.41
1192 1.41
1193 1.41
1194 1.42
1195 1.41
1196 1.41
1197 1.41
1198 1.41
1199 1.41
1200 1.42
1201 1.42
1202 1.41
1203 1.41
1204 1.41
1205 1.41
1206 1.41
1207 1.42
1208 1.42
1209 1.41
1210 1.41
1211 1.42
1212 1.41
1213 1.41
1214 1.41
1215 1.41
1216 1.41
1217 1.41
1218 1.41
1219 1.42
1220 1.41
1221 1.41
1222 1.42
1223 1.41
1224 1.41
1225 1.41
1226 1.41
1227 1.41
1228 1.41
1229 1.41
1230 1.41
1231 1.41
1232 1.42
1233 1.41
1234 1.41
1235 1.41
1236 1.40
1237 1.41
1238 1.41
1239 1.41
1240 1.41
1241 1.41
1242 1.42
1243 1.42
1244 1.41
1245 1.41
1246 1.41
1247 1.41
1248 1.41
1249 1.42
1250 1.42
1251 1.42
1252 1.41
1253 1.41
1254 1.40
1255 1.40
1256 1.39
1257 1.39
1258 1.39
1259 1.39
1260 1.39
1261 1.39
1262 1.39
1263 1.39
1264 1.39
1265 1.39
1266 1.39
1267 1.39
1268 1.39
1269 1.39
1270 1.39
1271 1.39
1272 1.39
1273 1.39
1274 1.39
1275 1.39
1276 1.39
1277 1.39
1278 1.39
1279 1.39
1280 1.39
1281 1.39
1282 1.39
1283 1.39
1284 1.38
1285 1.39
1286 1.39
1287 1.39
1288 1.39
1289 1.39
1290 1.39
1291 1.40
1292 1.39
1293 1.39
1294 1.39
1295 1.39
1296 1.38
1297 1.39
1298 1.39
1299 1.39
1300 1.39
1301 1.39
1302 1.38
1303 1.39
1304 1.39
1305 1.39
1306 1.39
1307 1.39
1308 1.39
1309 1.39
1310 1.39
1311 1.39
1312 1.39
1313 1.39
1314 1.39
1315 1.39
1316 1.39
1317 1.39
1318 1.39
1319 1.39
1320 1.39
1321 1.39
1322 1.39
1323 1.39
1324 1.39
1325 1.39
1326 1.40
1327 1.39
1328 1.39
1329 1.39
1330 1.39
1331 1.39
1332 1.39
1333 1.39
1334 1.39
1335 1.39
1336 1.39
1337 1.39
1338 1.40
1339 1.40
1340 1.39
1341 1.39
1342 1.39
1343 1.39
1344 1.39
1345 1.39
1346 1.39
1347 1.39
1348 1.39
1349 1.39
1350 1.38
1351 1.39
1352 1.39
1353 1.39
1354 1.39
1355 1.39
1356 1.39
1357 1.39
1358 1.39
1359 1.39
1360 1.39
1361 1.39
1362 1.24
1363 1.24
1364 1.24
1365 1.24
1366 1.24
1367 1.24
1368 1.26
1369 1.24
1370 1.24
1371 1.24
1372 1.24
1373 1.24
1374 1.26
1375 1.24
1376 1.24
1377 1.24
1378 1.24
1379 1.24
1380 1.24
1381 1.24
1382 1.24
1383 1.24
1384 1.24
1385 1.24
1386 1.25
1387 1.24
1388 1.24
1389 1.24
1390 1.24
1391 1.24
1392 1.24
1393 1.24
1394 1.24
1395 1.25
1396 1.24
1397 1.24
1398 1.25
1399 1.24
1400 1.24
1401 1.24
1402 1.24
1403 1.24
1404 1.22
1405 1.22
1406 1.23
1407 1.23
1408 1.24
1409 1.23
1410 1.25
1411 1.25
1412 1.24
1413 1.22
1414 1.24
1415 1.23
1416 1.23
1417 1.23
1418 1.24
1419 1.24
1420 1.24
1421 1.24
1422 1.26
1423 1.25
1424 1.25
1425 1.25
1426 1.24
1427 1.25
1428 1.24
1429 1.23
1430 1.12
1431 1.19
1432 1.22
1433 1.22
1434 1.24
1435 1.23
1436 1.24
1437 1.24
1438 1.25
1439 1.24
1440 1.24
1441 1.25
1442 1.24
1443 1.25
1444 1.24
1445 1.24
1446 1.25
1447 1.25
1448 1.25
1449 1.25
1450 1.25
1451 1.24
1452 1.24
1453 1.25
1454 1.26
1455 1.25
1456 1.25
1457 1.25
1458 1.24
1459 1.24
1460 1.23
1461 1.25
1462 1.25
1463 1.24
1464 1.21
1465 1.25
1466 1.25
1467 1.25
1468 1.25
1469 1.24
1470 1.25
1471 1.25
1472 1.25
1473 1.25
1474 1.25
1475 1.25
1476 1.24
1477 1.25
1478 1.25
1479 1.24
1480 1.25
1481 1.24
1482 1.26
1483 1.24
1484 1.24
1485 1.24
1486 1.24
1487 1.24
1488 1.24
1489 1.25
1490 1.24
1491 1.24
1492 1.24
1493 1.24
1494 1.23
1495 1.25
1496 1.25
1497 1.24
1498 1.25
1499 1.25
1500 1.26
1501 1.25
1502 1.23
1503 1.24
1504 1.24
1505 1.24
1506 1.24
1507 1.22
1508 1.24
1509 1.23
1510 1.25
1511 1.24
1512 1.24
1513 1.24
1514 1.24
1515 1.24
1516 1.24
1517 1.24
1518 1.25
1519 1.25
1520 1.25
1521 1.24
1522 1.25
1523 1.25
1524 1.25
1525 1.25
1526 1.24
1527 1.24
1528 1.25
1529 1.24
1530 1.24
1531 1.24
1532 1.23
1533 1.25
1534 1.25
1535 1.25
1536 1.22
1537 1.24
1538 1.25
1539 1.25
1540 1.24
1541 1.25
1542 1.22
1543 1.24
1544 1.24
1545 1.24
1546 1.24
1547 1.24
1548 1.24
1549 1.24
1550 1.25
1551 1.24
1552 1.24
1553 1.25
1554 1.25
1555 1.26
1556 1.25
1557 1.25
1558 1.25
1559 1.25
1560 1.40
1561 1.31
1562 1.28
1563 1.26
1564 1.26
1565 1.24
1566 1.26
1567 1.24
1568 1.23
1569 1.23
1570 1.22
1571 1.22
1572 1.17
1573 1.21
1574 1.21
1575 1.21
1576 1.20
1577 1.21
1578 1.25
1579 1.24
1580 1.25
1581 1.24
1582 1.25
1583 1.24
1584 1.22
1585 1.24
1586 1.24
1587 1.24
1588 1.24
1589 1.24
1590 1.25
1591 1.24
1592 1.24
1593 1.24
1594 1.24
1595 1.23
1596 1.24
1597 1.24
1598 1.25
1599 1.25
1600 1.24
1601 1.24
1602 1.24
1603 1.25
1604 1.25
1605 1.25
1606 1.25
1607 1.25
1608 1.26
1609 1.26
1610 1.26
1611 1.25
1612 1.25
1613 1.25
1614 1.41
1615 1.41
1616 1.41
1617 1.41
1618 1.41
1619 1.41
1620 1.41
1621 1.41
1622 1.41
1623 1.41
1624 1.41
1625 1.41
1626 1.40
1627 1.41
1628 1.41
1629 1.41
1630 1.41
1631 1.41
1632 1.42
1633 1.41
1634 1.41
1635 1.41
1636 1.42
1637 1.41
1638 1.41
1639 1.42
1640 1.42
1641 1.42
1642 1.42
1643 1.42
1644 1.41
1645 1.41
1646 1.42
1647 1.42
1648 1.42
1649 1.42
1650 1.42
1651 1.42
1652 1.42
1653 1.41
1654 1.42
1655 1.42
1656 1.42
1657 1.42
1658 1.42
1659 1.42
1660 1.42
1661 1.42
1662 1.41
1663 1.42
1664 1.41
1665 1.41
1666 1.41
1667 1.41
1668 1.42
1669 1.42
1670 1.41
1671 1.42
1672 1.42
1673 1.42
1674 1.41
1675 1.41
1676 1.41
1677 1.41
1678 1.41
1679 1.41
1680 1.41
1681 1.41
1682 1.41
1683 1.41
1684 1.42
1685 1.41
1686 1.42
1687 1.41
1688 1.42
1689 1.42
1690 1.42
1691 1.41
1692 1.41
1693 1.42
1694 1.42
1695 1.41
1696 1.42
1697 1.42
1698 1.42
1699 1.41
1700 1.42
1701 1.41
1702 1.42
1703 1.42
1704 1.41
1705 1.42
1706 1.41
1707 1.41
1708 1.42
1709 1.42
1710 1.41
1711 1.41
1712 1.41
1713 1.41
1714 1.41
1715 1.41
1716 1.41
1717 1.41
1718 1.41
1719 1.41
1720 1.41
1721 1.41
1722 1.86
1723 1.69
1724 1.61
1725 1.56
1726 1.53
1727 1.83
1728 1.71
1729 1.64
1730 1.60
1731 1.90
1732 1.76
1733 1.68
1734 1.63
1735 1.88
1736 1.75
1737 1.67
1738 1.62
1739 1.83
1740 1.71
1741 1.64
1742 1.60
1743 1.90
1744 1.77
1745 1.68
1746 1.63
1747 1.88
1748 1.75
1749 1.67
1750 1.62
1751 1.83
1752 1.71
1753 1.64
1754 1.59
1755 1.88
1756 1.75
1757 1.67
1758 1.62
1759 1.84
1760 1.68
1761 1.60
1762 1.55
1763 1.52
1764 1.83
1765 1.60
1766 1.52
1767 1.48
1768 1.46
1769 1.44
1770 1.90
1771 1.77
1772 1.69
1773 1.63
1774 1.89
1775 1.76
1776 1.68
1777 1.63
1778 1.84
1779 1.72
1780 1.65
1781 1.60
1782 1.91
1783 1.77
1784 1.69
1785 1.64
1786 1.88
1787 1.71
1788 1.62
1789 1.57
1790 1.53
1791 1.84
1792 1.72
1793 1.65
1794 1.60
1795 1.26
1796 1.26
1797 1.25
1798 1.25
1799 1.25
1800 1.24
1801 1.24
1802 1.24
1803 1.24
1804 1.24
1805 1.24
1806 1.24
1807 1.24
1808 1.24
1809 1.24
1810 1.24
1811 1.24
1812 1.24
1813 1.25
1814 1.25
1815 1.25
1816 1.24
1817 1.24
1818 1.24
1819 1.25
1820 1.24
1821 1.24
1822 1.24
1823 1.24
1824 1.24
1825 1.24
1826 1.24
1827 1.24
1828 1.24
1829 1.25
1830 1.24
1831 1.22
1832 1.23
1833 1.24
1834 1.24
1835 1.24
1836 1.24
1837 1.24
1838 1.25
1839 1.24
1840 1.25
1841 1.25
1842 1.25
1843 1.24
1844 1.23
1845 1.24
1846 1.24
1847 1.24
1848 1.24
1849 1.22
1850 1.25
1851 1.24
1852 1.25
1853 1.25
1854 1.24
1855 1.41
1856 1.41
1857 1.42
1858 1.42
1859 1.41
1860 1.41
1861 1.47
1862 1.45
1863 1.44
1864 1.44
1865 1.43
1866 1.43
1867 1.43
1868 1.43
1869 1.42
1870 1.43
1871 1.42
1872 1.42
1873 1.41
1874 1.41
1875 1.41
1876 1.42
1877 1.40
1878 1.42
1879 1.47
1880 1.44
1881 1.43
1882 1.43
1883 1.43
1884 1.43
1885 1.41
1886 1.40
1887 1.41
1888 1.42
1889 1.41
1890 1.41
1891 1.42
1892 1.42
1893 1.42
1894 1.42
1895 1.41
1896 1.42
1897 1.42
1898 1.41
1899 1.41
1900 1.42
1901 1.41
1902 1.42
1903 1.44
1904 1.41
1905 1.42
1906 1.41
1907 1.42
1908 1.42
1909 1.44
1910 1.43
1911 1.42
1912 1.42
1913 1.42
1914 1.42
1915 1.44
1916 1.41
1917 1.43
1918 1.42
1919 1.42
1920 1.42
1921 1.42
1922 1.43
1923 1.43
1924 1.42
1925 1.42
1926 1.42
1927 1.39
1928 1.42
1929 1.42
1930 1.42
1931 1.41
1932 1.42
1933 1.41
1934 1.42
1935 1.42
1936 1.42
1937 1.42
1938 1.42
1939 1.41
1940 1.40
1941 1.41
1942 1.42
1943 1.42
1944 1.42
1945 1.41
1946 1.42
1947 1.42
1948 1.42
1949 1.42
1950 1.42
1951 1.45
1952 1.43
1953 1.43
1954 1.42
1955 1.42
1956 1.42
1957 1.41
1958 1.41
1959 1.41
1960 1.42
1961 1.42
1962 1.42
1963 1.41
1964 1.43
1965 1.42
1966 1.42
1967 1.41
1968 1.41
1969 1.46
1970 1.42
1971 1.41
1972 1.41
1973 1.42
1974 1.41
1975 1.44
1976 1.42
1977 1.42
1978 1.41
1979 1.41
1980 1.40
1981 1.44
1982 1.44
1983 1.42
1984 1.41
1985 1.40
1986 1.40
1987 1.45
1988 1.42
1989 1.41
1990 1.41
1991 1.40
1992 1.40
1993 1.45
1994 1.43
1995 1.41
1996 1.41
1997 1.41
1998 1.41
1999 1.43
