0 1.42
1 1.41
2 1.42
3 1.41
4 1.41
5 1.41
6 1.41
7 1.42
8 1.42
9 1.42
10 1.41
11 1.41
12 1.42
13 1.42
14 1.41
15 1.42
16 1.41
17 1.42
18 1.42
19 1.42
20 1.41
21 1.42
22 1.42
23 1.42
24 1.42
25 1.41
26 1.42
27 1.42
28 1.42
29 1.41
30 1.41
31 1.41
32 1.42
33 1.42
34 1.41
35 1.42
36 1.42
37 1.42
38 1.41
39 1.42
40 1.41
41 1.41
42 1.41
43 1.42
44 1.41
45 1.42
46 1.42
47 1.42
48 1.42
49 1.35
50 1.45
51 1.40
52 1.37
53 1.33
54 1.29
55 1.76
56 1.73
57 1.75
58 1.71
59 1.70
60 1.69
61 1.81
62 1.79
63 1.75
64 1.71
65 1.66
66 1.63
67 1.90
68 1.92
69 1.93
70 1.88
71 1.87
72 1.84
73 1.87
74 1.83
75 1.86
76 1.80
77 1.80
78 1.78
79 1.74
80 1.74
81 1.76
82 1.76
83 1.77
84 1.75
85 1.79
86 1.75
87 1.80
88 1.77
89 1.74
90 1.71
91 1.72
92 1.66
93 1.69
94 1.66
95 1.62
96 1.60
97 1.71
98 1.66
99 1.64
100 1.67
101 1.63
102 1.65
103 1.85
104 1.75
105 1.82
106 1.77
107 1.76
108 1.76
109 1.87
110 1.86
111 1.85
112 1.82
113 1.79
114 1.77
115 1.56
116 1.53
117 1.58
118 1.54
119 1.55
120 1.53
121 1.75
122 1.69
123 1.74
124 1.73
125 1.69
126 1.69
127 1.58
128 1.37
129 1.41
130 1.40
131 1.37
132 1.39
133 1.43
134 1.43
135 1.43
136 1.43
137 1.43
138 1.43
139 1.43
140 1.43
141 1.43
142 1.43
143 1.43
144 1.43
145 1.44
146 1.43
147 1.43
148 1.42
149 1.42
150 1.42
151 1.43
152 1.42
153 1.41
154 1.41
155 1.42
156 1.42
157 1.43
158 1.43
159 1.41
160 1.42
161 1.42
162 1.42
163 1.44
164 1.43
165 1.41
166 1.41
167 1.42
168 1.42
169 1.43
170 1.43
171 1.42
172 1.42
173 1.42
174 1.42
175 1.43
176 1.43
177 1.41
178 1.42
179 1.42
180 1.42
181 1.42
182 1.41
183 1.41
184 1.41
185 1.41
186 1.41
187 1.43
188 1.43
189 1.43
190 1.43
191 1.43
192 1.43
193 1.43
194 1.43
195 1.43
196 1.43
197 1.43
198 1.43
199 1.41
200 1.41
201 1.41
202 1.41
203 1.40
204 1.39
205 1.41
206 1.41
207 1.42
208 1.41
209 1.42
210 1.42
211 1.43
212 1.40
213 1.40
214 1.41
215 1.41
216 1.41
217 1.43
218 1.40
219 1.41
220 1.42
221 1.42
222 1.42
223 1.41
224 1.41
225 1.40
226 1.41
227 1.41
228 1.41
229 1.46
230 1.44
231 1.43
232 1.43
233 1.43
234 1.43
235 1.43
236 1.40
237 1.41
238 1.41
239 1.42
240 1.42
241 1.01
242 1.04
243 1.42
244 1.42
245 1.42
246 1.42
247 1.42
248 1.42
249 1.42
250 1.43
251 1.43
252 1.43
253 1.42
254 1.42
255 1.40
256 1.44
257 1.43
258 1.43
259 1.42
260 1.42
261 1.41
262 1.43
263 1.43
264 1.42
265 1.42
266 1.42
267 1.43
268 1.42
269 1.43
270 1.44
271 1.43
272 1.42
273 1.39
274 1.41
275 1.41
276 1.42
277 1.42
278 1.42
279 1.41
280 1.41
281 1.41
282 1.41
283 1.42
284 1.41
285 1.41
286 1.40
287 1.41
288 1.41
289 1.42
290 1.41
291 1.16
292 1.15
293 1.14
294 1.16
295 1.07
296 1.41
297 1.42
298 1.42
299 1.42
300 1.42
301 1.42
302 1.42
303 1.42
304 1.42
305 1.43
306 1.42
307 1.42
308 1.42
309 1.44
310 1.43
311 1.43
312 1.43
313 1.43
314 1.42
315 1.42
316 1.42
317 1.42
318 1.42
319 1.42
320 1.40
321 1.41
322 1.41
323 1.41
324 1.41
325 1.42
326 1.43
327 1.42
328 1.41
329 1.42
330 1.42
331 1.42
332 1.42
333 1.42
334 1.42
335 1.42
336 1.42
337 1.42
338 1.42
339 1.42
340 1.43
341 1.42
342 1.41
343 1.42
344 1.44
345 1.44
346 1.42
347 1.42
348 1.42
349 1.43
350 1.42
351 1.42
352 1.41
353 1.41
354 1.41
355 1.41
356 1.41
357 1.41
358 1.41
359 1.41
360 1.41
361 1.41
362 1.43
363 1.43
364 1.42
365 1.42
366 1.42
367 1.42
368 1.43
369 1.44
370 1.43
371 1.43
372 1.43
373 1.43
374 1.43
375 1.43
376 1.42
377 1.44
378 1.43
379 1.43
380 1.44
381 1.42
382 1.42
383 1.42
384 1.42
385 1.42
386 1.44
387 1.43
388 1.43
389 1.42
390 1.41
391 1.42
392 1.40
393 1.41
394 1.41
395 1.41
396 1.41
397 1.41
398 1.41
399 1.41
400 1.41
401 1.42
402 1.42
403 1.42
404 1.44
405 1.42
406 1.42
407 1.42
408 1.42
409 1.42
410 1.39
411 1.40
412 1.41
413 1.41
414 1.41
415 1.41
416 1.43
417 1.42
418 1.42
419 1.42
420 1.42
421 1.42
422 1.40
423 1.40
424 1.41
425 1.41
426 1.41
427 1.41
428 1.41
429 1.42
430 1.42
431 1.41
432 1.42
433 1.41
434 1.38
435 1.41
436 1.41
437 1.41
438 1.42
439 1.41
440 1.41
441 1.42
442 1.41
443 1.41
444 1.41
445 1.42
446 1.42
447 1.42
448 1.42
449 1.42
450 1.42
451 1.42
452 1.42
453 1.41
454 1.42
455 1.41
456 1.41
457 1.41
458 1.39
459 1.43
460 1.39
461 1.38
462 1.38
463 1.38
464 1.59
465 1.43
466 1.41
467 1.41
468 1.40
469 1.39
470 1.43
471 1.37
472 1.42
473 1.39
474 1.37
475 1.36
476 1.46
477 1.38
478 1.35
479 1.34
480 1.36
481 1.36
482 1.44
483 1.38
484 1.36
485 1.38
486 1.37
487 1.37
488 1.33
489 1.35
490 1.34
491 1.35
492 1.34
493 1.34
494 1.34
495 1.41
496 1.37
497 1.37
498 1.36
499 1.36
500 1.46
501 1.39
502 1.40
503 1.38
504 1.37
505 1.37
506 1.42
507 1.43
508 1.37
509 1.37
510 1.36
511 1.37
512 1.29
513 1.35
514 1.35
515 1.38
516 1.38
517 1.35
518 1.37
519 1.38
520 1.37
521 1.36
522 1.37
523 1.36
524 1.43
525 1.35
526 1.38
527 1.37
528 1.37
529 1.37
530 1.43
531 1.43
532 1.45
533 1.44
534 1.39
535 1.43
536 1.53
537 1.40
538 1.36
539 1.43
540 1.43
541 1.42
542 1.48
543 1.44
544 1.46
545 1.42
546 1.38
547 1.40
548 1.45
549 1.39
550 1.37
551 1.40
552 1.42
553 1.41
554 1.76
555 1.60
556 1.54
557 1.51
558 1.49
559 1.48
560 1.51
561 1.46
562 1.49
563 1.45
564 1.45
565 1.43
566 1.41
567 1.41
568 1.42
569 1.42
570 1.42
571 1.42
572 1.42
573 1.42
574 1.42
575 1.42
576 1.42
577 1.42
578 1.41
579 1.41
580 1.42
581 1.42
582 1.42
583 1.42
584 1.44
585 1.43
586 1.43
587 1.43
588 1.43
589 1.42
590 1.41
591 1.42
592 1.41
593 1.42
594 1.41
595 1.42
596 1.43
597 1.42
598 1.43
599 1.43
600 1.42
601 1.42
602 1.45
603 1.44
604 1.43
605 1.43
606 1.43
607 1.43
608 1.41
609 1.42
610 1.42
611 1.42
612 1.42
613 1.42
614 1.44
615 1.43
616 1.44
617 1.43
618 1.42
619 1.43
620 1.43
621 1.41
622 1.42
623 1.42
624 1.42
625 1.42
626 1.41
627 1.42
628 1.42
629 1.42
630 1.41
631 1.42
632 1.42
633 1.44
634 1.42
635 1.42
636 1.42
637 1.42
638 1.42
639 1.42
640 1.42
641 1.42
642 1.41
643 1.42
644 1.43
645 1.43
646 1.42
647 1.43
648 1.42
649 1.42
650 1.44
651 1.44
652 1.42
653 1.42
654 1.42
655 1.42
656 1.72
657 1.75
658 1.77
659 1.95
660 1.41
661 1.42
662 1.42
663 1.42
664 1.41
665 1.41
666 1.42
667 1.41
668 1.42
669 1.41
670 1.41
671 1.41
672 1.41
673 1.41
674 1.41
675 1.41
676 1.41
677 1.41
678 1.43
679 1.41
680 1.42
681 1.42
682 1.41
683 1.42
684 1.41
685 1.41
686 1.41
687 1.41
688 1.41
689 1.42
690 1.42
691 1.41
692 1.41
693 1.41
694 1.41
695 1.41
696 1.41
697 1.41
698 1.42
699 1.41
700 1.41
701 1.41
702 1.40
703 1.41
704 1.41
705 1.42
706 1.41
707 1.41
708 1.42
709 1.41
710 1.41
711 1.41
712 1.41
713 1.41
714 1.42
715 1.41
716 1.42
717 1.42
718 1.41
719 1.41
720 1.42
721 1.42
722 1.42
723 1.41
724 1.42
725 1.41
726 1.42
727 1.42
728 1.42
729 1.42
730 1.42
731 1.42
732 1.42
733 1.42
734 1.41
735 1.41
736 1.41
737 1.41
738 1.44
739 1.42
740 1.41
741 1.41
742 1.41
743 1.41
744 1.41
745 1.42
746 1.42
747 1.41
748 1.41
749 1.42
750 1.42
751 1.42
752 1.41
753 1.42
754 1.41
755 1.42
756 1.40
757 1.41
758 1.41
759 1.41
760 1.41
761 1.41
762 1.41
763 1.41
764 1.42
765 1.42
766 1.42
767 1.41
768 1.31
769 1.36
770 1.33
771 1.24
772 1.15
773 1.12
774 1.41
775 1.42
776 1.41
777 1.41
778 1.41
779 1.41
780 1.42
781 1.41
782 1.41
783 1.41
784 1.41
785 1.41
786 1.42
787 1.42
788 1.42
789 1.42
790 1.42
791 1.42
792 1.42
793 1.42
794 1.41
795 1.41
796 1.41
797 1.41
798 1.42
799 1.41
800 1.42
801 1.42
802 1.42
803 1.42
804 1.41
805 1.41
806 1.41
807 1.41
808 1.41
809 1.41
810 1.41
811 1.41
812 1.41
813 1.41
814 1.41
815 1.41
816 1.41
817 1.42
818 1.42
819 1.42
820 1.42
821 1.41
822 1.41
823 1.41
824 1.42
825 1.41
826 1.42
827 1.41
828 1.41
829 1.41
830 1.41
831 1.42
832 1.41
833 1.41
834 1.42
835 1.41
836 1.41
837 1.42
838 1.42
839 1.42
840 1.40
841 1.42
842 1.41
843 1.41
844 1.41
845 1.41
846 1.40
847 1.41
848 1.41
849 1.41
850 1.41
851 1.41
852 1.41
853 1.41
854 1.42
855 1.41
856 1.41
857 1.41
858 1.42
859 1.41
860 1.41
861 1.41
862 1.41
863 1.41
864 1.41
865 1.42
866 1.41
867 1.41
868 1.41
869 1.41
870 1.42
871 1.41
872 1.41
873 1.41
874 1.41
875 1.41
876 1.40
877 1.41
878 1.41
879 1.41
880 1.41
881 1.41
882 1.38
883 1.37
884 1.37
885 1.37
886 1.37
887 1.37
888 1.73
889 1.61
890 1.55
891 1.51
892 1.48
893 1.76
894 1.63
895 1.57
896 1.53
897 1.50
898 1.75
899 1.63
900 1.56
901 1.52
902 1.50
903 1.75
904 1.62
905 1.56
906 1.52
907 1.49
908 1.74
909 1.61
910 1.54
911 1.51
912 1.49
913 1.76
914 1.62
915 1.55
916 1.52
917 1.50
918 1.00
919 1.08
920 1.06
921 1.14
922 1.13
923 1.41
924 1.41
925 1.41
926 1.41
927 1.41
928 1.42
929 1.41
930 1.42
931 1.42
932 1.41
933 1.42
934 1.42
935 1.41
936 1.41
937 1.41
938 1.42
939 1.42
940 1.41
941 1.42
942 1.42
943 1.42
944 1.41
945 1.42
946 1.42
947 1.42
948 1.41
949 1.41
950 1.42
951 1.41
952 1.42
953 1.41
954 1.42
955 1.41
956 1.41
957 1.41
958 1.41
959 1.42
960 1.42
961 1.41
962 1.42
963 1.42
964 1.42
965 1.41
966 1.41
967 1.41
968 1.41
969 1.41
970 1.41
971 1.40
972 1.42
973 1.41
974 1.41
975 1.41
976 1.41
977 1.40
978 1.42
979 1.42
980 1.41
981 1.41
982 1.41
983 1.42
984 1.42
985 1.42
986 1.42
987 1.42
988 1.42
989 1.41
990 1.41
991 1.41
992 1.42
993 1.42
994 1.41
995 1.43
996 1.41
997 1.41
998 1.42
999 1.42
1000 1.42
1001 1.42
1002 1.41
1003 1.41
1004 1.41
1005 1.41
1006 1.41
1007 1.41
1008 1.41
1009 1.41
1010 1.41
1011 1.41
1012 1.41
1013 1.42
1014 1.42
1015 1.42
1016 1.42
1017 1.41
1018 1.41
1019 1.41
1020 1.42
1021 1.41
1022 1.41
1023 1.41
1024 1.41
1025 1.43
1026 1.42
1027 1.42
1028 1.41
1029 1.41
1030 1.41
1031 1.36
1032 1.35
1033 1.36
1034 1.36
1035 1.36
1036 1.35
1037 1.76
1038 1.62
1039 1.55
1040 1.51
1041 1.49
1042 1.71
1043 1.59
1044 1.53
1045 1.50
1046 1.47
1047 1.36
1048 1.36
1049 1.35
1050 1.35
1051 1.35
1052 1.35
1053 1.74
1054 1.61
1055 1.55
1056 1.51
1057 1.48
1058 1.75
1059 1.62
1060 1.55
1061 1.51
1062 1.49
1063 1.35
1064 1.36
1065 1.36
1066 1.36
1067 1.36
1068 1.36
1069 1.70
1070 1.59
1071 1.53
1072 1.50
1073 1.47
1074 1.74
1075 1.61
1076 1.54
1077 1.51
1078 1.48
1079 1.36
1080 1.35
1081 1.35
1082 1.36
1083 1.36
1084 1.35
1085 1.01
1086 1.06
1087 1.16
1088 1.43
1089 1.58
1090 1.53
1091 1.71
1092 1.59
1093 1.54
1094 1.50
1095 1.48
1096 1.35
1097 1.36
1098 1.36
1099 1.36
1100 1.36
1101 1.36
1102 1.74
1103 1.61
1104 1.55
1105 1.51
1106 1.49
1107 1.71
1108 1.59
1109 1.53
1110 1.49
1111 1.46
1112 1.34
1113 1.35
1114 1.35
1115 1.35
1116 1.35
1117 1.35
1118 1.72
1119 1.59
1120 1.53
1121 1.50
1122 1.47
1123 1.78
1124 1.63
1125 1.56
1126 1.52
1127 1.49
1128 1.41
1129 1.41
1130 1.41
1131 1.41
1132 1.41
1133 1.41
1134 1.42
1135 1.42
1136 1.41
1137 1.42
1138 1.42
1139 1.41
1140 1.42
1141 1.41
1142 1.41
1143 1.41
1144 1.41
1145 1.41
1146 1.42
1147 1.41
1148 1.41
1149 1.42
1150 1.41
1151 1.41
1152 1.40
1153 1.41
1154 1.41
1155 1.41
1156 1.41
1157 1.41
1158 1.40
1159 1.41
1160 1.41
1161 1.41
1162 1.41
1163 1.41
1164 1.42
1165 1.42
1166 1.41
1167 1.41
1168 1.41
1169 1.41
1170 1.41
1171 1.41
1172 1.41
1173 1.41
1174 1.41
1175 1.41
1176 1.41
1177 1.41
1178 1.41
1179 1.41
1180 1.41
1181 1.41
1182 1.41
1183 1.41
1184 1.41
1185 1.41
1186 1.41
1187 1.41
1188 1.40
1189 1.41
1190 1.40
1191 1.41
1192 1.41
1193 1.41
1194 1.41
1195 1.41
1196 1.41
1197 1.41
1198 1.41
1199 1.41
1200 1.41
1201 1.42
1202 1.41
1203 1.41
1204 1.41
1205 1.41
1206 1.42
1207 1.41
1208 1.41
1209 1.41
1210 1.41
1211 1.41
1212 1.41
1213 1.41
1214 1.41
1215 1.41
1216 1.41
1217 1.41
1218 1.41
1219 1.41
1220 1.41
1221 1.41
1222 1.41
1223 1.41
1224 1.41
1225 1.41
1226 1.41
1227 1.41
1228 1.41
1229 1.41
1230 1.41
1231 1.41
1232 1.42
1233 1.41
1234 1.41
1235 1.41
1236 1.43
1237 1.30
1238 1.25
1239 1.24
1240 1.22
1241 1.23
1242 1.42
1243 1.42
1244 1.41
1245 1.41
1246 1.41
1247 1.41
1248 1.45
1249 1.44
1250 1.43
1251 1.43
1252 1.43
1253 1.42
1254 1.40
1255 1.41
1256 1.41
1257 1.42
1258 1.42
1259 1.41
1260 1.41
1261 1.42
1262 1.41
1263 1.42
1264 1.42
1265 1.42
1266 1.41
1267 1.42
1268 1.42
1269 1.42
1270 1.42
1271 1.42
1272 1.46
1273 1.44
1274 1.43
1275 1.43
1276 1.42
1277 1.42
1278 1.47
1279 1.44
1280 1.43
1281 1.43
1282 1.43
1283 1.43
1284 1.47
1285 1.45
1286 1.43
1287 1.44
1288 1.43
1289 1.43
1290 1.44
1291 1.44
1292 1.43
1293 1.43
1294 1.43
1295 1.42
1296 1.48
1297 1.44
1298 1.44
1299 1.43
1300 1.43
1301 1.43
1302 1.41
1303 1.41
1304 1.41
1305 1.41
1306 1.42
1307 1.41
1308 1.41
1309 1.42
1310 1.42
1311 1.42
1312 1.42
1313 1.42
1314 1.42
1315 1.43
1316 1.42
1317 1.42
1318 1.42
1319 1.42
1320 1.43
1321 1.43
1322 1.43
1323 1.43
1324 1.43
1325 1.42
1326 1.44
1327 1.45
1328 1.45
1329 1.43
1330 1.43
1331 1.43
1332 1.42
1333 1.43
1334 1.43
1335 1.43
1336 1.42
1337 1.42
1338 1.42
1339 1.44
1340 1.43
1341 1.43
1342 1.43
1343 1.43
1344 1.43
1345 1.43
1346 1.44
1347 1.43
1348 1.42
1349 1.42
1350 1.41
1351 1.42
1352 1.42
1353 1.42
1354 1.42
1355 1.42
1356 1.43
1357 1.42
1358 1.41
1359 1.42
1360 1.42
1361 1.42
1362 1.41
1363 1.42
1364 1.42
1365 1.41
1366 1.42
1367 1.42
1368 1.43
1369 1.43
1370 1.43
1371 1.42
1372 1.43
1373 1.42
1374 1.42
1375 1.43
1376 1.42
1377 1.43
1378 1.42
1379 1.42
1380 1.43
1381 1.43
1382 1.42
1383 1.42
1384 1.42
1385 1.42
1386 1.42
1387 1.43
1388 1.43
1389 1.43
1390 1.43
1391 1.42
1392 1.42
1393 1.43
1394 1.43
1395 1.43
1396 1.42
1397 1.42
1398 1.43
1399 1.44
1400 1.42
1401 1.42
1402 1.42
1403 1.42
1404 1.42
1405 1.42
1406 1.42
1407 1.42
1408 1.42
1409 1.42
1410 1.43
1411 1.43
1412 1.43
1413 1.43
1414 1.42
1415 1.42
1416 1.48
1417 1.45
1418 1.44
1419 1.44
1420 1.43
1421 1.43
1422 1.45
1423 1.43
1424 1.44
1425 1.43
1426 1.43
1427 1.43
1428 1.41
1429 1.42
1430 1.43
1431 1.42
1432 1.42
1433 1.42
1434 1.41
1435 1.42
1436 1.42
1437 1.42
1438 1.42
1439 1.42
1440 1.44
1441 1.43
1442 1.42
1443 1.42
1444 1.42
1445 1.42
1446 1.41
1447 1.43
1448 1.42
1449 1.42
1450 1.42
1451 1.42
1452 1.42
1453 1.42
1454 1.42
1455 1.42
1456 1.42
1457 1.42
1458 1.43
1459 1.42
1460 1.42
1461 1.42
1462 1.42
1463 1.42
1464 1.42
1465 1.44
1466 1.43
1467 1.42
1468 1.42
1469 1.42
1470 1.38
1471 1.42
1472 1.42
1473 1.42
1474 1.42
1475 1.42
1476 1.46
1477 1.44
1478 1.43
1479 1.43
1480 1.42
1481 1.39
1482 1.43
1483 1.43
1484 1.43
1485 1.42
1486 1.42
1487 1.42
1488 1.41
1489 1.41
1490 1.42
1491 1.41
1492 1.42
1493 1.42
1494 1.42
1495 1.42
1496 1.42
1497 1.41
1498 1.42
1499 1.42
1500 1.44
1501 1.43
1502 1.43
1503 1.43
1504 1.42
1505 1.43
1506 1.40
1507 1.42
1508 1.42
1509 1.41
1510 1.42
1511 1.42
1512 1.42
1513 1.41
1514 1.42
1515 1.42
1516 1.42
1517 1.41
1518 1.42
1519 1.42
1520 1.42
1521 1.42
1522 1.41
1523 1.41
1524 1.41
1525 1.41
1526 1.41
1527 1.41
1528 1.41
1529 1.41
1530 1.42
1531 1.42
1532 1.41
1533 1.42
1534 1.42
1535 1.42
1536 1.42
1537 1.42
1538 1.41
1539 1.41
1540 1.41
1541 1.41
1542 1.41
1543 1.42
1544 1.41
1545 1.41
1546 1.42
1547 1.41
1548 1.43
1549 1.42
1550 1.42
1551 1.42
1552 1.42
1553 1.42
1554 1.42
1555 1.42
1556 1.42
1557 1.42
1558 1.42
1559 1.42
1560 1.42
1561 1.42
1562 1.42
1563 1.42
1564 1.42
1565 1.42
1566 1.41
1567 1.41
1568 1.41
1569 1.41
1570 1.41
1571 1.41
1572 1.41
1573 1.41
1574 1.41
1575 1.41
1576 1.41
1577 1.41
1578 1.41
1579 1.41
1580 1.41
1581 1.41
1582 1.41
1583 1.41
1584 1.41
1585 1.41
1586 1.41
1587 1.41
1588 1.41
1589 1.41
1590 1.40
1591 1.37
1592 1.38
1593 1.39
1594 1.39
1595 1.40
1596 1.39
1597 1.40
1598 1.40
1599 1.39
1600 1.40
1601 1.40
1602 1.41
1603 1.41
1604 1.41
1605 1.41
1606 1.41
1607 1.41
1608 1.39
1609 1.39
1610 1.40
1611 1.41
1612 1.41
1613 1.41
1614 1.42
1615 1.41
1616 1.42
1617 1.42
1618 1.41
1619 1.42
1620 1.42
1621 1.42
1622 1.42
1623 1.41
1624 1.41
1625 1.41
1626 1.34
1627 1.34
1628 1.34
1629 1.35
1630 1.35
1631 1.35
1632 1.27
1633 1.31
1634 1.32
1635 1.33
1636 1.33
1637 1.34
1638 1.32
1639 1.33
1640 1.35
1641 1.34
1642 1.34
1643 1.34
1644 1.37
1645 1.36
1646 1.36
1647 1.35
1648 1.35
1649 1.35
1650 1.36
1651 1.35
1652 1.36
1653 1.36
1654 1.36
1655 1.36
1656 1.35
1657 1.35
1658 1.35
1659 1.35
1660 1.35
1661 1.35
1662 1.34
1663 1.35
1664 1.35
1665 1.35
1666 1.35
1667 1.35
1668 1.35
1669 1.34
1670 1.35
1671 1.35
1672 1.35
1673 1.35
1674 1.35
1675 1.35
1676 1.35
1677 1.35
1678 1.35
1679 1.35
1680 1.35
1681 1.34
1682 1.35
1683 1.34
1684 1.34
1685 1.34
1686 1.31
1687 1.33
1688 1.34
1689 1.34
1690 1.34
1691 1.34
1692 1.36
1693 1.35
1694 1.35
1695 1.35
1696 1.35
1697 1.35
1698 1.34
1699 1.34
1700 1.34
1701 1.34
1702 1.34
1703 1.34
1704 1.35
1705 1.35
1706 1.35
1707 1.35
1708 1.34
1709 1.35
1710 1.35
1711 1.34
1712 1.35
1713 1.35
1714 1.35
1715 1.35
1716 1.34
1717 1.34
1718 1.34
1719 1.33
1720 1.34
1721 1.34
1722 1.30
1723 1.33
1724 1.34
1725 1.34
1726 1.34
1727 1.34
1728 1.34
1729 1.34
1730 1.34
1731 1.34
1732 1.34
1733 1.34
1734 1.12
1735 1.12
1736 1.12
1737 1.12
1738 1.13
1739 1.13
1740 1.13
1741 1.13
1742 1.13
1743 1.13
1744 1.13
1745 1.13
1746 1.13
1747 1.12
1748 1.12
1749 1.11
1750 1.10
1751 1.10
1752 1.13
1753 1.13
1754 1.13
1755 1.13
1756 1.13
1757 1.13
1758 1.13
1759 1.13
1760 1.13
1761 1.13
1762 1.13
1763 1.13
1764 1.08
1765 1.07
1766 1.09
1767 1.08
1768 1.08
1769 1.08
1770 1.10
1771 1.12
1772 1.12
1773 1.12
1774 1.12
1775 1.12
1776 1.10
1777 1.07
1778 1.08
1779 1.09
1780 1.08
1781 1.08
1782 1.13
1783 1.13
1784 1.13
1785 1.13
1786 1.13
1787 1.13
1788 1.13
1789 1.13
1790 1.13
1791 1.13
1792 1.13
1793 1.13
1794 1.13
1795 1.12
1796 1.13
1797 1.13
1798 1.13
1799 1.13
1800 1.12
1801 1.12
1802 1.13
1803 1.13
1804 1.13
1805 1.13
1806 1.13
1807 1.13
1808 1.13
1809 1.13
1810 1.13
1811 1.13
1812 1.10
1813 1.08
1814 1.07
1815 1.08
1816 1.08
1817 1.09
1818 1.13
1819 1.13
1820 1.13
1821 1.13
1822 1.13
1823 1.13
1824 1.13
1825 1.13
1826 1.13
1827 1.13
1828 1.13
1829 1.13
1830 1.13
1831 1.13
1832 1.13
1833 1.13
1834 1.13
1835 1.13
1836 1.11
1837 1.11
1838 1.11
1839 1.11
1840 1.11
1841 1.11
1842 1.41
1843 1.41
1844 1.41
1845 1.41
1846 1.41
1847 1.41
1848 1.42
1849 1.42
1850 1.42
1851 1.42
1852 1.42
1853 1.41
1854 1.41
1855 1.41
1856 1.42
1857 1.41
1858 1.42
1859 1.42
1860 1.42
1861 1.42
1862 1.42
1863 1.41
1864 1.41
1865 1.41
1866 1.43
1867 1.42
1868 1.42
1869 1.42
1870 1.42
1871 1.42
1872 1.41
1873 1.41
1874 1.42
1875 1.42
1876 1.41
1877 1.42
1878 1.42
1879 1.42
1880 1.41
1881 1.42
1882 1.41
1883 1.41
1884 1.41
1885 1.41
1886 1.42
1887 1.42
1888 1.42
1889 1.42
1890 1.40
1891 1.40
1892 1.39
1893 1.39
1894 1.39
1895 1.39
1896 1.40
1897 1.39
1898 1.39
1899 1.39
1900 1.39
1901 1.38
1902 1.59
1903 1.42
1904 1.40
1905 1.38
1906 1.32
1907 1.34
1908 1.39
1909 1.42
1910 1.38
1911 1.37
1912 1.39
1913 1.35
1914 1.35
1915 1.31
1916 1.25
1917 1.30
1918 1.32
1919 1.34
1920 1.61
1921 1.72
1922 1.75
1923 1.78
1924 1.74
1925 1.79
1926 1.36
1927 1.34
1928 1.35
1929 1.38
1930 1.35
1931 1.35
1932 1.16
1933 1.36
1934 1.48
1935 1.51
1936 1.52
1937 1.49
1938 1.31
1939 1.37
1940 1.39
1941 1.40
1942 1.44
1943 1.42
1944 1.35
1945 1.42
1946 1.43
1947 1.41
1948 1.38
1949 1.37
1950 1.45
1951 1.47
1952 1.42
1953 1.48
1954 1.49
1955 1.50
1956 1.86
1957 1.90
1958 1.89
1959 1.88
1960 1.91
1961 1.92
1962 1.27
1963 1.29
1964 1.29
1965 1.28
1966 1.29
1967 1.28
1968 1.53
1969 1.41
1970 1.37
1971 1.35
1972 1.34
1973 1.33
1974 1.29
1975 1.26
1976 1.28
1977 1.30
1978 1.29
1979 1.29
1980 1.28
1981 1.29
1982 1.29
1983 1.29
1984 1.29
1985 1.30
1986 1.29
1987 1.26
1988 1.29
1989 1.30
1990 1.30
1991 1.30
1992 1.30
1993 1.31
1994 1.30
1995 1.31
1996 1.30
1997 1.30
1998 1.30
1999 1.31
