0 1.50
1 1.45
2 1.42
3 1.71
4 1.59
5 1.53
6 1.50
7 1.48
8 1.99
9 1.68
10 1.57
11 1.52
12 1.48
13 1.46
14 1.70
15 1.59
16 1.53
17 1.50
18 1.48
19 1.75
20 1.62
21 1.56
22 1.52
23 1.49
24 1.71
25 1.59
26 1.54
27 1.50
28 1.48
29 1.72
30 1.60
31 1.54
32 1.50
33 1.48
34 1.68
35 1.57
36 1.52
37 1.49
38 1.46
39 1.96
40 1.65
41 1.56
42 1.51
43 1.48
44 1.46
45 1.71
46 1.59
47 1.53
48 1.50
49 1.47
50 1.68
51 1.57
52 1.52
53 1.49
54 1.46
55 1.69
56 1.58
57 1.52
58 1.49
59 1.47
60 1.36
61 1.36
62 1.35
63 1.36
64 1.36
65 1.36
66 1.71
67 1.59
68 1.53
69 1.50
70 1.48
71 1.72
72 1.60
73 1.54
74 1.50
75 1.48
76 1.76
77 1.63
78 1.56
79 1.52
80 1.49
81 1.70
82 1.59
83 1.53
84 1.49
85 1.47
86 1.70
87 1.57
88 1.52
89 1.49
90 1.47
91 1.90
92 1.72
93 1.63
94 1.58
95 1.54
96 1.76
97 1.71
98 1.83
99 1.85
100 1.84
101 1.91
102 1.77
103 1.64
104 1.57
105 1.53
106 1.50
107 1.72
108 1.60
109 1.54
110 1.51
111 1.48
112 1.71
113 1.60
114 1.54
115 1.50
116 1.48
117 1.77
118 1.63
119 1.56
120 1.52
121 1.50
122 1.72
123 1.60
124 1.54
125 1.50
126 1.48
127 1.80
128 1.65
129 1.58
130 1.53
131 1.50
132 1.70
133 1.59
134 1.53
135 1.50
136 1.48
137 1.70
138 1.58
139 1.53
140 1.49
141 1.47
142 1.71
143 1.60
144 1.54
145 1.50
146 1.48
147 1.76
148 1.62
149 1.56
150 1.52
151 1.49
152 1.77
153 1.63
154 1.57
155 1.53
156 1.50
157 1.72
158 1.60
159 1.54
160 1.51
161 1.48
162 1.73
163 1.61
164 1.55
165 1.51
166 1.48
167 1.69
168 1.58
169 1.52
170 1.49
171 1.47
172 1.72
173 1.59
174 1.54
175 1.50
176 1.48
177 1.71
178 1.60
179 1.54
180 1.50
181 1.48
182 1.70
183 1.58
184 1.53
185 1.50
186 1.47
187 1.73
188 1.61
189 1.55
190 1.51
191 1.48
192 1.39
193 1.40
194 1.39
195 1.40
196 1.40
197 1.40
198 1.40
199 1.40
200 1.40
201 1.40
202 1.40
203 1.40
204 1.40
205 1.41
206 1.41
207 1.41
208 1.41
209 1.40
210 1.41
211 1.40
212 1.41
213 1.41
214 1.41
215 1.41
216 1.42
217 1.41
218 1.41
219 1.41
220 1.41
221 1.41
222 1.42
223 1.42
224 1.41
225 1.41
226 1.41
227 1.41
228 1.41
229 1.41
230 1.41
231 1.41
232 1.41
233 1.41
234 1.42
235 1.41
236 1.41
237 1.41
238 1.41
239 1.41
240 1.41
241 1.41
242 1.41
243 1.41
244 1.41
245 1.41
246 1.42
247 1.41
248 1.42
249 1.41
250 1.41
251 1.41
252 1.40
253 1.41
254 1.41
255 1.41
256 1.41
257 1.41
258 1.40
259 1.41
260 1.41
261 1.41
262 1.41
263 1.41
264 1.41
265 1.40
266 1.40
267 1.40
268 1.40
269 1.41
270 1.39
271 1.39
272 1.39
273 1.39
274 1.39
275 1.39
276 1.42
277 1.41
278 1.41
279 1.41
280 1.41
281 1.41
282 1.41
283 1.41
284 1.41
285 1.41
286 1.41
287 1.41
288 1.41
289 1.41
290 1.41
291 1.41
292 1.41
293 1.41
294 1.13
295 1.14
296 1.14
297 1.14
298 1.14
299 1.14
300 1.16
301 1.15
302 1.16
303 1.15
304 1.15
305 1.15
306 1.16
307 1.16
308 1.16
309 1.15
310 1.15
311 1.15
312 1.16
313 1.15
314 1.15
315 1.15
316 1.15
317 1.15
318 1.16
319 1.15
320 1.15
321 1.15
322 1.15
323 1.15
324 1.17
325 1.16
326 1.16
327 1.15
328 1.15
329 1.15
330 1.14
331 1.14
332 1.15
333 1.15
334 1.15
335 1.15
336 1.14
337 1.15
338 1.15
339 1.15
340 1.15
341 1.15
342 1.15
343 1.14
344 1.15
345 1.15
346 1.13
347 1.14
348 1.17
349 1.15
350 1.15
351 1.15
352 1.15
353 1.15
354 1.14
355 1.15
356 1.16
357 1.16
358 1.16
359 1.16
360 1.18
361 1.17
362 1.17
363 1.16
364 1.16
365 1.16
366 1.14
367 1.15
368 1.15
369 1.15
370 1.15
371 1.15
372 1.16
373 1.14
374 1.15
375 1.15
376 1.14
377 1.15
378 1.10
379 1.14
380 1.15
381 1.15
382 1.15
383 1.15
384 1.08
385 1.12
386 1.12
387 1.13
388 1.14
389 1.14
390 1.15
391 1.15
392 1.15
393 1.15
394 1.15
395 1.15
396 1.15
397 1.15
398 1.15
399 1.15
400 1.15
401 1.15
402 1.87
403 1.70
404 1.62
405 1.57
406 1.54
407 1.81
408 1.70
409 1.63
410 1.58
411 1.85
412 1.69
413 1.62
414 1.57
415 1.53
416 1.38
417 1.37
418 1.39
419 1.38
420 1.37
421 1.38
422 1.88
423 1.70
424 1.62
425 1.57
426 1.53
427 1.81
428 1.65
429 1.58
430 1.54
431 1.51
432 1.92
433 1.74
434 1.64
435 1.58
436 1.54
437 1.94
438 1.75
439 1.65
440 1.59
441 1.55
442 1.35
443 1.36
444 1.37
445 1.37
446 1.37
447 1.37
448 1.89
449 1.72
450 1.62
451 1.57
452 1.54
453 1.75
454 1.63
455 1.56
456 1.52
457 1.49
458 1.39
459 1.39
460 1.38
461 1.37
462 1.37
463 1.37
464 1.87
465 1.73
466 1.63
467 1.58
468 1.54
469 1.35
470 1.24
471 1.19
472 1.20
473 1.24
474 1.48
475 1.15
476 1.19
477 1.35
478 1.72
479 1.65
480 1.62
481 1.01
482 1.29
483 1.36
484 1.83
485 1.68
486 1.59
487 1.54
488 1.52
489 1.77
490 1.64
491 1.56
492 1.52
493 1.50
494 1.33
495 1.35
496 1.34
497 1.35
498 1.35
499 1.35
500 1.49
501 1.39
502 1.37
503 1.38
504 1.37
505 1.37
506 1.77
507 1.63
508 1.56
509 1.52
510 1.49
511 1.80
512 1.64
513 1.57
514 1.52
515 1.49
516 1.75
517 1.60
518 1.55
519 1.50
520 1.48
521 1.78
522 1.63
523 1.56
524 1.52
525 1.50
526 1.33
527 1.36
528 1.35
529 1.36
530 1.35
531 1.35
532 1.79
533 1.63
534 1.57
535 1.53
536 1.49
537 1.38
538 1.34
539 1.34
540 1.35
541 1.34
542 1.34
543 1.75
544 1.62
545 1.56
546 1.51
547 1.48
548 1.75
549 1.63
550 1.55
551 1.51
552 1.48
553 1.78
554 1.63
555 1.58
556 1.52
557 1.49
558 1.77
559 1.63
560 1.57
561 1.52
562 1.48
563 1.73
564 1.61
565 1.54
566 1.50
567 1.48
568 1.78
569 1.63
570 1.57
571 1.53
572 1.50
573 1.37
574 1.37
575 1.37
576 1.36
577 1.37
578 1.37
579 1.37
580 1.36
581 1.36
582 1.36
583 1.36
584 1.36
585 1.74
586 1.62
587 1.55
588 1.51
589 1.49
590 1.82
591 1.67
592 1.59
593 1.55
594 1.52
595 1.71
596 1.59
597 1.54
598 1.50
599 1.48
600 1.77
601 1.64
602 1.57
603 1.53
604 1.50
605 1.77
606 1.66
607 1.57
608 1.54
609 1.51
610 1.73
611 1.61
612 1.55
613 1.51
614 1.49
615 1.79
616 1.65
617 1.58
618 1.53
619 1.51
620 1.38
621 1.38
622 1.37
623 1.36
624 1.36
625 1.36
626 1.75
627 1.63
628 1.57
629 1.52
630 1.50
631 1.38
632 1.37
633 1.37
634 1.36
635 1.36
636 1.37
637 1.38
638 1.38
639 1.37
640 1.37
641 1.37
642 1.36
643 1.81
644 1.66
645 1.59
646 1.54
647 1.51
648 1.76
649 1.63
650 1.56
651 1.52
652 1.50
653 1.86
654 1.70
655 1.61
656 1.56
657 1.53
658 1.76
659 1.63
660 1.56
661 1.52
662 1.49
663 1.81
664 1.70
665 1.63
666 1.58
667 1.80
668 1.70
669 1.64
670 1.59
671 1.94
672 1.80
673 1.71
674 1.65
675 1.81
676 1.70
677 1.63
678 1.59
679 1.86
680 1.74
681 1.66
682 1.62
683 1.83
684 1.73
685 1.66
686 1.60
687 1.82
688 1.72
689 1.64
690 1.59
691 1.81
692 1.69
693 1.63
694 1.58
695 1.79
696 1.69
697 1.63
698 1.58
699 1.82
700 1.70
701 1.63
702 1.58
703 1.79
704 1.69
705 1.62
706 1.58
707 1.78
708 1.69
709 1.62
710 1.58
711 1.82
712 1.71
713 1.63
714 1.59
715 1.81
716 1.68
717 1.62
718 1.58
719 1.80
720 1.69
721 1.62
722 1.58
723 1.81
724 1.70
725 1.63
726 1.59
727 1.81
728 1.70
729 1.63
730 1.58
731 1.78
732 1.68
733 1.61
734 1.57
735 1.75
736 1.62
737 1.56
738 1.52
739 1.49
740 1.77
741 1.63
742 1.56
743 1.53
744 1.50
745 1.73
746 1.62
747 1.56
748 1.51
749 1.49
750 1.77
751 1.63
752 1.57
753 1.53
754 1.50
755 1.78
756 1.65
757 1.58
758 1.54
759 1.51
760 1.71
761 1.61
762 1.53
763 1.50
764 1.48
765 1.79
766 1.65
767 1.57
768 1.54
769 1.51
770 1.75
771 1.62
772 1.56
773 1.52
774 1.50
775 1.73
776 1.61
777 1.55
778 1.51
779 1.49
780 1.76
781 1.63
782 1.57
783 1.52
784 1.50
785 1.74
786 1.61
787 1.55
788 1.51
789 1.49
790 1.72
791 1.59
792 1.54
793 1.50
794 1.48
795 1.76
796 1.63
797 1.56
798 1.52
799 1.50
800 1.36
801 1.36
802 1.37
803 1.36
804 1.37
805 1.36
806 1.80
807 1.67
808 1.62
809 1.57
810 1.53
811 1.76
812 1.64
813 1.57
814 1.53
815 1.50
816 1.73
817 1.61
818 1.54
819 1.52
820 1.49
821 1.39
822 1.38
823 1.37
824 1.37
825 1.37
826 1.37
827 1.99
828 1.78
829 1.68
830 1.62
831 1.57
832 1.80
833 1.66
834 1.58
835 1.54
836 1.51
837 1.34
838 1.36
839 1.36
840 1.37
841 1.36
842 1.36
843 1.79
844 1.65
845 1.58
846 1.54
847 1.51
848 1.89
849 1.76
850 1.68
851 1.63
852 1.87
853 1.75
854 1.67
855 1.62
856 1.36
857 1.35
858 1.36
859 1.35
860 1.35
861 1.35
862 1.85
863 1.69
864 1.61
865 1.56
866 1.52
867 1.91
868 1.71
869 1.62
870 1.57
871 1.53
872 1.84
873 1.72
874 1.65
875 1.60
876 1.84
877 1.71
878 1.64
879 1.59
880 1.84
881 1.72
882 1.64
883 1.59
884 1.82
885 1.69
886 1.62
887 1.58
888 1.86
889 1.73
890 1.66
891 1.61
892 1.85
893 1.73
894 1.65
895 1.60
896 1.81
897 1.70
898 1.63
899 1.59
900 1.81
901 1.70
902 1.63
903 1.58
904 1.83
905 1.71
906 1.64
907 1.59
908 1.84
909 1.72
910 1.65
911 1.59
912 1.83
913 1.71
914 1.65
915 1.60
916 1.84
917 1.72
918 1.64
919 1.60
920 1.83
921 1.72
922 1.64
923 1.60
924 1.82
925 1.71
926 1.64
927 1.59
928 1.82
929 1.70
930 1.64
931 1.59
932 1.83
933 1.71
934 1.64
935 1.60
936 1.83
937 1.71
938 1.64
939 1.60
940 1.84
941 1.72
942 1.65
943 1.60
944 1.85
945 1.72
946 1.65
947 1.60
948 1.84
949 1.68
950 1.60
951 1.55
952 1.52
953 1.86
954 1.73
955 1.66
956 1.61
957 1.83
958 1.72
959 1.65
960 1.60
961 1.84
962 1.72
963 1.65
964 1.60
965 1.84
966 1.72
967 1.65
968 1.60
969 1.85
970 1.73
971 1.65
972 1.60
973 1.91
974 1.77
975 1.69
976 1.64
977 1.83
978 1.72
979 1.65
980 1.60
981 1.84
982 1.72
983 1.65
984 1.60
985 1.91
986 1.77
987 1.69
988 1.63
989 1.85
990 1.73
991 1.65
992 1.60
993 1.85
994 1.73
995 1.65
996 1.60
997 1.88
998 1.75
999 1.67
1000 1.62
1001 1.84
1002 1.72
1003 1.65
1004 1.60
1005 1.84
1006 1.72
1007 1.65
1008 1.60
1009 1.90
1010 1.76
1011 1.68
1012 1.63
1013 1.84
1014 1.72
1015 1.65
1016 1.60
1017 1.83
1018 1.68
1019 1.59
1020 1.55
1021 1.52
1022 1.78
1023 1.64
1024 1.56
1025 1.53
1026 1.50
1027 1.78
1028 1.64
1029 1.58
1030 1.53
1031 1.50
1032 1.76
1033 1.58
1034 1.55
1035 1.49
1036 1.45
1037 1.78
1038 1.64
1039 1.57
1040 1.53
1041 1.50
1042 1.79
1043 1.64
1044 1.57
1045 1.53
1046 1.49
1047 1.74
1048 1.61
1049 1.55
1050 1.51
1051 1.48
1052 1.76
1053 1.63
1054 1.56
1055 1.52
1056 1.50
1057 1.77
1058 1.62
1059 1.56
1060 1.52
1061 1.50
1062 1.73
1063 1.62
1064 1.55
1065 1.51
1066 1.48
1067 1.84
1068 1.67
1069 1.60
1070 1.55
1071 1.52
1072 1.76
1073 1.63
1074 1.56
1075 1.53
1076 1.50
1077 1.76
1078 1.63
1079 1.56
1080 1.53
1081 1.50
1082 1.75
1083 1.63
1084 1.56
1085 1.51
1086 1.49
1087 1.76
1088 1.63
1089 1.56
1090 1.52
1091 1.49
1092 1.76
1093 1.63
1094 1.55
1095 1.51
1096 1.48
1097 1.78
1098 1.63
1099 1.57
1100 1.52
1101 1.50
1102 1.73
1103 1.61
1104 1.56
1105 1.51
1106 1.49
1107 1.62
1108 1.51
1109 1.51
1110 1.57
1111 1.53
1112 1.54
1113 1.00
1114 1.01
1115 1.07
1116 1.01
1117 1.01
1118 1.01
1119 1.00
1120 1.59
1121 1.48
1122 1.27
1123 1.11
1124 1.07
1125 1.05
1126 1.00
1127 1.00
1128 1.59
1129 1.60
1130 1.60
1131 1.50
1132 1.37
1133 1.27
1134 1.00
1135 1.00
1136 1.00
1137 1.00
1138 1.00
1139 1.11
1140 1.00
1141 1.11
1142 1.10
1143 1.13
1144 1.13
1145 1.13
1146 1.14
1147 1.68
1148 1.56
1149 1.58
1150 1.60
1151 1.57
1152 1.55
1153 1.42
1154 1.41
1155 1.40
1156 1.40
1157 1.40
1158 1.40
1159 1.35
1160 1.37
1161 1.36
1162 1.36
1163 1.36
1164 1.36
1165 1.43
1166 1.39
1167 1.40
1168 1.39
1169 1.39
1170 1.40
1171 1.41
1172 1.42
1173 1.42
1174 1.41
1175 1.41
1176 1.40
1177 1.43
1178 1.41
1179 1.40
1180 1.40
1181 1.40
1182 1.40
1183 1.39
1184 1.38
1185 1.39
1186 1.39
1187 1.39
1188 1.39
1189 1.44
1190 1.41
1191 1.41
1192 1.40
1193 1.40
1194 1.40
1195 1.43
1196 1.40
1197 1.41
1198 1.40
1199 1.41
1200 1.40
1201 1.42
1202 1.40
1203 1.41
1204 1.40
1205 1.41
1206 1.40
1207 1.39
1208 1.39
1209 1.41
1210 1.40
1211 1.40
1212 1.40
1213 1.42
1214 1.42
1215 1.41
1216 1.41
1217 1.41
1218 1.40
1219 1.40
1220 1.42
1221 1.41
1222 1.41
1223 1.40
1224 1.40
1225 1.43
1226 1.41
1227 1.42
1228 1.41
1229 1.40
1230 1.40
1231 1.37
1232 1.38
1233 1.39
1234 1.40
1235 1.39
1236 1.39
1237 1.44
1238 1.42
1239 1.40
1240 1.41
1241 1.40
1242 1.41
1243 1.43
1244 1.41
1245 1.41
1246 1.41
1247 1.40
1248 1.40
1249 1.42
1250 1.38
1251 1.40
1252 1.40
1253 1.39
1254 1.40
1255 1.39
1256 1.39
1257 1.39
1258 1.40
1259 1.39
1260 1.40
1261 1.15
1262 1.16
1263 1.16
1264 1.15
1265 1.16
1266 1.16
1267 1.14
1268 1.16
1269 1.16
1270 1.16
1271 1.16
1272 1.16
1273 1.16
1274 1.16
1275 1.16
1276 1.16
1277 1.16
1278 1.16
1279 1.17
1280 1.15
1281 1.16
1282 1.15
1283 1.16
1284 1.16
1285 1.17
1286 1.17
1287 1.16
1288 1.16
1289 1.16
1290 1.16
1291 1.16
1292 1.16
1293 1.15
1294 1.16
1295 1.16
1296 1.16
1297 1.18
1298 1.16
1299 1.16
1300 1.16
1301 1.16
1302 1.16
1303 1.15
1304 1.16
1305 1.16
1306 1.16
1307 1.16
1308 1.16
1309 1.15
1310 1.16
1311 1.16
1312 1.15
1313 1.16
1314 1.15
1315 1.16
1316 1.16
1317 1.16
1318 1.16
1319 1.16
1320 1.16
1321 1.16
1322 1.16
1323 1.15
1324 1.16
1325 1.16
1326 1.16
1327 1.17
1328 1.16
1329 1.16
1330 1.16
1331 1.16
1332 1.16
1333 1.16
1334 1.16
1335 1.16
1336 1.16
1337 1.16
1338 1.16
1339 1.17
1340 1.16
1341 1.16
1342 1.16
1343 1.16
1344 1.16
1345 1.15
1346 1.16
1347 1.16
1348 1.16
1349 1.16
1350 1.16
1351 1.17
1352 1.16
1353 1.16
1354 1.16
1355 1.16
1356 1.16
1357 1.15
1358 1.16
1359 1.16
1360 1.16
1361 1.16
1362 1.16
1363 1.16
1364 1.16
1365 1.16
1366 1.16
1367 1.16
1368 1.16
1369 1.74
1370 1.61
1371 1.55
1372 1.51
1373 1.49
1374 1.81
1375 1.65
1376 1.59
1377 1.54
1378 1.51
1379 1.36
1380 1.36
1381 1.36
1382 1.36
1383 1.36
1384 1.36
1385 1.86
1386 1.69
1387 1.61
1388 1.56
1389 1.52
1390 1.74
1391 1.61
1392 1.55
1393 1.51
1394 1.49
1395 1.72
1396 1.60
1397 1.54
1398 1.50
1399 1.48
1400 1.74
1401 1.61
1402 1.55
1403 1.51
1404 1.49
1405 1.87
1406 1.70
1407 1.61
1408 1.56
1409 1.53
1410 1.86
1411 1.69
1412 1.61
1413 1.56
1414 1.53
1415 1.78
1416 1.64
1417 1.57
1418 1.53
1419 1.50
1420 1.81
1421 1.65
1422 1.58
1423 1.54
1424 1.51
1425 1.83
1426 1.67
1427 1.59
1428 1.54
1429 1.51
1430 1.41
1431 1.39
1432 1.39
1433 1.38
1434 1.37
1435 1.37
1436 1.74
1437 1.62
1438 1.55
1439 1.51
1440 1.49
1441 1.80
1442 1.65
1443 1.58
1444 1.54
1445 1.51
1446 1.74
1447 1.61
1448 1.55
1449 1.51
1450 1.49
1451 1.84
1452 1.68
1453 1.60
1454 1.55
1455 1.52
1456 1.89
1457 1.72
1458 1.62
1459 1.57
1460 1.54
1461 1.44
1462 1.42
1463 1.42
1464 1.42
1465 1.42
1466 1.42
1467 1.41
1468 1.42
1469 1.42
1470 1.42
1471 1.42
1472 1.42
1473 1.42
1474 1.02
1475 1.16
1476 1.02
1477 1.02
1478 1.40
1479 1.42
1480 1.42
1481 1.41
1482 1.41
1483 1.41
1484 1.42
1485 1.42
1486 1.41
1487 1.41
1488 1.41
1489 1.41
1490 1.44
1491 1.44
1492 1.43
1493 1.42
1494 1.42
1495 1.42
1496 1.39
1497 1.41
1498 1.41
1499 1.41
1500 1.40
1501 1.40
1502 1.44
1503 1.43
1504 1.42
1505 1.42
1506 1.41
1507 1.41
1508 1.41
1509 1.41
1510 1.42
1511 1.42
1512 1.42
1513 1.42
1514 1.40
1515 1.41
1516 1.41
1517 1.41
1518 1.41
1519 1.41
1520 1.42
1521 1.41
1522 1.41
1523 1.42
1524 1.41
1525 1.41
1526 1.41
1527 1.42
1528 1.41
1529 1.41
1530 1.41
1531 1.41
1532 1.41
1533 1.42
1534 1.42
1535 1.41
1536 1.42
1537 1.41
1538 1.44
1539 1.44
1540 1.43
1541 1.43
1542 1.42
1543 1.42
1544 1.39
1545 1.41
1546 1.08
1547 1.12
1548 1.00
1549 1.43
1550 1.39
1551 1.41
1552 1.41
1553 1.40
1554 1.40
1555 1.42
1556 1.39
1557 1.41
1558 1.40
1559 1.40
1560 1.40
1561 1.45
1562 1.41
1563 1.40
1564 1.41
1565 1.40
1566 1.40
1567 1.42
1568 1.42
1569 1.41
1570 1.41
1571 1.40
1572 1.40
1573 1.44
1574 1.42
1575 1.41
1576 1.40
1577 1.40
1578 1.40
1579 1.39
1580 1.40
1581 1.39
1582 1.40
1583 1.39
1584 1.39
1585 1.43
1586 1.41
1587 1.41
1588 1.40
1589 1.40
1590 1.40
1591 1.42
1592 1.40
1593 1.40
1594 1.40
1595 1.40
1596 1.40
1597 1.44
1598 1.42
1599 1.41
1600 1.40
1601 1.40
1602 1.40
1603 1.42
1604 1.40
1605 1.40
1606 1.39
1607 1.39
1608 1.40
1609 1.42
1610 1.40
1611 1.40
1612 1.39
1613 1.40
1614 1.40
1615 1.44
1616 1.42
1617 1.41
1618 1.40
1619 1.40
1620 1.40
1621 1.43
1622 1.42
1623 1.41
1624 1.41
1625 1.40
1626 1.40
1627 1.48
1628 1.43
1629 1.42
1630 1.41
1631 1.41
1632 1.41
1633 1.41
1634 1.40
1635 1.40
1636 1.40
1637 1.40
1638 1.39
1639 1.44
1640 1.41
1641 1.40
1642 1.40
1643 1.40
1644 1.40
1645 1.43
1646 1.40
1647 1.41
1648 1.40
1649 1.40
1650 1.40
1651 1.41
1652 1.40
1653 1.40
1654 1.40
1655 1.40
1656 1.39
1657 1.40
1658 1.42
1659 1.40
1660 1.41
1661 1.41
1662 1.42
1663 1.42
1664 1.41
1665 1.42
1666 1.42
1667 1.41
1668 1.42
1669 1.42
1670 1.43
1671 1.42
1672 1.41
1673 1.41
1674 1.41
1675 1.43
1676 1.42
1677 1.42
1678 1.42
1679 1.43
1680 1.42
1681 1.41
1682 1.42
1683 1.41
1684 1.42
1685 1.42
1686 1.42
1687 1.42
1688 1.41
1689 1.43
1690 1.42
1691 1.42
1692 1.42
1693 1.39
1694 1.42
1695 1.41
1696 1.41
1697 1.42
1698 1.41
1699 1.42
1700 1.42
1701 1.42
1702 1.42
1703 1.42
1704 1.41
1705 1.42
1706 1.40
1707 1.42
1708 1.41
1709 1.42
1710 1.41
1711 1.44
1712 1.43
1713 1.42
1714 1.43
1715 1.42
1716 1.42
1717 1.42
1718 1.42
1719 1.42
1720 1.41
1721 1.42
1722 1.42
1723 1.41
1724 1.41
1725 1.41
1726 1.41
1727 1.41
1728 1.41
1729 1.42
1730 1.42
1731 1.42
1732 1.42
1733 1.42
1734 1.42
1735 1.42
1736 1.42
1737 1.42
1738 1.42
1739 1.42
1740 1.42
1741 1.41
1742 1.41
1743 1.41
1744 1.41
1745 1.42
1746 1.42
1747 1.43
1748 1.42
1749 1.42
1750 1.41
1751 1.42
1752 1.42
1753 1.42
1754 1.42
1755 1.42
1756 1.42
1757 1.42
1758 1.42
1759 1.42
1760 1.41
1761 1.41
1762 1.41
1763 1.42
1764 1.42
1765 1.39
1766 1.39
1767 1.39
1768 1.40
1769 1.40
1770 1.40
1771 1.42
1772 1.42
1773 1.41
1774 1.41
1775 1.41
1776 1.41
1777 1.42
1778 1.42
1779 1.42
1780 1.42
1781 1.41
1782 1.42
1783 1.41
1784 1.42
1785 1.42
1786 1.42
1787 1.41
1788 1.41
1789 1.42
1790 1.41
1791 1.40
1792 1.40
1793 1.40
1794 1.40
1795 1.42
1796 1.42
1797 1.42
1798 1.42
1799 1.42
1800 1.42
1801 1.41
1802 1.42
1803 1.42
1804 1.42
1805 1.42
1806 1.41
1807 1.42
1808 1.42
1809 1.42
1810 1.42
1811 1.42
1812 1.42
1813 1.40
1814 1.41
1815 1.41
1816 1.41
1817 1.42
1818 1.41
1819 1.41
1820 1.40
1821 1.40
1822 1.40
1823 1.40
1824 1.40
1825 1.43
1826 1.42
1827 1.42
1828 1.41
1829 1.41
1830 1.41
1831 1.41
1832 1.41
1833 1.41
1834 1.42
1835 1.42
1836 1.41
1837 1.40
1838 1.41
1839 1.41
1840 1.41
1841 1.41
1842 1.41
1843 1.40
1844 1.41
1845 1.41
1846 1.41
1847 1.41
1848 1.41
1849 1.42
1850 1.42
1851 1.42
1852 1.41
1853 1.42
1854 1.42
1855 1.40
1856 1.41
1857 1.41
1858 1.41
1859 1.41
1860 1.41
1861 1.43
1862 1.42
1863 1.42
1864 1.41
1865 1.42
1866 1.41
1867 1.42
1868 1.41
1869 1.42
1870 1.42
1871 1.42
1872 1.42
1873 1.40
1874 1.40
1875 1.41
1876 1.41
1877 1.41
1878 1.41
1879 1.42
1880 1.42
1881 1.41
1882 1.41
1883 1.42
1884 1.41
1885 1.42
1886 1.42
1887 1.42
1888 1.42
1889 1.42
1890 1.42
1891 1.42
1892 1.41
1893 1.41
1894 1.41
1895 1.41
1896 1.41
1897 1.42
1898 1.41
1899 1.41
1900 1.42
1901 1.42
1902 1.41
1903 1.43
1904 1.42
1905 1.42
1906 1.41
1907 1.41
1908 1.42
1909 1.42
1910 1.41
1911 1.42
1912 1.41
1913 1.41
1914 1.41
1915 1.43
1916 1.42
1917 1.42
1918 1.42
1919 1.42
1920 1.42
1921 1.42
1922 1.42
1923 1.41
1924 1.41
1925 1.41
1926 1.41
1927 1.41
1928 1.42
1929 1.41
1930 1.42
1931 1.42
1932 1.41
1933 1.40
1934 1.41
1935 1.41
1936 1.41
1937 1.41
1938 1.41
1939 1.75
1940 1.98
1941 1.41
1942 1.41
1943 1.41
1944 1.41
1945 1.42
1946 1.42
1947 1.42
1948 1.42
1949 1.42
1950 1.41
1951 1.42
1952 1.42
1953 1.43
1954 1.41
1955 1.42
1956 1.42
1957 1.42
1958 1.42
1959 1.43
1960 1.41
1961 1.42
1962 1.42
1963 1.42
1964 1.42
1965 1.42
1966 1.41
1967 1.41
1968 1.41
1969 1.41
1970 1.41
1971 1.41
1972 1.41
1973 1.41
1974 1.41
1975 1.42
1976 1.42
1977 1.42
1978 1.43
1979 1.42
1980 1.42
1981 1.42
1982 1.41
1983 1.41
1984 1.41
1985 1.41
1986 1.41
1987 1.41
1988 1.41
1989 1.42
1990 1.42
1991 1.42
1992 1.42
1993 1.42
1994 1.42
1995 1.42
1996 1.42
1997 1.42
1998 1.42
1999 1.42
