0 1.38
1 1.38
2 1.38
3 1.38
4 1.38
5 1.38
6 1.39
7 1.39
8 1.39
9 1.39
10 1.39
11 1.39
12 1.39
13 1.39
14 1.39
15 1.39
16 1.39
17 1.39
18 1.39
19 1.39
20 1.39
21 1.39
22 1.39
23 1.39
24 1.39
25 1.39
26 1.39
27 1.39
28 1.39
29 1.40
30 1.39
31 1.39
32 1.39
33 1.39
34 1.39
35 1.39
36 1.39
37 1.39
38 1.39
39 1.39
40 1.39
41 1.39
42 1.39
43 1.39
44 1.39
45 1.39
46 1.39
47 1.38
48 1.38
49 1.38
50 1.38
51 1.38
52 1.38
53 1.44
54 1.43
55 1.40
56 1.42
57 1.43
58 1.42
59 1.43
60 1.43
61 1.42
62 1.42
63 1.42
64 1.42
65 1.44
66 1.43
67 1.42
68 1.42
69 1.42
70 1.43
71 1.43
72 1.42
73 1.42
74 1.42
75 1.42
76 1.42
77 1.45
78 1.43
79 1.43
80 1.43
81 1.43
82 1.42
83 1.41
84 1.41
85 1.42
86 1.41
87 1.42
88 1.42
89 1.42
90 1.41
91 1.42
92 1.42
93 1.42
94 1.42
95 1.41
96 1.41
97 1.41
98 1.42
99 1.42
100 1.42
101 1.43
102 1.43
103 1.43
104 1.43
105 1.43
106 1.43
107 1.42
108 1.44
109 1.43
110 1.43
111 1.42
112 1.42
113 1.42
114 1.42
115 1.42
116 1.42
117 1.42
118 1.42
119 1.47
120 1.43
121 1.43
122 1.43
123 1.42
124 1.43
125 1.42
126 1.43
127 1.42
128 1.42
129 1.43
130 1.42
131 1.43
132 1.41
133 1.42
134 1.42
135 1.42
136 1.42
137 1.40
138 1.40
139 1.42
140 1.41
141 1.42
142 1.42
143 1.41
144 1.42
145 1.42
146 1.42
147 1.41
148 1.42
149 1.41
150 1.42
151 1.42
152 1.42
153 1.42
154 1.42
155 1.42
156 1.43
157 1.42
158 1.42
159 1.42
160 1.42
161 1.45
162 1.42
163 1.42
164 1.42
165 1.42
166 1.42
167 1.40
168 1.41
169 1.41
170 1.41
171 1.42
172 1.41
173 1.41
174 1.41
175 1.41
176 1.42
177 1.41
178 1.41
179 1.42
180 1.42
181 1.41
182 1.42
183 1.42
184 1.41
185 1.42
186 1.42
187 1.41
188 1.42
189 1.42
190 1.42
191 1.39
192 1.41
193 1.41
194 1.41
195 1.42
196 1.42
197 1.41
198 1.42
199 1.42
200 1.42
201 1.42
202 1.42
203 1.42
204 1.42
205 1.41
206 1.41
207 1.42
208 1.41
209 1.41
210 1.41
211 1.42
212 1.42
213 1.42
214 1.42
215 1.41
216 1.39
217 1.41
218 1.42
219 1.42
220 1.42
221 1.43
222 1.42
223 1.42
224 1.42
225 1.42
226 1.42
227 1.40
228 1.39
229 1.39
230 1.39
231 1.39
232 1.39
233 1.39
234 1.39
235 1.39
236 1.39
237 1.39
238 1.39
239 1.39
240 1.39
241 1.39
242 1.39
243 1.39
244 1.39
245 1.39
246 1.39
247 1.39
248 1.39
249 1.39
250 1.39
251 1.39
252 1.39
253 1.39
254 1.39
255 1.39
256 1.39
257 1.39
258 1.39
259 1.39
260 1.39
261 1.39
262 1.39
263 1.40
264 1.39
265 1.39
266 1.39
267 1.39
268 1.39
269 1.39
270 1.39
271 1.39
272 1.39
273 1.39
274 1.39
275 1.40
276 1.39
277 1.39
278 1.39
279 1.39
280 1.39
281 1.39
282 1.39
283 1.39
284 1.39
285 1.39
286 1.39
287 1.39
288 1.39
289 1.39
290 1.39
291 1.39
292 1.39
293 1.39
294 1.39
295 1.39
296 1.39
297 1.39
298 1.39
299 1.39
300 1.40
301 1.39
302 1.39
303 1.39
304 1.39
305 1.40
306 1.39
307 1.39
308 1.39
309 1.39
310 1.39
311 1.40
312 1.40
313 1.39
314 1.39
315 1.39
316 1.39
317 1.39
318 1.39
319 1.39
320 1.39
321 1.39
322 1.39
323 1.40
324 1.39
325 1.39
326 1.39
327 1.39
328 1.39
329 1.39
330 1.39
331 1.39
332 1.39
333 1.39
334 1.39
335 1.45
336 1.40
337 1.39
338 1.42
339 1.41
340 1.41
341 1.34
342 1.36
343 1.35
344 1.38
345 1.39
346 1.40
347 1.05
348 1.26
349 1.30
350 1.32
351 1.33
352 1.14
353 1.24
354 1.33
355 1.36
356 1.36
357 1.37
358 1.50
359 1.47
360 1.46
361 1.45
362 1.44
363 1.44
364 1.45
365 1.40
366 1.42
367 1.42
368 1.41
369 1.41
370 1.32
371 1.35
372 1.38
373 1.37
374 1.39
375 1.39
376 1.02
377 1.01
378 1.24
379 1.28
380 1.32
381 1.34
382 1.34
383 1.27
384 1.32
385 1.36
386 1.35
387 1.37
388 1.40
389 1.42
390 1.42
391 1.41
392 1.41
393 1.41
394 1.48
395 1.48
396 1.44
397 1.44
398 1.44
399 1.42
400 1.27
401 1.20
402 1.26
403 1.31
404 1.32
405 1.34
406 1.35
407 1.44
408 1.40
409 1.43
410 1.41
411 1.42
412 1.33
413 1.36
414 1.39
415 1.41
416 1.40
417 1.40
418 1.37
419 1.41
420 1.41
421 1.41
422 1.42
423 1.42
424 1.20
425 1.31
426 1.34
427 1.36
428 1.37
429 1.37
430 1.54
431 1.49
432 1.45
433 1.47
434 1.45
435 1.44
436 1.42
437 1.41
438 1.41
439 1.41
440 1.41
441 1.42
442 1.41
443 1.41
444 1.42
445 1.42
446 1.42
447 1.42
448 1.42
449 1.42
450 1.42
451 1.41
452 1.41
453 1.42
454 1.41
455 1.41
456 1.41
457 1.41
458 1.41
459 1.41
460 1.42
461 1.42
462 1.41
463 1.41
464 1.41
465 1.41
466 1.41
467 1.42
468 1.42
469 1.41
470 1.41
471 1.41
472 1.42
473 1.42
474 1.42
475 1.42
476 1.42
477 1.42
478 1.44
479 1.42
480 1.42
481 1.42
482 1.42
483 1.42
484 1.42
485 1.42
486 1.42
487 1.42
488 1.42
489 1.42
490 1.42
491 1.42
492 1.41
493 1.42
494 1.41
495 1.42
496 1.41
497 1.42
498 1.42
499 1.42
500 1.41
501 1.41
502 1.40
503 1.41
504 1.41
505 1.41
506 1.41
507 1.41
508 1.42
509 1.41
510 1.42
511 1.41
512 1.41
513 1.42
514 1.42
515 1.41
516 1.41
517 1.41
518 1.41
519 1.41
520 1.42
521 1.42
522 1.42
523 1.41
524 1.41
525 1.42
526 1.41
527 1.41
528 1.42
529 1.41
530 1.41
531 1.42
532 1.42
533 1.41
534 1.41
535 1.41
536 1.42
537 1.42
538 1.43
539 1.42
540 1.42
541 1.42
542 1.42
543 1.42
544 1.42
545 1.42
546 1.42
547 1.42
548 1.42
549 1.42
550 1.41
551 1.43
552 1.43
553 1.42
554 1.42
555 1.42
556 1.46
557 1.44
558 1.43
559 1.43
560 1.43
561 1.42
562 1.44
563 1.41
564 1.42
565 1.42
566 1.42
567 1.42
568 1.41
569 1.41
570 1.42
571 1.42
572 1.41
573 1.42
574 1.41
575 1.42
576 1.42
577 1.42
578 1.42
579 1.42
580 1.45
581 1.43
582 1.41
583 1.42
584 1.42
585 1.42
586 1.43
587 1.42
588 1.42
589 1.42
590 1.42
591 1.42
592 1.43
593 1.42
594 1.42
595 1.42
596 1.42
597 1.42
598 1.44
599 1.43
600 1.43
601 1.42
602 1.42
603 1.42
604 1.44
605 1.44
606 1.42
607 1.42
608 1.43
609 1.42
610 1.42
611 1.43
612 1.43
613 1.42
614 1.42
615 1.42
616 1.45
617 1.44
618 1.43
619 1.42
620 1.43
621 1.43
622 1.43
623 1.42
624 1.42
625 1.42
626 1.42
627 1.42
628 1.47
629 1.44
630 1.43
631 1.43
632 1.42
633 1.43
634 1.42
635 1.43
636 1.43
637 1.42
638 1.42
639 1.43
640 1.41
641 1.42
642 1.41
643 1.42
644 1.42
645 1.42
646 1.42
647 1.42
648 1.42
649 1.42
650 1.42
651 1.42
652 1.24
653 1.24
654 1.23
655 1.23
656 1.23
657 1.23
658 1.24
659 1.24
660 1.24
661 1.24
662 1.24
663 1.24
664 1.22
665 1.22
666 1.21
667 1.24
668 1.19
669 1.22
670 1.24
671 1.24
672 1.24
673 1.24
674 1.24
675 1.24
676 1.25
677 1.24
678 1.25
679 1.24
680 1.24
681 1.24
682 1.24
683 1.25
684 1.24
685 1.24
686 1.24
687 1.24
688 1.25
689 1.24
690 1.24
691 1.24
692 1.24
693 1.24
694 1.26
695 1.25
696 1.24
697 1.24
698 1.25
699 1.24
700 1.24
701 1.24
702 1.24
703 1.24
704 1.24
705 1.24
706 1.24
707 1.23
708 1.24
709 1.24
710 1.24
711 1.24
712 1.24
713 1.24
714 1.25
715 1.24
716 1.24
717 1.24
718 1.24
719 1.24
720 1.24
721 1.24
722 1.24
723 1.24
724 1.24
725 1.24
726 1.24
727 1.22
728 1.22
729 1.22
730 1.26
731 1.25
732 1.24
733 1.25
734 1.25
735 1.25
736 1.24
737 1.21
738 1.22
739 1.22
740 1.22
741 1.23
742 1.25
743 1.24
744 1.24
745 1.24
746 1.24
747 1.24
748 1.24
749 1.24
750 1.24
751 1.24
752 1.24
753 1.24
754 1.41
755 1.28
756 1.29
757 1.24
758 1.27
759 1.25
760 1.41
761 1.42
762 1.41
763 1.41
764 1.41
765 1.41
766 1.41
767 1.41
768 1.41
769 1.41
770 1.41
771 1.41
772 1.41
773 1.41
774 1.41
775 1.41
776 1.41
777 1.41
778 1.42
779 1.41
780 1.41
781 1.41
782 1.41
783 1.41
784 1.42
785 1.41
786 1.41
787 1.41
788 1.41
789 1.41
790 1.41
791 1.41
792 1.41
793 1.41
794 1.41
795 1.41
796 1.41
797 1.41
798 1.41
799 1.41
800 1.41
801 1.41
802 1.41
803 1.41
804 1.41
805 1.41
806 1.41
807 1.41
808 1.40
809 1.41
810 1.41
811 1.41
812 1.41
813 1.41
814 1.41
815 1.41
816 1.41
817 1.41
818 1.41
819 1.41
820 1.41
821 1.41
822 1.41
823 1.41
824 1.41
825 1.41
826 1.42
827 1.41
828 1.41
829 1.41
830 1.41
831 1.41
832 1.40
833 1.41
834 1.41
835 1.41
836 1.41
837 1.41
838 1.41
839 1.41
840 1.41
841 1.41
842 1.41
843 1.41
844 1.41
845 1.41
846 1.41
847 1.41
848 1.41
849 1.41
850 1.42
851 1.41
852 1.41
853 1.41
854 1.41
855 1.41
856 1.42
857 1.41
858 1.41
859 1.41
860 1.41
861 1.41
862 1.41
863 1.41
864 1.41
865 1.41
866 1.41
867 1.41
868 1.41
869 1.40
870 1.40
871 1.39
872 1.40
873 1.39
874 1.43
875 1.40
876 1.40
877 1.40
878 1.40
879 1.40
880 1.43
881 1.41
882 1.41
883 1.41
884 1.40
885 1.40
886 1.42
887 1.41
888 1.40
889 1.40
890 1.40
891 1.40
892 1.45
893 1.41
894 1.40
895 1.39
896 1.39
897 1.39
898 1.38
899 1.40
900 1.39
901 1.39
902 1.39
903 1.39
904 1.41
905 1.40
906 1.39
907 1.40
908 1.39
909 1.39
910 1.44
911 1.42
912 1.41
913 1.41
914 1.41
915 1.41
916 1.44
917 1.41
918 1.41
919 1.41
920 1.40
921 1.40
922 1.41
923 1.39
924 1.39
925 1.40
926 1.40
927 1.40
928 1.44
929 1.43
930 1.41
931 1.41
932 1.41
933 1.41
934 1.42
935 1.40
936 1.40
937 1.40
938 1.40
939 1.40
940 1.44
941 1.41
942 1.41
943 1.40
944 1.40
945 1.40
946 1.44
947 1.41
948 1.42
949 1.41
950 1.40
951 1.40
952 1.43
953 1.40
954 1.40
955 1.40
956 1.40
957 1.40
958 1.40
959 1.40
960 1.40
961 1.39
962 1.40
963 1.39
964 1.43
965 1.40
966 1.41
967 1.40
968 1.40
969 1.40
970 1.43
971 1.42
972 1.39
973 1.41
974 1.40
975 1.40
976 1.38
977 1.39
978 1.39
979 1.40
980 1.40
981 1.40
982 1.41
983 1.41
984 1.41
985 1.41
986 1.41
987 1.41
988 1.41
989 1.42
990 1.42
991 1.41
992 1.42
993 1.42
994 1.42
995 1.42
996 1.41
997 1.42
998 1.42
999 1.42
1000 1.41
1001 1.41
1002 1.41
1003 1.41
1004 1.41
1005 1.41
1006 1.41
1007 1.41
1008 1.41
1009 1.41
1010 1.41
1011 1.41
1012 1.40
1013 1.41
1014 1.41
1015 1.41
1016 1.41
1017 1.41
1018 1.41
1019 1.41
1020 1.41
1021 1.41
1022 1.42
1023 1.42
1024 1.41
1025 1.42
1026 1.42
1027 1.42
1028 1.42
1029 1.42
1030 1.42
1031 1.42
1032 1.42
1033 1.42
1034 1.42
1035 1.42
1036 1.42
1037 1.42
1038 1.42
1039 1.42
1040 1.42
1041 1.42
1042 1.42
1043 1.42
1044 1.42
1045 1.42
1046 1.42
1047 1.42
1048 1.41
1049 1.39
1050 1.40
1051 1.40
1052 1.40
1053 1.40
1054 1.42
1055 1.42
1056 1.42
1057 1.42
1058 1.42
1059 1.42
1060 1.42
1061 1.40
1062 1.40
1063 1.41
1064 1.41
1065 1.41
1066 1.42
1067 1.42
1068 1.42
1069 1.42
1070 1.42
1071 1.42
1072 1.42
1073 1.42
1074 1.42
1075 1.41
1076 1.42
1077 1.42
1078 1.43
1079 1.42
1080 1.42
1081 1.42
1082 1.42
1083 1.42
1084 1.41
1085 1.40
1086 1.41
1087 1.41
1088 1.41
1089 1.41
1090 1.41
1091 1.41
1092 1.42
1093 1.41
1094 1.42
1095 1.41
1096 1.40
1097 1.41
1098 1.42
1099 1.42
1100 1.42
1101 1.42
1102 1.39
1103 1.40
1104 1.40
1105 1.40
1106 1.40
1107 1.40
1108 1.41
1109 1.41
1110 1.41
1111 1.41
1112 1.42
1113 1.41
1114 1.42
1115 1.42
1116 1.41
1117 1.42
1118 1.42
1119 1.42
1120 1.42
1121 1.42
1122 1.41
1123 1.42
1124 1.42
1125 1.42
1126 1.43
1127 1.41
1128 1.42
1129 1.41
1130 1.41
1131 1.41
1132 1.42
1133 1.44
1134 1.43
1135 1.42
1136 1.42
1137 1.42
1138 1.43
1139 1.43
1140 1.42
1141 1.42
1142 1.42
1143 1.42
1144 1.42
1145 1.43
1146 1.43
1147 1.43
1148 1.42
1149 1.42
1150 1.46
1151 1.45
1152 1.43
1153 1.42
1154 1.42
1155 1.43
1156 1.40
1157 1.41
1158 1.42
1159 1.42
1160 1.42
1161 1.42
1162 1.42
1163 1.41
1164 1.41
1165 1.42
1166 1.41
1167 1.42
1168 1.43
1169 1.43
1170 1.43
1171 1.42
1172 1.42
1173 1.41
1174 1.08
1175 1.19
1176 1.24
1177 1.27
1178 1.25
1179 1.42
1180 1.44
1181 1.43
1182 1.43
1183 1.43
1184 1.43
1185 1.09
1186 1.08
1187 1.10
1188 1.08
1189 1.00
1190 1.06
1191 1.00
1192 1.00
1193 1.00
1194 1.00
1195 1.00
1196 1.13
1197 1.07
1198 1.03
1199 1.03
1200 1.00
1201 1.15
1202 1.11
1203 1.05
1204 1.01
1205 1.01
1206 1.02
1207 1.07
1208 1.03
1209 1.08
1210 1.05
1211 1.00
1212 1.17
1213 1.08
1214 1.02
1215 1.45
1216 1.47
1217 1.42
1218 1.36
1219 1.35
1220 1.35
1221 1.37
1222 1.52
1223 1.45
1224 1.44
1225 1.38
1226 1.35
1227 1.36
1228 1.53
1229 1.44
1230 1.40
1231 1.37
1232 1.37
1233 1.55
1234 1.54
1235 1.45
1236 1.39
1237 1.38
1238 1.36
1239 1.54
1240 1.55
1241 1.42
1242 1.38
1243 1.38
1244 1.36
1245 1.37
1246 1.49
1247 1.48
1248 1.41
1249 1.40
1250 1.36
1251 1.37
1252 1.55
1253 1.43
1254 1.41
1255 1.38
1256 1.32
1257 1.49
1258 1.53
1259 1.46
1260 1.40
1261 1.37
1262 1.34
1263 1.58
1264 1.53
1265 1.34
1266 1.42
1267 1.38
1268 1.31
1269 1.39
1270 1.55
1271 1.45
1272 1.40
1273 1.37
1274 1.32
1275 1.37
1276 1.52
1277 1.46
1278 1.41
1279 1.38
1280 1.36
1281 1.53
1282 1.55
1283 1.35
1284 1.40
1285 1.36
1286 1.36
1287 1.48
1288 1.54
1289 1.42
1290 1.38
1291 1.38
1292 1.32
1293 1.37
1294 1.49
1295 1.47
1296 1.40
1297 1.38
1298 1.36
1299 1.36
1300 1.52
1301 1.46
1302 1.39
1303 1.39
1304 1.37
1305 1.35
1306 1.46
1307 1.47
1308 1.39
1309 1.38
1310 1.36
1311 1.53
1312 1.50
1313 1.41
1314 1.41
1315 1.37
1316 1.36
1317 1.37
1318 1.56
1319 1.46
1320 1.41
1321 1.39
1322 1.34
1323 1.03
1324 1.21
1325 1.46
1326 1.71
1327 1.10
1328 1.18
1329 1.77
1330 1.61
1331 1.26
1332 1.19
1333 1.45
1334 1.38
1335 1.40
1336 1.40
1337 1.40
1338 1.40
1339 1.40
1340 1.39
1341 1.39
1342 1.39
1343 1.39
1344 1.39
1345 1.39
1346 1.34
1347 1.36
1348 1.33
1349 1.33
1350 1.34
1351 1.34
1352 1.39
1353 1.38
1354 1.40
1355 1.39
1356 1.40
1357 1.40
1358 1.39
1359 1.39
1360 1.39
1361 1.40
1362 1.39
1363 1.39
1364 1.40
1365 1.40
1366 1.38
1367 1.38
1368 1.39
1369 1.38
1370 1.01
1371 1.15
1372 1.18
1373 1.18
1374 1.20
1375 1.41
1376 1.40
1377 1.40
1378 1.40
1379 1.40
1380 1.40
1381 1.44
1382 1.42
1383 1.42
1384 1.41
1385 1.41
1386 1.40
1387 1.34
1388 1.37
1389 1.39
1390 1.38
1391 1.39
1392 1.39
1393 1.34
1394 1.39
1395 1.39
1396 1.39
1397 1.39
1398 1.39
1399 1.35
1400 1.38
1401 1.39
1402 1.39
1403 1.39
1404 1.39
1405 1.41
1406 1.41
1407 1.40
1408 1.40
1409 1.40
1410 1.40
1411 1.42
1412 1.41
1413 1.39
1414 1.41
1415 1.40
1416 1.40
1417 1.37
1418 1.39
1419 1.40
1420 1.40
1421 1.40
1422 1.40
1423 1.37
1424 1.39
1425 1.40
1426 1.37
1427 1.38
1428 1.38
1429 1.40
1430 1.40
1431 1.40
1432 1.40
1433 1.40
1434 1.40
1435 1.39
1436 1.40
1437 1.40
1438 1.40
1439 1.40
1440 1.39
1441 1.41
1442 1.41
1443 1.41
1444 1.41
1445 1.41
1446 1.41
1447 1.41
1448 1.41
1449 1.41
1450 1.41
1451 1.41
1452 1.41
1453 1.41
1454 1.41
1455 1.41
1456 1.41
1457 1.41
1458 1.41
1459 1.42
1460 1.42
1461 1.41
1462 1.41
1463 1.41
1464 1.41
1465 1.41
1466 1.42
1467 1.41
1468 1.41
1469 1.41
1470 1.41
1471 1.42
1472 1.42
1473 1.41
1474 1.41
1475 1.41
1476 1.41
1477 1.41
1478 1.41
1479 1.41
1480 1.41
1481 1.41
1482 1.41
1483 1.41
1484 1.41
1485 1.41
1486 1.41
1487 1.41
1488 1.41
1489 1.41
1490 1.41
1491 1.41
1492 1.41
1493 1.41
1494 1.41
1495 1.41
1496 1.41
1497 1.41
1498 1.41
1499 1.41
1500 1.41
1501 1.41
1502 1.41
1503 1.41
1504 1.41
1505 1.41
1506 1.41
1507 1.41
1508 1.41
1509 1.41
1510 1.41
1511 1.41
1512 1.41
1513 1.41
1514 1.41
1515 1.41
1516 1.41
1517 1.41
1518 1.41
1519 1.41
1520 1.42
1521 1.41
1522 1.41
1523 1.41
1524 1.41
1525 1.13
1526 1.14
1527 1.14
1528 1.14
1529 1.14
1530 1.14
1531 1.14
1532 1.15
1533 1.14
1534 1.14
1535 1.14
1536 1.14
1537 1.14
1538 1.15
1539 1.15
1540 1.14
1541 1.14
1542 1.14
1543 1.42
1544 1.41
1545 1.41
1546 1.41
1547 1.41
1548 1.41
1549 1.42
1550 1.43
1551 1.41
1552 1.41
1553 1.41
1554 1.41
1555 1.39
1556 1.40
1557 1.41
1558 1.40
1559 1.41
1560 1.41
1561 1.42
1562 1.41
1563 1.42
1564 1.41
1565 1.41
1566 1.41
1567 1.41
1568 1.41
1569 1.40
1570 1.40
1571 1.41
1572 1.41
1573 1.40
1574 1.42
1575 1.41
1576 1.41
1577 1.41
1578 1.41
1579 1.43
1580 1.43
1581 1.42
1582 1.41
1583 1.41
1584 1.41
1585 1.42
1586 1.40
1587 1.40
1588 1.41
1589 1.41
1590 1.41
1591 1.39
1592 1.40
1593 1.39
1594 1.40
1595 1.40
1596 1.39
1597 1.86
1598 1.98
1599 1.82
1600 1.83
1601 1.59
1602 1.80
1603 1.89
1604 1.40
1605 1.43
1606 1.42
1607 1.42
1608 1.42
1609 1.42
1610 1.11
1611 1.20
1612 1.23
1613 1.22
1614 1.24
1615 1.24
1616 1.27
1617 1.30
1618 1.29
1619 1.28
1620 1.29
1621 1.29
1622 1.39
1623 1.42
1624 1.41
1625 1.40
1626 1.41
1627 1.41
1628 1.30
1629 1.33
1630 1.32
1631 1.32
1632 1.33
1633 1.33
1634 1.23
1635 1.21
1636 1.21
1637 1.22
1638 1.23
1639 1.24
1640 1.39
1641 1.39
1642 1.40
1643 1.41
1644 1.41
1645 1.41
1646 1.42
1647 1.41
1648 1.40
1649 1.41
1650 1.34
1651 1.35
1652 1.41
1653 1.42
1654 1.41
1655 1.41
1656 1.42
1657 1.42
1658 1.41
1659 1.42
1660 1.42
1661 1.42
1662 1.41
1663 1.41
1664 1.42
1665 1.42
1666 1.42
1667 1.41
1668 1.41
1669 1.41
1670 1.45
1671 1.43
1672 1.42
1673 1.42
1674 1.42
1675 1.42
1676 1.40
1677 1.41
1678 1.42
1679 1.42
1680 1.42
1681 1.41
1682 1.41
1683 1.45
1684 1.43
1685 1.43
1686 1.42
1687 1.43
1688 1.41
1689 1.41
1690 1.42
1691 1.42
1692 1.42
1693 1.42
1694 1.42
1695 1.42
1696 1.41
1697 1.42
1698 1.42
1699 1.43
1700 1.39
1701 1.41
1702 1.41
1703 1.41
1704 1.41
1705 1.41
1706 1.42
1707 1.41
1708 1.42
1709 1.41
1710 1.41
1711 1.42
1712 1.42
1713 1.42
1714 1.42
1715 1.41
1716 1.41
1717 1.41
1718 1.43
1719 1.42
1720 1.42
1721 1.42
1722 1.42
1723 1.41
1724 1.42
1725 1.41
1726 1.41
1727 1.41
1728 1.42
1729 1.41
1730 1.41
1731 1.41
1732 1.40
1733 1.41
1734 1.41
1735 1.41
1736 1.38
1737 1.39
1738 1.40
1739 1.41
1740 1.41
1741 1.41
1742 1.43
1743 1.42
1744 1.41
1745 1.41
1746 1.42
1747 1.41
1748 1.39
1749 1.38
1750 1.38
1751 1.39
1752 1.39
1753 1.39
1754 1.42
1755 1.41
1756 1.41
1757 1.41
1758 1.42
1759 1.41
1760 1.39
1761 1.40
1762 1.41
1763 1.41
1764 1.41
1765 1.41
1766 1.44
1767 1.43
1768 1.41
1769 1.41
1770 1.41
1771 1.41
1772 1.39
1773 1.41
1774 1.41
1775 1.41
1776 1.41
1777 1.41
1778 1.40
1779 1.42
1780 1.41
1781 1.41
1782 1.41
1783 1.41
1784 1.40
1785 1.41
1786 1.41
1787 1.41
1788 1.41
1789 1.41
1790 1.40
1791 1.41
1792 1.41
1793 1.41
1794 1.41
1795 1.41
1796 1.42
1797 1.42
1798 1.41
1799 1.42
1800 1.42
1801 1.42
1802 1.38
1803 1.41
1804 1.41
1805 1.41
1806 1.41
1807 1.41
1808 1.00
1809 1.01
1810 1.00
1811 1.10
1812 1.03
1813 1.06
1814 1.07
1815 1.07
1816 1.04
1817 1.03
1818 1.03
1819 1.99
1820 1.99
1821 1.03
1822 1.39
1823 1.41
1824 1.40
1825 1.41
1826 1.41
1827 1.41
1828 1.41
1829 1.42
1830 1.41
1831 1.41
1832 1.41
1833 1.41
1834 1.36
1835 1.34
1836 1.33
1837 1.34
1838 1.32
1839 1.32
1840 1.40
1841 1.41
1842 1.41
1843 1.41
1844 1.41
1845 1.41
1846 1.41
1847 1.42
1848 1.41
1849 1.41
1850 1.41
1851 1.41
1852 1.18
1853 1.22
1854 1.23
1855 1.21
1856 1.21
1857 1.21
1858 1.43
1859 1.41
1860 1.41
1861 1.41
1862 1.41
1863 1.41
1864 1.42
1865 1.40
1866 1.40
1867 1.40
1868 1.40
1869 1.41
1870 1.39
1871 1.40
1872 1.41
1873 1.40
1874 1.40
1875 1.40
1876 1.40
1877 1.40
1878 1.41
1879 1.41
1880 1.41
1881 1.41
1882 1.39
1883 1.40
1884 1.41
1885 1.40
1886 1.40
1887 1.40
1888 1.38
1889 1.38
1890 1.37
1891 1.37
1892 1.38
1893 1.38
1894 1.42
1895 1.41
1896 1.42
1897 1.42
1898 1.41
1899 1.41
1900 1.42
1901 1.40
1902 1.40
1903 1.41
1904 1.41
1905 1.41
1906 1.43
1907 1.42
1908 1.42
1909 1.41
1910 1.41
1911 1.41
1912 1.80
1913 1.81
1914 1.81
1915 1.81
1916 1.81
1917 1.81
1918 1.82
1919 1.81
1920 1.81
1921 1.81
1922 1.81
1923 1.81
1924 1.81
1925 1.81
1926 1.81
1927 1.81
1928 1.81
1929 1.81
1930 1.79
1931 1.80
1932 1.81
1933 1.80
1934 1.80
1935 1.79
1936 1.81
1937 1.80
1938 1.80
1939 1.81
1940 1.81
1941 1.81
1942 1.80
1943 1.80
1944 1.80
1945 1.81
1946 1.81
1947 1.80
1948 1.81
1949 1.80
1950 1.81
1951 1.81
1952 1.81
1953 1.81
1954 1.81
1955 1.81
1956 1.81
1957 1.81
1958 1.81
1959 1.81
1960 1.82
1961 1.81
1962 1.81
1963 1.81
1964 1.81
1965 1.81
1966 1.82
1967 1.81
1968 1.80
1969 1.80
1970 1.81
1971 1.81
1972 1.81
1973 1.81
1974 1.81
1975 1.81
1976 1.81
1977 1.81
1978 1.80
1979 1.80
1980 1.80
1981 1.81
1982 1.81
1983 1.81
1984 1.80
1985 1.80
1986 1.81
1987 1.81
1988 1.81
1989 1.81
1990 1.79
1991 1.80
1992 1.80
1993 1.81
1994 1.80
1995 1.80
1996 1.80
1997 1.80
1998 1.81
1999 1.81
