0 1.42
1 1.42
2 1.42
3 1.41
4 1.42
5 1.41
6 1.42
7 1.41
8 1.42
9 1.43
10 1.43
11 1.42
12 1.42
13 1.42
14 1.42
15 1.45
16 1.43
17 1.43
18 1.42
19 1.42
20 1.42
21 1.40
22 1.41
23 1.42
24 1.42
25 1.42
26 1.42
27 1.42
28 1.42
29 1.43
30 1.42
31 1.42
32 1.42
33 1.41
34 1.42
35 1.41
36 1.42
37 1.42
38 1.42
39 1.40
40 1.43
41 1.42
42 1.42
43 1.42
44 1.42
45 1.40
46 1.42
47 1.42
48 1.42
49 1.42
50 1.42
51 1.43
52 1.42
53 1.41
54 1.42
55 1.42
56 1.42
57 1.42
58 1.43
59 1.44
60 1.43
61 1.43
62 1.43
63 1.42
64 1.41
65 1.41
66 1.41
67 1.41
68 1.41
69 1.41
70 1.42
71 1.41
72 1.41
73 1.41
74 1.41
75 1.41
76 1.41
77 1.41
78 1.41
79 1.41
80 1.41
81 1.42
82 1.42
83 1.42
84 1.42
85 1.42
86 1.42
87 1.42
88 1.41
89 1.42
90 1.42
91 1.41
92 1.41
93 1.42
94 1.42
95 1.42
96 1.41
97 1.42
98 1.42
99 1.41
100 1.41
101 1.41
102 1.41
103 1.41
104 1.41
105 1.42
106 1.42
107 1.42
108 1.42
109 1.42
110 1.42
111 1.41
112 1.41
113 1.41
114 1.42
115 1.41
116 1.41
117 1.41
118 1.41
119 1.41
120 1.41
121 1.41
122 1.41
123 1.39
124 1.42
125 1.41
126 1.41
127 1.42
128 1.41
129 1.42
130 1.41
131 1.41
132 1.42
133 1.41
134 1.41
135 1.41
136 1.42
137 1.42
138 1.41
139 1.42
140 1.41
141 1.41
142 1.41
143 1.41
144 1.42
145 1.41
146 1.41
147 1.40
148 1.41
149 1.42
150 1.41
151 1.42
152 1.41
153 1.41
154 1.41
155 1.41
156 1.41
157 1.41
158 1.41
159 1.41
160 1.41
161 1.41
162 1.41
163 1.41
164 1.41
165 1.42
166 1.42
167 1.42
168 1.41
169 1.42
170 1.42
171 1.42
172 1.42
173 1.42
174 1.42
175 1.42
176 1.42
177 1.41
178 1.42
179 1.41
180 1.42
181 1.42
182 1.42
183 1.41
184 1.42
185 1.42
186 1.42
187 1.42
188 1.42
189 1.42
190 1.42
191 1.42
192 1.42
193 1.42
194 1.41
195 1.42
196 1.43
197 1.42
198 1.42
199 1.42
200 1.42
201 1.46
202 1.44
203 1.43
204 1.44
205 1.43
206 1.43
207 1.42
208 1.42
209 1.43
210 1.42
211 1.43
212 1.42
213 1.42
214 1.41
215 1.42
216 1.41
217 1.41
218 1.42
219 1.41
220 1.42
221 1.42
222 1.42
223 1.43
224 1.43
225 1.43
226 1.42
227 1.42
228 1.43
229 1.42
230 1.43
231 1.45
232 1.43
233 1.43
234 1.43
235 1.43
236 1.42
237 1.42
238 1.42
239 1.42
240 1.42
241 1.42
242 1.42
243 1.41
244 1.41
245 1.41
246 1.42
247 1.42
248 1.42
249 1.40
250 1.41
251 1.41
252 1.42
253 1.42
254 1.42
255 1.42
256 1.43
257 1.42
258 1.42
259 1.42
260 1.42
261 1.42
262 1.42
263 1.42
264 1.42
265 1.42
266 1.42
267 1.42
268 1.43
269 1.40
270 1.42
271 1.42
272 1.42
273 1.41
274 1.41
275 1.42
276 1.42
277 1.42
278 1.42
279 1.44
280 1.43
281 1.43
282 1.42
283 1.42
284 1.42
285 1.39
286 1.42
287 1.42
288 1.41
289 1.41
290 1.42
291 1.41
292 1.42
293 1.41
294 1.36
295 1.33
296 1.34
297 1.43
298 1.42
299 1.42
300 1.42
301 1.42
302 1.42
303 1.40
304 1.42
305 1.41
306 1.41
307 1.41
308 1.41
309 1.44
310 1.46
311 1.44
312 1.44
313 1.44
314 1.43
315 1.40
316 1.42
317 1.42
318 1.42
319 1.42
320 1.42
321 1.42
322 1.41
323 1.41
324 1.42
325 1.42
326 1.42
327 1.42
328 1.42
329 1.42
330 1.42
331 1.42
332 1.42
333 1.43
334 1.44
335 1.43
336 1.41
337 1.42
338 1.42
339 1.42
340 1.43
341 1.43
342 1.42
343 1.42
344 1.42
345 1.43
346 1.42
347 1.42
348 1.42
349 1.42
350 1.42
351 1.44
352 1.43
353 1.43
354 1.41
355 1.42
356 1.42
357 1.43
358 1.42
359 1.42
360 1.42
361 1.42
362 1.42
363 1.48
364 1.45
365 1.43
366 1.43
367 1.43
368 1.43
369 1.42
370 1.41
371 1.41
372 1.42
373 1.42
374 1.42
375 1.41
376 1.42
377 1.43
378 1.42
379 1.42
380 1.42
381 1.38
382 1.40
383 1.40
384 1.41
385 1.41
386 1.41
387 1.39
388 1.42
389 1.42
390 1.41
391 1.41
392 1.41
393 1.40
394 1.41
395 1.42
396 1.42
397 1.42
398 1.42
399 1.43
400 1.43
401 1.42
402 1.42
403 1.42
404 1.42
405 1.41
406 1.42
407 1.42
408 1.42
409 1.42
410 1.42
411 1.45
412 1.43
413 1.43
414 1.43
415 1.42
416 1.42
417 1.44
418 1.43
419 1.43
420 1.42
421 1.42
422 1.42
423 1.41
424 1.42
425 1.42
426 1.42
427 1.42
428 1.42
429 1.48
430 1.45
431 1.44
432 1.44
433 1.44
434 1.43
435 1.45
436 1.44
437 1.43
438 1.44
439 1.43
440 1.43
441 1.42
442 1.42
443 1.42
444 1.43
445 1.42
446 1.42
447 1.41
448 1.43
449 1.43
450 1.42
451 1.42
452 1.42
453 1.44
454 1.42
455 1.42
456 1.42
457 1.41
458 1.41
459 1.41
460 1.42
461 1.43
462 1.42
463 1.42
464 1.42
465 1.49
466 1.46
467 1.44
468 1.43
469 1.43
470 1.43
471 1.46
472 1.44
473 1.43
474 1.43
475 1.43
476 1.43
477 1.40
478 1.41
479 1.41
480 1.41
481 1.41
482 1.42
483 1.43
484 1.43
485 1.43
486 1.43
487 1.43
488 1.43
489 1.42
490 1.42
491 1.42
492 1.42
493 1.42
494 1.42
495 1.40
496 1.41
497 1.41
498 1.41
499 1.41
500 1.41
501 1.41
502 1.41
503 1.41
504 1.41
505 1.41
506 1.41
507 1.41
508 1.42
509 1.41
510 1.42
511 1.41
512 1.41
513 1.40
514 1.41
515 1.41
516 1.41
517 1.41
518 1.41
519 1.42
520 1.41
521 1.42
522 1.41
523 1.41
524 1.41
525 1.42
526 1.41
527 1.41
528 1.41
529 1.41
530 1.41
531 1.41
532 1.41
533 1.41
534 1.41
535 1.41
536 1.41
537 1.41
538 1.41
539 1.41
540 1.41
541 1.41
542 1.41
543 1.41
544 1.41
545 1.41
546 1.41
547 1.41
548 1.41
549 1.42
550 1.41
551 1.41
552 1.41
553 1.41
554 1.41
555 1.42
556 1.41
557 1.41
558 1.41
559 1.41
560 1.41
561 1.41
562 1.42
563 1.41
564 1.41
565 1.41
566 1.41
567 1.41
568 1.41
569 1.41
570 1.41
571 1.41
572 1.41
573 1.41
574 1.41
575 1.41
576 1.41
577 1.41
578 1.41
579 1.41
580 1.41
581 1.41
582 1.41
583 1.41
584 1.41
585 1.39
586 1.40
587 1.41
588 1.40
589 1.41
590 1.40
591 1.41
592 1.42
593 1.41
594 1.41
595 1.41
596 1.41
597 1.42
598 1.41
599 1.41
600 1.41
601 1.41
602 1.41
603 1.41
604 1.41
605 1.41
606 1.41
607 1.42
608 1.41
609 1.41
610 1.41
611 1.41
612 1.41
613 1.41
614 1.41
615 1.41
616 1.41
617 1.41
618 1.41
619 1.41
620 1.41
621 1.41
622 1.42
623 1.42
624 1.42
625 1.42
626 1.42
627 1.41
628 1.42
629 1.41
630 1.41
631 1.41
632 1.41
633 1.41
634 1.42
635 1.42
636 1.41
637 1.42
638 1.42
639 1.42
640 1.42
641 1.41
642 1.42
643 1.42
644 1.42
645 1.40
646 1.40
647 1.41
648 1.41
649 1.41
650 1.41
651 1.40
652 1.41
653 1.41
654 1.41
655 1.41
656 1.41
657 1.41
658 1.41
659 1.42
660 1.41
661 1.41
662 1.41
663 1.41
664 1.41
665 1.41
666 1.41
667 1.41
668 1.41
669 1.42
670 1.42
671 1.41
672 1.41
673 1.42
674 1.42
675 1.42
676 1.42
677 1.42
678 1.42
679 1.42
680 1.42
681 1.42
682 1.42
683 1.42
684 1.42
685 1.42
686 1.42
687 1.41
688 1.41
689 1.41
690 1.41
691 1.41
692 1.41
693 1.40
694 1.41
695 1.41
696 1.41
697 1.41
698 1.41
699 1.42
700 1.42
701 1.41
702 1.42
703 1.41
704 1.42
705 1.45
706 1.43
707 1.44
708 1.43
709 1.43
710 1.43
711 1.43
712 1.43
713 1.42
714 1.42
715 1.42
716 1.42
717 1.42
718 1.41
719 1.41
720 1.41
721 1.41
722 1.42
723 1.45
724 1.43
725 1.42
726 1.43
727 1.42
728 1.43
729 1.41
730 1.41
731 1.42
732 1.42
733 1.42
734 1.42
735 1.44
736 1.43
737 1.42
738 1.42
739 1.42
740 1.42
741 1.45
742 1.42
743 1.43
744 1.42
745 1.42
746 1.42
747 1.47
748 1.44
749 1.44
750 1.44
751 1.43
752 1.43
753 1.41
754 1.36
755 1.37
756 1.38
757 1.39
758 1.40
759 1.45
760 1.43
761 1.42
762 1.42
763 1.42
764 1.42
765 1.40
766 1.41
767 1.41
768 1.41
769 1.41
770 1.41
771 1.42
772 1.41
773 1.42
774 1.42
775 1.42
776 1.42
777 1.43
778 1.42
779 1.42
780 1.42
781 1.42
782 1.42
783 1.43
784 1.43
785 1.42
786 1.42
787 1.43
788 1.42
789 1.45
790 1.45
791 1.44
792 1.43
793 1.43
794 1.42
795 1.41
796 1.42
797 1.42
798 1.42
799 1.42
800 1.43
801 1.43
802 1.42
803 1.42
804 1.42
805 1.42
806 1.42
807 1.45
808 1.44
809 1.44
810 1.43
811 1.43
812 1.43
813 1.46
814 1.44
815 1.43
816 1.43
817 1.43
818 1.42
819 1.44
820 1.44
821 1.43
822 1.43
823 1.42
824 1.42
825 1.38
826 1.41
827 1.41
828 1.42
829 1.41
830 1.42
831 1.40
832 1.43
833 1.42
834 1.42
835 1.42
836 1.42
837 1.41
838 1.41
839 1.42
840 1.42
841 1.42
842 1.42
843 1.41
844 1.41
845 1.42
846 1.42
847 1.41
848 1.42
849 1.42
850 1.42
851 1.42
852 1.42
853 1.42
854 1.42
855 1.45
856 1.41
857 1.43
858 1.42
859 1.41
860 1.43
861 1.41
862 1.43
863 1.42
864 1.43
865 1.43
866 1.42
867 1.40
868 1.42
869 1.41
870 1.42
871 1.41
872 1.42
873 1.37
874 1.40
875 1.41
876 1.41
877 1.42
878 1.41
879 1.43
880 1.41
881 1.42
882 1.42
883 1.42
884 1.42
885 1.40
886 1.41
887 1.41
888 1.41
889 1.41
890 1.41
891 1.40
892 1.41
893 1.42
894 1.42
895 1.42
896 1.41
897 1.40
898 1.41
899 1.41
900 1.41
901 1.41
902 1.41
903 1.40
904 1.40
905 1.41
906 1.41
907 1.42
908 1.42
909 1.44
910 1.42
911 1.41
912 1.41
913 1.41
914 1.41
915 1.42
916 1.43
917 1.42
918 1.41
919 1.42
920 1.42
921 1.40
922 1.41
923 1.41
924 1.41
925 1.41
926 1.42
927 1.42
928 1.42
929 1.42
930 1.42
931 1.42
932 1.42
933 1.41
934 1.41
935 1.42
936 1.41
937 1.41
938 1.41
939 1.42
940 1.41
941 1.42
942 1.42
943 1.42
944 1.42
945 1.42
946 1.41
947 1.42
948 1.42
949 1.42
950 1.41
951 1.41
952 1.41
953 1.41
954 1.42
955 1.41
956 1.41
957 1.42
958 1.42
959 1.41
960 1.41
961 1.41
962 1.41
963 1.40
964 1.42
965 1.41
966 1.42
967 1.42
968 1.41
969 1.41
970 1.41
971 1.41
972 1.41
973 1.42
974 1.41
975 1.41
976 1.41
977 1.41
978 1.41
979 1.41
980 1.41
981 1.41
982 1.41
983 1.41
984 1.41
985 1.41
986 1.41
987 1.41
988 1.41
989 1.41
990 1.41
991 1.41
992 1.41
993 1.42
994 1.42
995 1.41
996 1.41
997 1.41
998 1.41
999 1.42
1000 1.41
1001 1.41
1002 1.41
1003 1.41
1004 1.41
1005 1.41
1006 1.41
1007 1.42
1008 1.41
1009 1.41
1010 1.41
1011 1.42
1012 1.41
1013 1.41
1014 1.41
1015 1.41
1016 1.41
1017 1.42
1018 1.42
1019 1.41
1020 1.41
1021 1.41
1022 1.41
1023 1.41
1024 1.41
1025 1.41
1026 1.41
1027 1.41
1028 1.41
1029 1.43
1030 1.41
1031 1.42
1032 1.42
1033 1.42
1034 1.42
1035 1.42
1036 1.37
1037 1.36
1038 1.37
1039 1.37
1040 1.36
1041 1.41
1042 1.41
1043 1.41
1044 1.41
1045 1.41
1046 1.41
1047 1.43
1048 1.42
1049 1.43
1050 1.42
1051 1.42
1052 1.42
1053 1.38
1054 1.43
1055 1.42
1056 1.42
1057 1.42
1058 1.42
1059 1.42
1060 1.41
1061 1.41
1062 1.42
1063 1.42
1064 1.42
1065 1.43
1066 1.42
1067 1.42
1068 1.42
1069 1.42
1070 1.42
1071 1.45
1072 1.43
1073 1.43
1074 1.43
1075 1.42
1076 1.43
1077 1.41
1078 1.42
1079 1.42
1080 1.42
1081 1.42
1082 1.42
1083 1.42
1084 1.41
1085 1.42
1086 1.42
1087 1.42
1088 1.42
1089 1.42
1090 1.42
1091 1.41
1092 1.41
1093 1.41
1094 1.42
1095 1.42
1096 1.42
1097 1.39
1098 1.39
1099 1.40
1100 1.40
1101 1.43
1102 1.43
1103 1.42
1104 1.42
1105 1.42
1106 1.42
1107 1.42
1108 1.41
1109 1.42
1110 1.41
1111 1.42
1112 1.42
1113 1.43
1114 1.42
1115 1.42
1116 1.42
1117 1.42
1118 1.42
1119 1.36
1120 1.37
1121 1.37
1122 1.37
1123 1.37
1124 1.37
1125 1.43
1126 1.43
1127 1.42
1128 1.42
1129 1.39
1130 1.38
1131 1.41
1132 1.41
1133 1.42
1134 1.42
1135 1.41
1136 1.41
1137 1.41
1138 1.41
1139 1.41
1140 1.41
1141 1.41
1142 1.41
1143 1.41
1144 1.41
1145 1.41
1146 1.42
1147 1.41
1148 1.41
1149 1.41
1150 1.41
1151 1.41
1152 1.41
1153 1.42
1154 1.41
1155 1.42
1156 1.42
1157 1.42
1158 1.41
1159 1.41
1160 1.42
1161 1.42
1162 1.41
1163 1.41
1164 1.41
1165 1.41
1166 1.41
1167 1.42
1168 1.41
1169 1.42
1170 1.42
1171 1.41
1172 1.42
1173 1.42
1174 1.41
1175 1.41
1176 1.42
1177 1.42
1178 1.41
1179 1.43
1180 1.41
1181 1.42
1182 1.42
1183 1.42
1184 1.42
1185 1.42
1186 1.42
1187 1.42
1188 1.42
1189 1.42
1190 1.42
1191 1.41
1192 1.41
1193 1.41
1194 1.41
1195 1.41
1196 1.41
1197 1.41
1198 1.41
1199 1.41
1200 1.41
1201 1.41
1202 1.41
1203 1.41
1204 1.42
1205 1.41
1206 1.41
1207 1.41
1208 1.41
1209 1.41
1210 1.41
1211 1.41
1212 1.41
1213 1.41
1214 1.41
1215 1.42
1216 1.42
1217 1.41
1218 1.42
1219 1.42
1220 1.41
1221 1.41
1222 1.42
1223 1.41
1224 1.41
1225 1.41
1226 1.41
1227 1.42
1228 1.42
1229 1.42
1230 1.41
1231 1.42
1232 1.41
1233 1.41
1234 1.41
1235 1.41
1236 1.41
1237 1.41
1238 1.42
1239 1.43
1240 1.42
1241 1.42
1242 1.42
1243 1.42
1244 1.41
1245 1.41
1246 1.36
1247 1.37
1248 1.38
1249 1.39
1250 1.39
1251 1.40
1252 1.39
1253 1.41
1254 1.42
1255 1.41
1256 1.41
1257 1.40
1258 1.41
1259 1.41
1260 1.41
1261 1.40
1262 1.40
1263 1.41
1264 1.42
1265 1.42
1266 1.42
1267 1.42
1268 1.41
1269 1.41
1270 1.43
1271 1.43
1272 1.42
1273 1.42
1274 1.42
1275 1.43
1276 1.43
1277 1.41
1278 1.43
1279 1.43
1280 1.42
1281 1.42
1282 1.42
1283 1.42
1284 1.43
1285 1.42
1286 1.42
1287 1.44
1288 1.42
1289 1.42
1290 1.42
1291 1.42
1292 1.42
1293 1.41
1294 1.41
1295 1.42
1296 1.42
1297 1.42
1298 1.42
1299 1.41
1300 1.42
1301 1.42
1302 1.42
1303 1.42
1304 1.42
1305 1.42
1306 1.41
1307 1.42
1308 1.42
1309 1.42
1310 1.42
1311 1.45
1312 1.42
1313 1.42
1314 1.42
1315 1.42
1316 1.42
1317 1.41
1318 1.43
1319 1.43
1320 1.43
1321 1.43
1322 1.42
1323 1.43
1324 1.43
1325 1.42
1326 1.42
1327 1.41
1328 1.40
1329 1.41
1330 1.42
1331 1.41
1332 1.41
1333 1.42
1334 1.42
1335 1.44
1336 1.42
1337 1.42
1338 1.42
1339 1.42
1340 1.42
1341 1.34
1342 1.30
1343 1.28
1344 1.28
1345 1.28
1346 1.27
1347 1.26
1348 1.27
1349 1.25
1350 1.24
1351 1.24
1352 1.24
1353 1.41
1354 1.41
1355 1.42
1356 1.42
1357 1.41
1358 1.41
1359 1.41
1360 1.42
1361 1.40
1362 1.42
1363 1.42
1364 1.42
1365 1.42
1366 1.42
1367 1.41
1368 1.42
1369 1.42
1370 1.42
1371 1.47
1372 1.44
1373 1.43
1374 1.43
1375 1.42
1376 1.42
1377 1.40
1378 1.42
1379 1.42
1380 1.42
1381 1.41
1382 1.42
1383 1.41
1384 1.42
1385 1.42
1386 1.42
1387 1.42
1388 1.42
1389 1.43
1390 1.44
1391 1.43
1392 1.42
1393 1.43
1394 1.42
1395 1.42
1396 1.41
1397 1.42
1398 1.42
1399 1.42
1400 1.42
1401 1.41
1402 1.42
1403 1.43
1404 1.42
1405 1.42
1406 1.42
1407 1.44
1408 1.44
1409 1.42
1410 1.43
1411 1.43
1412 1.43
1413 1.42
1414 1.42
1415 1.07
1416 1.07
1417 1.14
1418 1.43
1419 1.42
1420 1.42
1421 1.42
1422 1.41
1423 1.42
1424 1.43
1425 1.42
1426 1.42
1427 1.42
1428 1.42
1429 1.42
1430 1.42
1431 1.43
1432 1.42
1433 1.42
1434 1.42
1435 1.41
1436 1.40
1437 1.41
1438 1.41
1439 1.41
1440 1.41
1441 1.42
1442 1.44
1443 1.44
1444 1.43
1445 1.43
1446 1.42
1447 1.42
1448 1.39
1449 1.41
1450 1.41
1451 1.41
1452 1.41
1453 1.41
1454 1.40
1455 1.41
1456 1.42
1457 1.41
1458 1.41
1459 1.41
1460 1.40
1461 1.38
1462 1.41
1463 1.41
1464 1.41
1465 1.41
1466 1.43
1467 1.42
1468 1.41
1469 1.42
1470 1.42
1471 1.42
1472 1.47
1473 1.44
1474 1.43
1475 1.42
1476 1.42
1477 1.42
1478 1.40
1479 1.41
1480 1.40
1481 1.41
1482 1.42
1483 1.41
1484 1.47
1485 1.43
1486 1.43
1487 1.42
1488 1.42
1489 1.42
1490 1.42
1491 1.42
1492 1.43
1493 1.43
1494 1.42
1495 1.42
1496 1.42
1497 1.42
1498 1.43
1499 1.42
1500 1.42
1501 1.42
1502 1.44
1503 1.42
1504 1.42
1505 1.42
1506 1.42
1507 1.42
1508 1.42
1509 1.42
1510 1.42
1511 1.43
1512 1.42
1513 1.43
1514 1.43
1515 1.43
1516 1.42
1517 1.42
1518 1.42
1519 1.42
1520 1.44
1521 1.44
1522 1.43
1523 1.42
1524 1.42
1525 1.42
1526 1.41
1527 1.39
1528 1.41
1529 1.42
1530 1.42
1531 1.42
1532 1.45
1533 1.42
1534 1.42
1535 1.41
1536 1.42
1537 1.42
1538 1.45
1539 1.43
1540 1.42
1541 1.42
1542 1.41
1543 1.42
1544 1.47
1545 1.45
1546 1.44
1547 1.43
1548 1.43
1549 1.43
1550 1.40
1551 1.42
1552 1.41
1553 1.41
1554 1.42
1555 1.41
1556 1.47
1557 1.45
1558 1.43
1559 1.43
1560 1.43
1561 1.43
1562 1.41
1563 1.42
1564 1.41
1565 1.42
1566 1.42
1567 1.42
1568 1.42
1569 1.44
1570 1.42
1571 1.42
1572 1.42
1573 1.42
1574 1.40
1575 1.42
1576 1.42
1577 1.42
1578 1.42
1579 1.42
1580 1.42
1581 1.40
1582 1.42
1583 1.42
1584 1.42
1585 1.42
1586 1.45
1587 1.43
1588 1.43
1589 1.42
1590 1.43
1591 1.42
1592 1.42
1593 1.42
1594 1.41
1595 1.42
1596 1.41
1597 1.42
1598 1.43
1599 1.42
1600 1.42
1601 1.42
1602 1.42
1603 1.42
1604 1.41
1605 1.41
1606 1.41
1607 1.41
1608 1.41
1609 1.41
1610 1.42
1611 1.43
1612 1.42
1613 1.42
1614 1.42
1615 1.41
1616 1.40
1617 1.41
1618 1.41
1619 1.41
1620 1.41
1621 1.41
1622 1.41
1623 1.42
1624 1.41
1625 1.41
1626 1.41
1627 1.41
1628 1.41
1629 1.39
1630 1.40
1631 1.40
1632 1.40
1633 1.40
1634 1.42
1635 1.43
1636 1.42
1637 1.42
1638 1.42
1639 1.42
1640 1.41
1641 1.41
1642 1.42
1643 1.41
1644 1.41
1645 1.42
1646 1.41
1647 1.41
1648 1.41
1649 1.41
1650 1.41
1651 1.41
1652 1.41
1653 1.41
1654 1.41
1655 1.41
1656 1.41
1657 1.41
1658 1.42
1659 1.42
1660 1.41
1661 1.42
1662 1.41
1663 1.42
1664 1.41
1665 1.41
1666 1.41
1667 1.41
1668 1.41
1669 1.41
1670 1.42
1671 1.42
1672 1.41
1673 1.41
1674 1.42
1675 1.41
1676 1.42
1677 1.42
1678 1.42
1679 1.41
1680 1.41
1681 1.41
1682 1.42
1683 1.42
1684 1.42
1685 1.42
1686 1.41
1687 1.42
1688 1.42
1689 1.41
1690 1.41
1691 1.42
1692 1.41
1693 1.41
1694 1.42
1695 1.41
1696 1.41
1697 1.41
1698 1.41
1699 1.41
1700 1.42
1701 1.41
1702 1.41
1703 1.41
1704 1.41
1705 1.42
1706 1.41
1707 1.41
1708 1.41
1709 1.41
1710 1.41
1711 1.41
1712 1.41
1713 1.41
1714 1.41
1715 1.41
1716 1.41
1717 1.41
1718 1.41
1719 1.41
1720 1.41
1721 1.41
1722 1.41
1723 1.41
1724 1.40
1725 1.39
1726 1.41
1727 1.40
1728 1.40
1729 1.41
1730 1.42
1731 1.43
1732 1.42
1733 1.43
1734 1.42
1735 1.42
1736 1.45
1737 1.43
1738 1.42
1739 1.42
1740 1.42
1741 1.42
1742 1.41
1743 1.38
1744 1.41
1745 1.41
1746 1.41
1747 1.40
1748 1.43
1749 1.41
1750 1.41
1751 1.42
1752 1.41
1753 1.42
1754 1.42
1755 1.42
1756 1.41
1757 1.41
1758 1.42
1759 1.42
1760 1.42
1761 1.42
1762 1.42
1763 1.42
1764 1.42
1765 1.42
1766 1.48
1767 1.45
1768 1.42
1769 1.43
1770 1.43
1771 1.43
1772 1.42
1773 1.42
1774 1.40
1775 1.42
1776 1.42
1777 1.42
1778 1.42
1779 1.42
1780 1.42
1781 1.42
1782 1.42
1783 1.42
1784 1.44
1785 1.43
1786 1.42
1787 1.43
1788 1.43
1789 1.42
1790 1.41
1791 1.41
1792 1.41
1793 1.42
1794 1.42
1795 1.42
1796 1.37
1797 1.41
1798 1.40
1799 1.41
1800 1.41
1801 1.41
1802 1.41
1803 1.42
1804 1.42
1805 1.42
1806 1.42
1807 1.42
1808 1.42
1809 1.42
1810 1.42
1811 1.42
1812 1.42
1813 1.42
1814 1.41
1815 1.42
1816 1.42
1817 1.42
1818 1.42
1819 1.42
1820 1.39
1821 1.42
1822 1.42
1823 1.42
1824 1.42
1825 1.42
1826 1.44
1827 1.43
1828 1.42
1829 1.42
1830 1.42
1831 1.42
1832 1.42
1833 1.40
1834 1.41
1835 1.42
1836 1.42
1837 1.42
1838 1.40
1839 1.41
1840 1.41
1841 1.41
1842 1.42
1843 1.42
1844 1.40
1845 1.43
1846 1.42
1847 1.42
1848 1.42
1849 1.42
1850 1.41
1851 1.41
1852 1.41
1853 1.42
1854 1.41
1855 1.42
1856 1.41
1857 1.43
1858 1.42
1859 1.42
1860 1.42
1861 1.42
1862 1.41
1863 1.42
1864 1.41
1865 1.41
1866 1.42
1867 1.42
1868 1.45
1869 1.43
1870 1.42
1871 1.43
1872 1.42
1873 1.42
1874 1.42
1875 1.41
1876 1.42
1877 1.42
1878 1.42
1879 1.42
1880 1.40
1881 1.41
1882 1.40
1883 1.41
1884 1.41
1885 1.41
1886 1.41
1887 1.41
1888 1.41
1889 1.40
1890 1.41
1891 1.41
1892 1.38
1893 1.41
1894 1.41
1895 1.41
1896 1.40
1897 1.41
1898 1.43
1899 1.43
1900 1.42
1901 1.42
1902 1.42
1903 1.42
1904 1.41
1905 1.43
1906 1.43
1907 1.42
1908 1.42
1909 1.42
1910 1.41
1911 1.42
1912 1.41
1913 1.42
1914 1.41
1915 1.41
1916 1.42
1917 1.42
1918 1.42
1919 1.42
1920 1.42
1921 1.42
1922 1.40
1923 1.42
1924 1.42
1925 1.42
1926 1.42
1927 1.41
1928 1.47
1929 1.44
1930 1.43
1931 1.43
1932 1.43
1933 1.43
1934 1.42
1935 1.41
1936 1.41
1937 1.41
1938 1.41
1939 1.41
1940 1.41
1941 1.41
1942 1.41
1943 1.41
1944 1.41
1945 1.41
1946 1.40
1947 1.41
1948 1.41
1949 1.41
1950 1.41
1951 1.41
1952 1.41
1953 1.41
1954 1.41
1955 1.42
1956 1.41
1957 1.41
1958 1.41
1959 1.42
1960 1.41
1961 1.41
1962 1.41
1963 1.41
1964 1.41
1965 1.41
1966 1.41
1967 1.41
1968 1.41
1969 1.41
1970 1.42
1971 1.41
1972 1.41
1973 1.41
1974 1.41
1975 1.41
1976 1.42
1977 1.42
1978 1.42
1979 1.42
1980 1.41
1981 1.41
1982 1.41
1983 1.42
1984 1.41
1985 1.41
1986 1.41
1987 1.41
1988 1.42
1989 1.42
1990 1.41
1991 1.42
1992 1.42
1993 1.42
1994 1.40
1995 1.41
1996 1.41
1997 1.41
1998 1.41
1999 1.41
