0 1.24
1 1.24
2 1.24
3 1.24
4 1.24
5 1.24
6 1.24
7 1.24
8 1.24
9 1.21
10 1.24
11 1.24
12 1.24
13 1.24
14 1.24
15 1.23
16 1.24
17 1.24
18 1.25
19 1.24
20 1.24
21 1.24
22 1.24
23 1.25
24 1.24
25 1.24
26 1.24
27 1.21
28 1.24
29 1.24
30 1.24
31 1.23
32 1.23
33 1.21
34 1.24
35 1.23
36 1.24
37 1.24
38 1.24
39 1.27
40 1.25
41 1.25
42 1.24
43 1.24
44 1.24
45 1.25
46 1.24
47 1.25
48 1.24
49 1.24
50 1.24
51 1.26
52 1.25
53 1.25
54 1.24
55 1.25
56 1.25
57 1.24
58 1.24
59 1.24
60 1.24
61 1.24
62 1.25
63 1.38
64 1.31
65 1.29
66 1.27
67 1.26
68 1.26
69 1.42
70 1.33
71 1.30
72 1.29
73 1.28
74 1.28
75 1.38
76 1.31
77 1.28
78 1.28
79 1.26
80 1.26
81 1.24
82 1.24
83 1.25
84 1.24
85 1.24
86 1.24
87 1.28
88 1.27
89 1.25
90 1.25
91 1.25
92 1.25
93 1.26
94 1.24
95 1.24
96 1.25
97 1.24
98 1.25
99 1.26
100 1.26
101 1.25
102 1.24
103 1.24
104 1.24
105 1.71
106 1.46
107 1.39
108 1.35
109 1.33
110 1.32
111 1.21
112 1.24
113 1.23
114 1.24
115 1.24
116 1.24
117 1.43
118 1.34
119 1.32
120 1.29
121 1.28
122 1.27
123 1.39
124 1.41
125 1.41
126 1.41
127 1.41
128 1.41
129 1.39
130 1.40
131 1.40
132 1.40
133 1.40
134 1.40
135 1.42
136 1.41
137 1.40
138 1.40
139 1.40
140 1.41
141 1.45
142 1.42
143 1.41
144 1.42
145 1.41
146 1.42
147 1.42
148 1.41
149 1.42
150 1.42
151 1.42
152 1.41
153 1.41
154 1.41
155 1.41
156 1.41
157 1.41
158 1.41
159 1.41
160 1.42
161 1.42
162 1.41
163 1.42
164 1.42
165 1.42
166 1.41
167 1.41
168 1.41
169 1.41
170 1.41
171 1.41
172 1.40
173 1.40
174 1.41
175 1.41
176 1.41
177 1.42
178 1.41
179 1.42
180 1.42
181 1.41
182 1.42
183 1.42
184 1.41
185 1.41
186 1.42
187 1.41
188 1.41
189 1.43
190 1.42
191 1.41
192 1.41
193 1.42
194 1.42
195 1.40
196 1.41
197 1.41
198 1.41
199 1.41
200 1.41
201 1.41
202 1.41
203 1.42
204 1.41
205 1.42
206 1.41
207 1.40
208 1.42
209 1.42
210 1.41
211 1.42
212 1.41
213 1.42
214 1.41
215 1.41
216 1.41
217 1.42
218 1.41
219 1.41
220 1.41
221 1.42
222 1.42
223 1.41
224 1.41
225 1.42
226 1.43
227 1.42
228 1.41
229 1.41
230 1.42
231 1.41
232 1.42
233 1.42
234 1.42
235 1.42
236 1.42
237 1.44
238 1.41
239 1.42
240 1.42
241 1.42
242 1.42
243 1.44
244 1.42
245 1.43
246 1.42
247 1.42
248 1.42
249 1.41
250 1.42
251 1.42
252 1.42
253 1.42
254 1.42
255 1.39
256 1.41
257 1.41
258 1.41
259 1.41
260 1.41
261 1.44
262 1.42
263 1.43
264 1.42
265 1.42
266 1.42
267 1.42
268 1.42
269 1.42
270 1.42
271 1.42
272 1.42
273 1.42
274 1.43
275 1.42
276 1.42
277 1.42
278 1.42
279 1.42
280 1.42
281 1.42
282 1.41
283 1.42
284 1.42
285 1.45
286 1.43
287 1.42
288 1.43
289 1.42
290 1.42
291 1.42
292 1.42
293 1.43
294 1.42
295 1.42
296 1.42
297 1.40
298 1.42
299 1.42
300 1.41
301 1.42
302 1.41
303 1.44
304 1.42
305 1.42
306 1.42
307 1.42
308 1.42
309 1.41
310 1.41
311 1.42
312 1.41
313 1.42
314 1.42
315 1.43
316 1.42
317 1.42
318 1.41
319 1.42
320 1.42
321 1.44
322 1.41
323 1.42
324 1.41
325 1.41
326 1.42
327 1.45
328 1.42
329 1.43
330 1.43
331 1.42
332 1.43
333 1.42
334 1.43
335 1.43
336 1.42
337 1.42
338 1.42
339 1.24
340 1.23
341 1.23
342 1.24
343 1.24
344 1.24
345 1.21
346 1.24
347 1.24
348 1.23
349 1.24
350 1.24
351 1.27
352 1.25
353 1.25
354 1.25
355 1.25
356 1.24
357 1.24
358 1.23
359 1.24
360 1.24
361 1.24
362 1.24
363 1.21
364 1.23
365 1.22
366 1.22
367 1.24
368 1.23
369 1.28
370 1.24
371 1.25
372 1.25
373 1.25
374 1.24
375 1.23
376 1.23
377 1.24
378 1.23
379 1.24
380 1.24
381 1.21
382 1.24
383 1.24
384 1.24
385 1.24
386 1.24
387 1.26
388 1.24
389 1.24
390 1.24
391 1.24
392 1.24
393 1.25
394 1.24
395 1.24
396 1.24
397 1.24
398 1.24
399 1.24
400 1.23
401 1.23
402 1.23
403 1.22
404 1.22
405 1.24
406 1.24
407 1.23
408 1.23
409 1.23
410 1.23
411 1.26
412 1.24
413 1.23
414 1.22
415 1.23
416 1.22
417 1.29
418 1.26
419 1.25
420 1.25
421 1.25
422 1.24
423 1.42
424 1.41
425 1.41
426 1.41
427 1.41
428 1.41
429 1.41
430 1.40
431 1.41
432 1.41
433 1.41
434 1.41
435 1.44
436 1.41
437 1.41
438 1.41
439 1.42
440 1.42
441 1.43
442 1.42
443 1.42
444 1.42
445 1.41
446 1.42
447 1.41
448 1.41
449 1.41
450 1.41
451 1.41
452 1.41
453 1.41
454 1.42
455 1.42
456 1.42
457 1.42
458 1.42
459 1.43
460 1.42
461 1.42
462 1.42
463 1.42
464 1.42
465 1.40
466 1.41
467 1.42
468 1.41
469 1.42
470 1.42
471 1.38
472 1.39
473 1.41
474 1.40
475 1.41
476 1.41
477 1.42
478 1.42
479 1.42
480 1.41
481 1.42
482 1.41
483 1.42
484 1.40
485 1.41
486 1.42
487 1.41
488 1.41
489 1.40
490 1.41
491 1.41
492 1.40
493 1.41
494 1.41
495 1.43
496 1.42
497 1.42
498 1.42
499 1.42
500 1.42
501 1.43
502 1.42
503 1.41
504 1.41
505 1.41
506 1.41
507 1.44
508 1.42
509 1.41
510 1.42
511 1.41
512 1.42
513 1.40
514 1.42
515 1.42
516 1.42
517 1.42
518 1.41
519 1.37
520 1.38
521 1.38
522 1.39
523 1.39
524 1.39
525 1.39
526 1.40
527 1.39
528 1.39
529 1.39
530 1.39
531 1.38
532 1.39
533 1.39
534 1.38
535 1.38
536 1.38
537 1.40
538 1.40
539 1.39
540 1.39
541 1.39
542 1.39
543 1.38
544 1.39
545 1.39
546 1.39
547 1.39
548 1.39
549 1.39
550 1.39
551 1.39
552 1.39
553 1.39
554 1.39
555 1.39
556 1.39
557 1.39
558 1.39
559 1.39
560 1.39
561 1.40
562 1.39
563 1.39
564 1.39
565 1.39
566 1.39
567 1.38
568 1.39
569 1.38
570 1.38
571 1.39
572 1.39
573 1.41
574 1.39
575 1.39
576 1.39
577 1.39
578 1.39
579 1.40
580 1.39
581 1.39
582 1.39
583 1.39
584 1.39
585 1.39
586 1.39
587 1.39
588 1.39
589 1.39
590 1.39
591 1.38
592 1.38
593 1.39
594 1.40
595 1.39
596 1.39
597 1.40
598 1.40
599 1.39
600 1.39
601 1.39
602 1.39
603 1.39
604 1.39
605 1.39
606 1.39
607 1.39
608 1.39
609 1.39
610 1.38
611 1.39
612 1.39
613 1.39
614 1.39
615 1.40
616 1.39
617 1.39
618 1.39
619 1.39
620 1.39
621 1.37
622 1.39
623 1.39
624 1.39
625 1.39
626 1.39
627 1.42
628 1.41
629 1.41
630 1.42
631 1.42
632 1.42
633 1.40
634 1.40
635 1.41
636 1.42
637 1.41
638 1.41
639 1.42
640 1.41
641 1.41
642 1.41
643 1.41
644 1.41
645 1.41
646 1.42
647 1.41
648 1.40
649 1.41
650 1.40
651 1.41
652 1.40
653 1.42
654 1.41
655 1.42
656 1.42
657 1.43
658 1.43
659 1.43
660 1.42
661 1.42
662 1.42
663 1.42
664 1.42
665 1.42
666 1.42
667 1.41
668 1.42
669 1.41
670 1.42
671 1.41
672 1.41
673 1.41
674 1.42
675 1.40
676 1.41
677 1.42
678 1.42
679 1.41
680 1.41
681 1.40
682 1.40
683 1.42
684 1.42
685 1.41
686 1.42
687 1.40
688 1.42
689 1.42
690 1.42
691 1.42
692 1.41
693 1.40
694 1.41
695 1.42
696 1.41
697 1.41
698 1.42
699 1.39
700 1.42
701 1.41
702 1.42
703 1.41
704 1.41
705 1.41
706 1.40
707 1.40
708 1.40
709 1.40
710 1.40
711 1.42
712 1.42
713 1.42
714 1.41
715 1.42
716 1.42
717 1.42
718 1.42
719 1.42
720 1.42
721 1.42
722 1.41
723 1.42
724 1.42
725 1.41
726 1.41
727 1.41
728 1.41
729 1.41
730 1.42
731 1.42
732 1.42
733 1.42
734 1.41
735 1.41
736 1.41
737 1.42
738 1.41
739 1.41
740 1.41
741 1.42
742 1.42
743 1.42
744 1.41
745 1.42
746 1.41
747 1.84
748 1.72
749 1.64
750 1.60
751 1.48
752 1.42
753 1.40
754 1.39
755 1.38
756 1.38
757 1.80
758 1.66
759 1.58
760 1.52
761 1.41
762 1.39
763 1.38
764 1.37
765 1.37
766 1.37
767 1.93
768 1.70
769 1.58
770 1.52
771 1.47
772 1.98
773 1.77
774 1.67
775 1.61
776 1.56
777 1.37
778 1.37
779 1.36
780 1.36
781 1.36
782 1.36
783 1.79
784 1.69
785 1.62
786 1.57
787 1.79
788 1.69
789 1.62
790 1.58
791 1.37
792 1.36
793 1.36
794 1.36
795 1.36
796 1.36
797 1.99
798 1.79
799 1.67
800 1.61
801 1.57
802 1.81
803 1.69
804 1.63
805 1.58
806 1.01
807 1.00
808 1.00
809 1.00
810 1.00
811 1.00
812 1.00
813 1.01
814 1.00
815 1.00
816 1.25
817 1.24
818 1.25
819 1.25
820 1.25
821 1.24
822 1.23
823 1.25
824 1.24
825 1.24
826 1.24
827 1.24
828 1.24
829 1.25
830 1.25
831 1.24
832 1.25
833 1.24
834 1.25
835 1.24
836 1.25
837 1.25
838 1.24
839 1.25
840 1.25
841 1.24
842 1.24
843 1.24
844 1.24
845 1.24
846 1.25
847 1.26
848 1.25
849 1.25
850 1.25
851 1.24
852 1.25
853 1.25
854 1.25
855 1.25
856 1.25
857 1.25
858 1.24
859 1.25
860 1.24
861 1.24
862 1.24
863 1.24
864 1.25
865 1.24
866 1.24
867 1.24
868 1.24
869 1.24
870 1.25
871 1.24
872 1.25
873 1.24
874 1.24
875 1.23
876 1.22
877 1.24
878 1.24
879 1.24
880 1.24
881 1.24
882 1.23
883 1.23
884 1.24
885 1.24
886 1.24
887 1.24
888 1.23
889 1.24
890 1.24
891 1.24
892 1.24
893 1.23
894 1.24
895 1.24
896 1.24
897 1.24
898 1.24
899 1.24
900 1.25
901 1.25
902 1.25
903 1.25
904 1.25
905 1.25
906 1.24
907 1.24
908 1.25
909 1.24
910 1.24
911 1.24
912 1.24
913 1.24
914 1.24
915 1.24
916 1.25
917 1.25
918 1.25
919 1.24
920 1.24
921 1.24
922 1.24
923 1.24
924 1.41
925 1.41
926 1.42
927 1.41
928 1.42
929 1.41
930 1.41
931 1.41
932 1.41
933 1.41
934 1.41
935 1.42
936 1.41
937 1.41
938 1.42
939 1.42
940 1.42
941 1.41
942 1.40
943 1.41
944 1.41
945 1.41
946 1.41
947 1.41
948 1.41
949 1.41
950 1.41
951 1.41
952 1.41
953 1.41
954 1.41
955 1.41
956 1.42
957 1.41
958 1.41
959 1.41
960 1.42
961 1.42
962 1.42
963 1.42
964 1.42
965 1.42
966 1.43
967 1.41
968 1.42
969 1.42
970 1.42
971 1.42
972 1.41
973 1.42
974 1.41
975 1.41
976 1.41
977 1.41
978 1.42
979 1.41
980 1.41
981 1.41
982 1.41
983 1.41
984 1.40
985 1.41
986 1.41
987 1.41
988 1.41
989 1.41
990 1.41
991 1.42
992 1.42
993 1.42
994 1.42
995 1.42
996 1.43
997 1.42
998 1.42
999 1.42
1000 1.41
1001 1.42
1002 1.23
1003 1.24
1004 1.23
1005 1.24
1006 1.24
1007 1.24
1008 1.22
1009 1.24
1010 1.24
1011 1.24
1012 1.24
1013 1.24
1014 1.25
1015 1.24
1016 1.24
1017 1.24
1018 1.24
1019 1.24
1020 1.25
1021 1.24
1022 1.24
1023 1.25
1024 1.24
1025 1.24
1026 1.24
1027 1.24
1028 1.25
1029 1.24
1030 1.24
1031 1.24
1032 1.25
1033 1.23
1034 1.24
1035 1.24
1036 1.24
1037 1.24
1038 1.24
1039 1.24
1040 1.25
1041 1.24
1042 1.24
1043 1.24
1044 1.25
1045 1.25
1046 1.25
1047 1.24
1048 1.25
1049 1.24
1050 1.23
1051 1.23
1052 1.24
1053 1.24
1054 1.24
1055 1.24
1056 1.38
1057 1.39
1058 1.38
1059 1.39
1060 1.39
1061 1.39
1062 1.40
1063 1.39
1064 1.39
1065 1.39
1066 1.39
1067 1.39
1068 1.37
1069 1.38
1070 1.38
1071 1.39
1072 1.39
1073 1.39
1074 1.39
1075 1.39
1076 1.39
1077 1.39
1078 1.39
1079 1.39
1080 1.39
1081 1.39
1082 1.39
1083 1.39
1084 1.39
1085 1.39
1086 1.40
1087 1.40
1088 1.39
1089 1.39
1090 1.39
1091 1.39
1092 1.39
1093 1.39
1094 1.39
1095 1.39
1096 1.39
1097 1.39
1098 1.38
1099 1.38
1100 1.39
1101 1.39
1102 1.39
1103 1.39
1104 1.39
1105 1.39
1106 1.39
1107 1.39
1108 1.39
1109 1.39
1110 1.39
1111 1.39
1112 1.39
1113 1.39
1114 1.39
1115 1.39
1116 1.38
1117 1.39
1118 1.39
1119 1.39
1120 1.39
1121 1.39
1122 1.38
1123 1.38
1124 1.38
1125 1.38
1126 1.38
1127 1.38
1128 1.39
1129 1.38
1130 1.38
1131 1.38
1132 1.37
1133 1.37
1134 1.38
1135 1.38
1136 1.38
1137 1.38
1138 1.38
1139 1.38
1140 1.39
1141 1.39
1142 1.39
1143 1.39
1144 1.39
1145 1.39
1146 1.39
1147 1.39
1148 1.39
1149 1.39
1150 1.38
1151 1.38
1152 1.39
1153 1.39
1154 1.39
1155 1.39
1156 1.39
1157 1.39
1158 1.38
1159 1.39
1160 1.39
1161 1.39
1162 1.39
1163 1.39
1164 1.39
1165 1.41
1166 1.21
1167 1.24
1168 1.27
1169 1.29
1170 1.41
1171 1.41
1172 1.40
1173 1.41
1174 1.41
1175 1.41
1176 1.41
1177 1.42
1178 1.42
1179 1.42
1180 1.42
1181 1.42
1182 1.41
1183 1.42
1184 1.42
1185 1.42
1186 1.42
1187 1.42
1188 1.43
1189 1.41
1190 1.42
1191 1.41
1192 1.42
1193 1.41
1194 1.41
1195 1.41
1196 1.41
1197 1.41
1198 1.41
1199 1.42
1200 1.41
1201 1.41
1202 1.41
1203 1.42
1204 1.41
1205 1.42
1206 1.41
1207 1.42
1208 1.41
1209 1.42
1210 1.41
1211 1.42
1212 1.41
1213 1.41
1214 1.41
1215 1.41
1216 1.42
1217 1.42
1218 1.42
1219 1.42
1220 1.42
1221 1.42
1222 1.42
1223 1.42
1224 1.41
1225 1.42
1226 1.41
1227 1.42
1228 1.42
1229 1.41
1230 1.41
1231 1.41
1232 1.41
1233 1.42
1234 1.41
1235 1.41
1236 1.42
1237 1.42
1238 1.42
1239 1.41
1240 1.42
1241 1.42
1242 1.41
1243 1.42
1244 1.41
1245 1.42
1246 1.42
1247 1.42
1248 1.42
1249 1.42
1250 1.42
1251 1.42
1252 1.42
1253 1.42
1254 1.42
1255 1.42
1256 1.42
1257 1.42
1258 1.42
1259 1.42
1260 1.42
1261 1.42
1262 1.41
1263 1.42
1264 1.42
1265 1.42
1266 1.42
1267 1.42
1268 1.42
1269 1.42
1270 1.42
1271 1.42
1272 1.42
1273 1.41
1274 1.40
1275 1.40
1276 1.40
1277 1.41
1278 1.41
1279 1.41
1280 1.41
1281 1.42
1282 1.41
1283 1.42
1284 1.42
1285 1.41
1286 1.41
1287 1.41
1288 1.42
1289 1.41
1290 1.42
1291 1.41
1292 1.42
1293 1.42
1294 1.41
1295 1.41
1296 1.42
1297 1.38
1298 1.39
1299 1.39
1300 1.40
1301 1.40
1302 1.42
1303 1.42
1304 1.41
1305 1.41
1306 1.42
1307 1.42
1308 1.42
1309 1.41
1310 1.41
1311 1.42
1312 1.42
1313 1.42
1314 1.42
1315 1.42
1316 1.41
1317 1.41
1318 1.40
1319 1.41
1320 1.42
1321 1.42
1322 1.42
1323 1.42
1324 1.41
1325 1.42
1326 1.42
1327 1.42
1328 1.41
1329 1.41
1330 1.41
1331 1.41
1332 1.42
1333 1.38
1334 1.40
1335 1.40
1336 1.40
1337 1.40
1338 1.42
1339 1.42
1340 1.42
1341 1.41
1342 1.42
1343 1.42
1344 1.42
1345 1.42
1346 1.42
1347 1.41
1348 1.41
1349 1.42
1350 1.40
1351 1.38
1352 1.39
1353 1.40
1354 1.40
1355 1.41
1356 1.42
1357 1.42
1358 1.41
1359 1.41
1360 1.41
1361 1.41
1362 1.34
1363 1.36
1364 1.36
1365 1.36
1366 1.36
1367 1.36
1368 1.35
1369 1.37
1370 1.36
1371 1.36
1372 1.36
1373 1.36
1374 1.35
1375 1.35
1376 1.36
1377 1.35
1378 1.35
1379 1.36
1380 1.43
1381 1.42
1382 1.41
1383 1.42
1384 1.41
1385 1.42
1386 1.41
1387 1.41
1388 1.41
1389 1.40
1390 1.41
1391 1.41
1392 1.41
1393 1.42
1394 1.41
1395 1.41
1396 1.41
1397 1.41
1398 1.43
1399 1.43
1400 1.42
1401 1.42
1402 1.42
1403 1.42
1404 1.41
1405 1.42
1406 1.42
1407 1.41
1408 1.42
1409 1.42
1410 1.42
1411 1.42
1412 1.42
1413 1.42
1414 1.41
1415 1.42
1416 1.41
1417 1.41
1418 1.41
1419 1.40
1420 1.41
1421 1.41
1422 1.41
1423 1.41
1424 1.41
1425 1.41
1426 1.41
1427 1.41
1428 1.41
1429 1.42
1430 1.42
1431 1.41
1432 1.41
1433 1.42
1434 1.41
1435 1.41
1436 1.42
1437 1.41
1438 1.41
1439 1.42
1440 1.42
1441 1.41
1442 1.41
1443 1.41
1444 1.42
1445 1.41
1446 1.42
1447 1.42
1448 1.42
1449 1.41
1450 1.42
1451 1.42
1452 1.42
1453 1.42
1454 1.42
1455 1.41
1456 1.41
1457 1.41
1458 1.42
1459 1.42
1460 1.42
1461 1.42
1462 1.42
1463 1.42
1464 1.41
1465 1.42
1466 1.42
1467 1.41
1468 1.42
1469 1.42
1470 1.39
1471 1.40
1472 1.40
1473 1.40
1474 1.40
1475 1.40
1476 1.42
1477 1.42
1478 1.42
1479 1.42
1480 1.42
1481 1.42
1482 1.40
1483 1.41
1484 1.41
1485 1.41
1486 1.41
1487 1.41
1488 1.28
1489 1.28
1490 1.27
1491 1.27
1492 1.27
1493 1.27
1494 1.27
1495 1.28
1496 1.27
1497 1.27
1498 1.28
1499 1.28
1500 1.28
1501 1.28
1502 1.28
1503 1.27
1504 1.27
1505 1.28
1506 1.27
1507 1.27
1508 1.27
1509 1.27
1510 1.28
1511 1.28
1512 1.09
1513 1.11
1514 1.11
1515 1.12
1516 1.11
1517 1.12
1518 1.09
1519 1.11
1520 1.12
1521 1.12
1522 1.11
1523 1.12
1524 1.10
1525 1.10
1526 1.12
1527 1.11
1528 1.11
1529 1.12
1530 1.12
1531 1.12
1532 1.12
1533 1.12
1534 1.12
1535 1.12
1536 1.13
1537 1.12
1538 1.13
1539 1.12
1540 1.12
1541 1.12
1542 1.11
1543 1.12
1544 1.12
1545 1.12
1546 1.12
1547 1.12
1548 1.13
1549 1.12
1550 1.12
1551 1.12
1552 1.13
1553 1.12
1554 1.12
1555 1.12
1556 1.12
1557 1.12
1558 1.12
1559 1.12
1560 1.11
1561 1.11
1562 1.12
1563 1.11
1564 1.12
1565 1.12
1566 1.10
1567 1.12
1568 1.12
1569 1.12
1570 1.12
1571 1.12
1572 1.10
1573 1.12
1574 1.12
1575 1.12
1576 1.12
1577 1.12
1578 1.09
1579 1.09
1580 1.10
1581 1.10
1582 1.10
1583 1.11
1584 1.09
1585 1.11
1586 1.11
1587 1.11
1588 1.11
1589 1.12
1590 1.13
1591 1.11
1592 1.11
1593 1.12
1594 1.12
1595 1.12
1596 1.12
1597 1.12
1598 1.08
1599 1.09
1600 1.09
1601 1.10
1602 1.10
1603 1.11
1604 1.12
1605 1.12
1606 1.12
1607 1.12
1608 1.12
1609 1.12
1610 1.12
1611 1.12
1612 1.12
1613 1.12
1614 1.13
1615 1.12
1616 1.12
1617 1.12
1618 1.12
1619 1.12
1620 1.01
1621 1.09
1622 1.14
1623 1.00
1624 1.09
1625 1.14
1626 1.00
1627 1.09
1628 1.14
1629 1.00
1630 1.07
1631 1.01
1632 1.09
1633 1.14
1634 1.01
1635 1.09
1636 1.14
1637 1.01
1638 1.10
1639 1.14
1640 1.01
1641 1.09
1642 1.14
1643 1.07
1644 1.13
1645 1.04
1646 1.11
1647 1.16
1648 1.02
1649 1.10
1650 1.15
1651 1.02
1652 1.10
1653 1.15
1654 1.00
1655 1.08
1656 1.14
1657 1.05
1658 1.12
1659 1.17
1660 1.03
1661 1.11
1662 1.16
1663 1.01
1664 1.09
1665 1.15
1666 1.49
1667 1.46
1668 1.44
1669 1.44
1670 1.43
1671 1.42
1672 1.42
1673 1.44
1674 1.44
1675 1.43
1676 1.43
1677 1.41
1678 1.49
1679 1.46
1680 1.44
1681 1.44
1682 1.45
1683 1.44
1684 1.51
1685 1.45
1686 1.44
1687 1.43
1688 1.43
1689 1.42
1690 1.50
1691 1.44
1692 1.44
1693 1.44
1694 1.44
1695 1.43
1696 1.49
1697 1.46
1698 1.45
1699 1.43
1700 1.43
1701 1.43
1702 1.44
1703 1.43
1704 1.43
1705 1.42
1706 1.43
1707 1.43
1708 1.43
1709 1.45
1710 1.45
1711 1.43
1712 1.43
1713 1.42
1714 1.44
1715 1.45
1716 1.45
1717 1.44
1718 1.44
1719 1.44
1720 1.47
1721 1.44
1722 1.44
1723 1.43
1724 1.43
1725 1.43
1726 1.49
1727 1.45
1728 1.46
1729 1.44
1730 1.44
1731 1.43
1732 1.47
1733 1.44
1734 1.44
1735 1.44
1736 1.43
1737 1.43
1738 1.42
1739 1.41
1740 1.42
1741 1.42
1742 1.42
1743 1.42
1744 1.45
1745 1.44
1746 1.45
1747 1.44
1748 1.44
1749 1.44
1750 1.44
1751 1.41
1752 1.43
1753 1.42
1754 1.42
1755 1.42
1756 1.04
1757 1.04
1758 1.04
1759 1.04
1760 1.04
1761 1.04
1762 1.04
1763 1.04
1764 1.04
1765 1.04
1766 1.04
1767 1.04
1768 1.03
1769 1.04
1770 1.04
1771 1.04
1772 1.04
1773 1.04
1774 1.04
1775 1.04
1776 1.04
1777 1.04
1778 1.04
1779 1.04
1780 1.05
1781 1.04
1782 1.04
1783 1.04
1784 1.04
1785 1.04
1786 1.04
1787 1.05
1788 1.04
1789 1.04
1790 1.04
1791 1.04
1792 1.04
1793 1.05
1794 1.05
1795 1.04
1796 1.04
1797 1.04
1798 1.03
1799 1.03
1800 1.04
1801 1.04
1802 1.04
1803 1.04
1804 1.04
1805 1.04
1806 1.04
1807 1.04
1808 1.04
1809 1.04
1810 1.04
1811 1.04
1812 1.04
1813 1.04
1814 1.04
1815 1.04
1816 1.05
1817 1.04
1818 1.05
1819 1.05
1820 1.05
1821 1.05
1822 1.05
1823 1.05
1824 1.04
1825 1.04
1826 1.04
1827 1.04
1828 1.04
1829 1.04
1830 1.04
1831 1.04
1832 1.04
1833 1.04
1834 1.03
1835 1.03
1836 1.03
1837 1.03
1838 1.04
1839 1.04
1840 1.04
1841 1.04
1842 1.04
1843 1.04
1844 1.04
1845 1.04
1846 1.39
1847 1.39
1848 1.39
1849 1.40
1850 1.40
1851 1.40
1852 1.41
1853 1.40
1854 1.40
1855 1.40
1856 1.40
1857 1.39
1858 1.41
1859 1.39
1860 1.39
1861 1.40
1862 1.40
1863 1.40
1864 1.39
1865 1.39
1866 1.39
1867 1.39
1868 1.39
1869 1.39
1870 1.40
1871 1.40
1872 1.39
1873 1.39
1874 1.39
1875 1.39
1876 1.40
1877 1.39
1878 1.39
1879 1.39
1880 1.39
1881 1.39
1882 1.41
1883 1.40
1884 1.40
1885 1.40
1886 1.40
1887 1.40
1888 1.37
1889 1.39
1890 1.39
1891 1.39
1892 1.39
1893 1.40
1894 1.40
1895 1.39
1896 1.39
1897 1.39
1898 1.39
1899 1.39
1900 1.40
1901 1.40
1902 1.40
1903 1.40
1904 1.40
1905 1.40
1906 1.39
1907 1.39
1908 1.39
1909 1.40
1910 1.39
1911 1.39
1912 1.38
1913 1.39
1914 1.38
1915 1.39
1916 1.39
1917 1.39
1918 1.39
1919 1.39
1920 1.39
1921 1.39
1922 1.39
1923 1.39
1924 1.40
1925 1.40
1926 1.40
1927 1.39
1928 1.40
1929 1.40
1930 1.39
1931 1.39
1932 1.39
1933 1.39
1934 1.39
1935 1.39
1936 1.41
1937 1.40
1938 1.39
1939 1.40
1940 1.40
1941 1.40
1942 1.39
1943 1.40
1944 1.40
1945 1.39
1946 1.40
1947 1.39
1948 1.39
1949 1.39
1950 1.40
1951 1.39
1952 1.39
1953 1.39
1954 1.09
1955 1.08
1956 1.10
1957 1.10
1958 1.11
1959 1.12
1960 1.13
1961 1.07
1962 1.08
1963 1.10
1964 1.10
1965 1.10
1966 1.05
1967 1.10
1968 1.11
1969 1.13
1970 1.12
1971 1.13
1972 1.09
1973 1.12
1974 1.12
1975 1.12
1976 1.12
1977 1.11
1978 1.10
1979 1.11
1980 1.10
1981 1.11
1982 1.10
1983 1.11
1984 1.09
1985 1.10
1986 1.08
1987 1.08
1988 1.09
1989 1.08
1990 1.16
1991 1.10
1992 1.11
1993 1.11
1994 1.11
1995 1.11
1996 1.05
1997 1.09
1998 1.10
1999 1.12
