0 1.38
1 1.39
2 1.39
3 1.39
4 1.39
5 1.39
6 1.40
7 1.40
8 1.40
9 1.39
10 1.40
11 1.40
12 1.39
13 1.39
14 1.39
15 1.39
16 1.39
17 1.39
18 1.39
19 1.39
20 1.39
21 1.39
22 1.39
23 1.39
24 1.39
25 1.39
26 1.39
27 1.39
28 1.39
29 1.39
30 1.39
31 1.39
32 1.39
33 1.40
34 1.39
35 1.39
36 1.39
37 1.40
38 1.40
39 1.39
40 1.39
41 1.39
42 1.39
43 1.40
44 1.40
45 1.39
46 1.39
47 1.39
48 1.39
49 1.40
50 1.39
51 1.39
52 1.39
53 1.39
54 1.35
55 1.38
56 1.38
57 1.38
58 1.39
59 1.39
60 1.81
61 1.57
62 1.66
63 1.84
64 1.39
65 1.40
66 1.41
67 1.41
68 1.41
69 1.40
70 1.40
71 1.41
72 1.41
73 1.41
74 1.41
75 1.41
76 1.39
77 1.35
78 1.36
79 1.36
80 1.36
81 1.36
82 1.39
83 1.40
84 1.40
85 1.40
86 1.40
87 1.40
88 1.41
89 1.38
90 1.38
91 1.38
92 1.39
93 1.39
94 1.40
95 1.39
96 1.40
97 1.40
98 1.40
99 1.40
100 1.38
101 1.40
102 1.38
103 1.38
104 1.39
105 1.38
106 1.39
107 1.38
108 1.39
109 1.39
110 1.39
111 1.39
112 1.39
113 1.38
114 1.39
115 1.39
116 1.39
117 1.39
118 1.28
119 1.31
120 1.32
121 1.34
122 1.35
123 1.35
124 1.33
125 1.36
126 1.37
127 1.38
128 1.37
129 1.37
130 1.40
131 1.39
132 1.40
133 1.39
134 1.39
135 1.39
136 1.40
137 1.40
138 1.40
139 1.40
140 1.40
141 1.39
142 1.38
143 1.40
144 1.40
145 1.40
146 1.40
147 1.40
148 1.40
149 1.41
150 1.40
151 1.40
152 1.40
153 1.40
154 1.40
155 1.40
156 1.40
157 1.40
158 1.41
159 1.40
160 1.40
161 1.40
162 1.40
163 1.40
164 1.40
165 1.40
166 1.50
167 1.49
168 1.46
169 1.45
170 1.45
171 1.44
172 1.35
173 1.33
174 1.33
175 1.33
176 1.33
177 1.33
178 1.59
179 1.51
180 1.48
181 1.46
182 1.45
183 1.47
184 1.42
185 1.40
186 1.40
187 1.41
188 1.41
189 1.41
190 1.43
191 1.46
192 1.45
193 1.44
194 1.43
195 1.42
196 1.41
197 1.42
198 1.43
199 1.39
200 1.40
201 1.40
202 1.45
203 1.43
204 1.42
205 1.42
206 1.42
207 1.42
208 1.51
209 1.48
210 1.46
211 1.45
212 1.44
213 1.44
214 1.58
215 1.52
216 1.49
217 1.47
218 1.44
219 1.43
220 1.39
221 1.46
222 1.44
223 1.43
224 1.43
225 1.43
226 1.55
227 1.48
228 1.44
229 1.44
230 1.44
231 1.43
232 1.42
233 1.46
234 1.44
235 1.43
236 1.43
237 1.43
238 1.44
239 1.44
240 1.41
241 1.43
242 1.42
243 1.43
244 1.64
245 1.53
246 1.50
247 1.48
248 1.46
249 1.46
250 1.47
251 1.45
252 1.44
253 1.42
254 1.39
255 1.33
256 1.37
257 1.42
258 1.42
259 1.43
260 1.43
261 1.43
262 1.42
263 1.36
264 1.32
265 1.35
266 1.36
267 1.37
268 1.47
269 1.45
270 1.42
271 1.44
272 1.43
273 1.42
274 1.42
275 1.42
276 1.41
277 1.42
278 1.41
279 1.42
280 1.41
281 1.41
282 1.41
283 1.41
284 1.41
285 1.41
286 1.43
287 1.42
288 1.42
289 1.41
290 1.41
291 1.41
292 1.44
293 1.43
294 1.43
295 1.43
296 1.42
297 1.42
298 1.41
299 1.42
300 1.42
301 1.42
302 1.41
303 1.41
304 1.42
305 1.41
306 1.42
307 1.41
308 1.41
309 1.42
310 1.41
311 1.41
312 1.41
313 1.41
314 1.42
315 1.41
316 1.43
317 1.42
318 1.41
319 1.41
320 1.42
321 1.42
322 1.41
323 1.41
324 1.41
325 1.41
326 1.41
327 1.42
328 1.42
329 1.43
330 1.42
331 1.42
332 1.42
333 1.41
334 1.13
335 1.28
336 1.33
337 1.35
338 1.36
339 1.37
340 1.43
341 1.42
342 1.42
343 1.42
344 1.42
345 1.42
346 1.41
347 1.41
348 1.41
349 1.41
350 1.41
351 1.42
352 1.42
353 1.41
354 1.42
355 1.41
356 1.41
357 1.41
358 1.40
359 1.40
360 1.41
361 1.41
362 1.41
363 1.41
364 1.41
365 1.42
366 1.41
367 1.41
368 1.41
369 1.41
370 1.43
371 1.42
372 1.42
373 1.42
374 1.41
375 1.42
376 1.41
377 1.41
378 1.42
379 1.42
380 1.42
381 1.42
382 1.39
383 1.39
384 1.39
385 1.40
386 1.40
387 1.40
388 1.40
389 1.40
390 1.39
391 1.39
392 1.39
393 1.39
394 1.40
395 1.40
396 1.40
397 1.40
398 1.40
399 1.40
400 1.40
401 1.39
402 1.39
403 1.40
404 1.40
405 1.40
406 1.42
407 1.39
408 1.40
409 1.40
410 1.40
411 1.40
412 1.39
413 1.39
414 1.39
415 1.39
416 1.40
417 1.40
418 1.41
419 1.40
420 1.40
421 1.40
422 1.40
423 1.40
424 1.40
425 1.41
426 1.40
427 1.41
428 1.40
429 1.40
430 1.38
431 1.39
432 1.39
433 1.39
434 1.39
435 1.39
436 1.40
437 1.40
438 1.40
439 1.40
440 1.39
441 1.40
442 1.39
443 1.39
444 1.40
445 1.40
446 1.40
447 1.40
448 1.39
449 1.40
450 1.40
451 1.40
452 1.40
453 1.40
454 1.38
455 1.39
456 1.40
457 1.40
458 1.40
459 1.40
460 1.42
461 1.41
462 1.40
463 1.41
464 1.40
465 1.40
466 1.38
467 1.39
468 1.39
469 1.39
470 1.39
471 1.39
472 1.40
473 1.40
474 1.39
475 1.39
476 1.39
477 1.39
478 1.39
479 1.39
480 1.39
481 1.39
482 1.39
483 1.39
484 1.40
485 1.40
486 1.40
487 1.40
488 1.40
489 1.40
490 1.95
491 1.42
492 1.42
493 1.42
494 1.42
495 1.41
496 1.42
497 1.42
498 1.41
499 1.42
500 1.42
501 1.42
502 1.42
503 1.40
504 1.41
505 1.41
506 1.42
507 1.42
508 1.41
509 1.42
510 1.41
511 1.41
512 1.41
513 1.41
514 1.41
515 1.42
516 1.41
517 1.42
518 1.42
519 1.41
520 1.42
521 1.41
522 1.42
523 1.41
524 1.41
525 1.42
526 1.42
527 1.43
528 1.41
529 1.41
530 1.42
531 1.41
532 1.42
533 1.43
534 1.42
535 1.42
536 1.41
537 1.42
538 1.42
539 1.42
540 1.41
541 1.41
542 1.41
543 1.41
544 1.42
545 1.33
546 1.36
547 1.38
548 1.38
549 1.39
550 1.40
551 1.40
552 1.42
553 1.41
554 1.42
555 1.41
556 1.42
557 1.41
558 1.41
559 1.42
560 1.42
561 1.41
562 1.41
563 1.41
564 1.41
565 1.41
566 1.41
567 1.42
568 1.42
569 1.42
570 1.41
571 1.41
572 1.41
573 1.41
574 1.41
575 1.41
576 1.42
577 1.41
578 1.41
579 1.42
580 1.41
581 1.42
582 1.42
583 1.41
584 1.41
585 1.41
586 1.42
587 1.42
588 1.41
589 1.41
590 1.41
591 1.41
592 1.41
593 1.44
594 1.43
595 1.42
596 1.41
597 1.42
598 1.42
599 1.42
600 1.41
601 1.41
602 1.41
603 1.41
604 1.41
605 1.40
606 1.41
607 1.40
608 1.40
609 1.40
610 1.41
611 1.42
612 1.42
613 1.41
614 1.42
615 1.41
616 1.41
617 1.42
618 1.40
619 1.41
620 1.41
621 1.42
622 1.41
623 1.39
624 1.42
625 1.41
626 1.41
627 1.41
628 1.41
629 1.41
630 1.41
631 1.41
632 1.41
633 1.41
634 1.42
635 1.43
636 1.42
637 1.42
638 1.42
639 1.42
640 1.42
641 1.42
642 1.41
643 1.41
644 1.41
645 1.42
646 1.41
647 1.42
648 1.42
649 1.41
650 1.42
651 1.42
652 1.42
653 1.41
654 1.41
655 1.41
656 1.41
657 1.41
658 1.41
659 1.41
660 1.41
661 1.41
662 1.41
663 1.41
664 1.41
665 1.42
666 1.42
667 1.42
668 1.42
669 1.42
670 1.42
671 1.39
672 1.41
673 1.41
674 1.41
675 1.41
676 1.41
677 1.41
678 1.41
679 1.41
680 1.42
681 1.42
682 1.41
683 1.42
684 1.41
685 1.41
686 1.42
687 1.42
688 1.42
689 1.42
690 1.43
691 1.42
692 1.42
693 1.42
694 1.42
695 1.40
696 1.41
697 1.41
698 1.41
699 1.41
700 1.41
701 1.41
702 1.41
703 1.41
704 1.41
705 1.41
706 1.42
707 1.04
708 1.04
709 1.05
710 1.06
711 1.46
712 1.38
713 1.38
714 1.42
715 1.40
716 1.32
717 1.33
718 1.30
719 1.30
720 1.32
721 1.31
722 1.31
723 1.43
724 1.42
725 1.42
726 1.42
727 1.42
728 1.41
729 1.40
730 1.40
731 1.41
732 1.40
733 1.40
734 1.40
735 1.42
736 1.42
737 1.42
738 1.42
739 1.42
740 1.42
741 1.43
742 1.41
743 1.42
744 1.42
745 1.42
746 1.42
747 1.39
748 1.42
749 1.40
750 1.42
751 1.41
752 1.41
753 1.43
754 1.43
755 1.42
756 1.42
757 1.42
758 1.42
759 1.42
760 1.42
761 1.42
762 1.42
763 1.42
764 1.42
765 1.42
766 1.41
767 1.43
768 1.41
769 1.42
770 1.42
771 1.43
772 1.42
773 1.42
774 1.42
775 1.42
776 1.42
777 1.41
778 1.41
779 1.41
780 1.41
781 1.41
782 1.41
783 1.46
784 1.44
785 1.42
786 1.43
787 1.42
788 1.42
789 1.42
790 1.42
791 1.41
792 1.42
793 1.42
794 1.42
795 1.43
796 1.42
797 1.42
798 1.42
799 1.42
800 1.42
801 1.42
802 1.42
803 1.42
804 1.41
805 1.41
806 1.50
807 1.41
808 1.42
809 1.41
810 1.41
811 1.41
812 1.41
813 1.39
814 1.41
815 1.41
816 1.41
817 1.41
818 1.41
819 1.40
820 1.41
821 1.41
822 1.41
823 1.41
824 1.41
825 1.42
826 1.42
827 1.42
828 1.42
829 1.42
830 1.42
831 1.41
832 1.41
833 1.41
834 1.42
835 1.42
836 1.42
837 1.43
838 1.42
839 1.41
840 1.42
841 1.42
842 1.42
843 1.42
844 1.42
845 1.42
846 1.41
847 1.42
848 1.42
849 1.41
850 1.42
851 1.42
852 1.42
853 1.42
854 1.42
855 1.42
856 1.41
857 1.41
858 1.42
859 1.42
860 1.42
861 1.41
862 1.42
863 1.42
864 1.41
865 1.42
866 1.41
867 1.42
868 1.42
869 1.42
870 1.42
871 1.42
872 1.42
873 1.41
874 1.41
875 1.41
876 1.41
877 1.41
878 1.42
879 1.43
880 1.42
881 1.42
882 1.42
883 1.42
884 1.42
885 1.41
886 1.43
887 1.42
888 1.42
889 1.41
890 1.41
891 1.44
892 1.42
893 1.42
894 1.42
895 1.42
896 1.42
897 1.41
898 1.42
899 1.42
900 1.42
901 1.42
902 1.42
903 1.14
904 1.13
905 1.12
906 1.12
907 1.12
908 1.12
909 1.13
910 1.13
911 1.12
912 1.13
913 1.12
914 1.12
915 1.13
916 1.13
917 1.12
918 1.12
919 1.13
920 1.12
921 1.13
922 1.13
923 1.12
924 1.12
925 1.12
926 1.12
927 1.12
928 1.12
929 1.12
930 1.12
931 1.12
932 1.12
933 1.11
934 1.13
935 1.12
936 1.13
937 1.12
938 1.12
939 1.13
940 1.13
941 1.13
942 1.13
943 1.13
944 1.13
945 1.12
946 1.12
947 1.12
948 1.12
949 1.13
950 1.12
951 1.12
952 1.13
953 1.12
954 1.13
955 1.12
956 1.12
957 1.14
958 1.13
959 1.13
960 1.13
961 1.13
962 1.13
963 1.14
964 1.13
965 1.13
966 1.12
967 1.13
968 1.13
969 1.12
970 1.12
971 1.12
972 1.13
973 1.12
974 1.12
975 1.42
976 1.41
977 1.42
978 1.41
979 1.41
980 1.40
981 1.42
982 1.41
983 1.41
984 1.41
985 1.41
986 1.41
987 1.41
988 1.41
989 1.41
990 1.41
991 1.41
992 1.41
993 1.41
994 1.41
995 1.41
996 1.41
997 1.41
998 1.41
999 1.41
1000 1.42
1001 1.42
1002 1.42
1003 1.41
1004 1.41
1005 1.42
1006 1.41
1007 1.41
1008 1.41
1009 1.41
1010 1.41
1011 1.41
1012 1.41
1013 1.41
1014 1.41
1015 1.41
1016 1.41
1017 1.42
1018 1.41
1019 1.42
1020 1.41
1021 1.41
1022 1.41
1023 1.41
1024 1.42
1025 1.42
1026 1.41
1027 1.41
1028 1.41
1029 1.41
1030 1.41
1031 1.41
1032 1.41
1033 1.41
1034 1.41
1035 1.41
1036 1.41
1037 1.41
1038 1.41
1039 1.41
1040 1.41
1041 1.41
1042 1.41
1043 1.41
1044 1.41
1045 1.41
1046 1.41
1047 1.40
1048 1.41
1049 1.41
1050 1.41
1051 1.41
1052 1.41
1053 1.41
1054 1.41
1055 1.40
1056 1.39
1057 1.39
1058 1.39
1059 1.41
1060 1.41
1061 1.41
1062 1.40
1063 1.40
1064 1.40
1065 1.40
1066 1.40
1067 1.41
1068 1.40
1069 1.40
1070 1.40
1071 1.41
1072 1.42
1073 1.42
1074 1.41
1075 1.41
1076 1.41
1077 1.42
1078 1.41
1079 1.42
1080 1.41
1081 1.41
1082 1.41
1083 1.42
1084 1.42
1085 1.42
1086 1.42
1087 1.42
1088 1.42
1089 1.42
1090 1.42
1091 1.42
1092 1.42
1093 1.42
1094 1.42
1095 1.43
1096 1.42
1097 1.42
1098 1.42
1099 1.42
1100 1.42
1101 1.42
1102 1.42
1103 1.42
1104 1.42
1105 1.42
1106 1.41
1107 1.42
1108 1.41
1109 1.42
1110 1.42
1111 1.41
1112 1.41
1113 1.42
1114 1.41
1115 1.41
1116 1.41
1117 1.41
1118 1.41
1119 1.42
1120 1.41
1121 1.41
1122 1.42
1123 1.42
1124 1.41
1125 1.41
1126 1.41
1127 1.42
1128 1.42
1129 1.41
1130 1.41
1131 1.41
1132 1.42
1133 1.42
1134 1.41
1135 1.42
1136 1.41
1137 1.41
1138 1.41
1139 1.42
1140 1.42
1141 1.42
1142 1.42
1143 1.42
1144 1.42
1145 1.41
1146 1.41
1147 1.41
1148 1.42
1149 1.42
1150 1.42
1151 1.41
1152 1.41
1153 1.41
1154 1.41
1155 1.42
1156 1.42
1157 1.42
1158 1.42
1159 1.42
1160 1.42
1161 1.44
1162 1.42
1163 1.42
1164 1.41
1165 1.42
1166 1.42
1167 1.41
1168 1.42
1169 1.41
1170 1.41
1171 1.41
1172 1.41
1173 1.39
1174 1.40
1175 1.40
1176 1.40
1177 1.40
1178 1.41
1179 1.41
1180 1.41
1181 1.41
1182 1.42
1183 1.42
1184 1.42
1185 1.41
1186 1.41
1187 1.41
1188 1.41
1189 1.41
1190 1.41
1191 1.41
1192 1.41
1193 1.41
1194 1.42
1195 1.42
1196 1.42
1197 1.41
1198 1.41
1199 1.41
1200 1.42
1201 1.41
1202 1.42
1203 1.42
1204 1.41
1205 1.41
1206 1.41
1207 1.41
1208 1.41
1209 1.41
1210 1.41
1211 1.41
1212 1.41
1213 1.41
1214 1.41
1215 1.41
1216 1.41
1217 1.41
1218 1.41
1219 1.41
1220 1.41
1221 1.41
1222 1.41
1223 1.41
1224 1.41
1225 1.41
1226 1.41
1227 1.41
1228 1.41
1229 1.41
1230 1.41
1231 1.41
1232 1.41
1233 1.43
1234 1.42
1235 1.42
1236 1.41
1237 1.42
1238 1.42
1239 1.42
1240 1.42
1241 1.42
1242 1.42
1243 1.42
1244 1.42
1245 1.41
1246 1.42
1247 1.41
1248 1.41
1249 1.41
1250 1.41
1251 1.42
1252 1.41
1253 1.42
1254 1.41
1255 1.41
1256 1.41
1257 1.41
1258 1.42
1259 1.42
1260 1.42
1261 1.41
1262 1.41
1263 1.41
1264 1.41
1265 1.41
1266 1.41
1267 1.41
1268 1.41
1269 1.42
1270 1.42
1271 1.42
1272 1.41
1273 1.41
1274 1.41
1275 1.42
1276 1.41
1277 1.41
1278 1.41
1279 1.41
1280 1.41
1281 1.42
1282 1.42
1283 1.42
1284 1.41
1285 1.42
1286 1.42
1287 1.42
1288 1.42
1289 1.42
1290 1.42
1291 1.42
1292 1.42
1293 1.41
1294 1.42
1295 1.41
1296 1.41
1297 1.41
1298 1.42
1299 1.43
1300 1.41
1301 1.41
1302 1.41
1303 1.41
1304 1.41
1305 1.42
1306 1.41
1307 1.41
1308 1.42
1309 1.42
1310 1.42
1311 1.41
1312 1.41
1313 1.41
1314 1.41
1315 1.41
1316 1.41
1317 1.41
1318 1.42
1319 1.41
1320 1.41
1321 1.41
1322 1.42
1323 1.42
1324 1.42
1325 1.42
1326 1.42
1327 1.42
1328 1.42
1329 1.42
1330 1.42
1331 1.42
1332 1.42
1333 1.42
1334 1.42
1335 1.42
1336 1.42
1337 1.41
1338 1.42
1339 1.42
1340 1.42
1341 1.42
1342 1.42
1343 1.41
1344 1.41
1345 1.42
1346 1.42
1347 1.43
1348 1.43
1349 1.42
1350 1.41
1351 1.42
1352 1.42
1353 1.40
1354 1.41
1355 1.41
1356 1.41
1357 1.42
1358 1.41
1359 1.41
1360 1.41
1361 1.41
1362 1.42
1363 1.42
1364 1.42
1365 1.41
1366 1.41
1367 1.41
1368 1.41
1369 1.41
1370 1.42
1371 1.42
1372 1.41
1373 1.42
1374 1.42
1375 1.42
1376 1.42
1377 1.41
1378 1.41
1379 1.41
1380 1.41
1381 1.41
1382 1.41
1383 1.40
1384 1.41
1385 1.41
1386 1.41
1387 1.41
1388 1.41
1389 1.35
1390 1.39
1391 1.40
1392 1.39
1393 1.40
1394 1.40
1395 1.43
1396 1.42
1397 1.42
1398 1.42
1399 1.42
1400 1.42
1401 1.41
1402 1.41
1403 1.41
1404 1.41
1405 1.42
1406 1.41
1407 1.39
1408 1.40
1409 1.40
1410 1.41
1411 1.41
1412 1.41
1413 1.39
1414 1.41
1415 1.41
1416 1.41
1417 1.41
1418 1.41
1419 1.43
1420 1.42
1421 1.42
1422 1.42
1423 1.42
1424 1.42
1425 1.42
1426 1.42
1427 1.42
1428 1.42
1429 1.42
1430 1.42
1431 1.03
1432 1.09
1433 1.40
1434 1.42
1435 1.41
1436 1.42
1437 1.41
1438 1.42
1439 1.42
1440 1.42
1441 1.42
1442 1.41
1443 1.42
1444 1.42
1445 1.45
1446 1.42
1447 1.43
1448 1.42
1449 1.42
1450 1.42
1451 1.40
1452 1.42
1453 1.41
1454 1.42
1455 1.42
1456 1.42
1457 1.41
1458 1.41
1459 1.42
1460 1.41
1461 1.41
1462 1.42
1463 1.42
1464 1.42
1465 1.41
1466 1.42
1467 1.42
1468 1.41
1469 1.40
1470 1.42
1471 1.41
1472 1.42
1473 1.41
1474 1.41
1475 1.41
1476 1.42
1477 1.42
1478 1.41
1479 1.42
1480 1.42
1481 1.42
1482 1.42
1483 1.42
1484 1.42
1485 1.42
1486 1.42
1487 1.42
1488 1.42
1489 1.42
1490 1.42
1491 1.42
1492 1.42
1493 1.24
1494 1.24
1495 1.24
1496 1.24
1497 1.24
1498 1.24
1499 1.25
1500 1.24
1501 1.24
1502 1.24
1503 1.24
1504 1.24
1505 1.23
1506 1.24
1507 1.24
1508 1.24
1509 1.24
1510 1.24
1511 1.24
1512 1.24
1513 1.24
1514 1.24
1515 1.24
1516 1.24
1517 1.24
1518 1.24
1519 1.24
1520 1.24
1521 1.24
1522 1.24
1523 1.25
1524 1.25
1525 1.25
1526 1.24
1527 1.25
1528 1.25
1529 1.24
1530 1.24
1531 1.24
1532 1.24
1533 1.24
1534 1.24
1535 1.22
1536 1.24
1537 1.24
1538 1.24
1539 1.24
1540 1.24
1541 1.23
1542 1.25
1543 1.24
1544 1.24
1545 1.24
1546 1.24
1547 1.25
1548 1.25
1549 1.25
1550 1.24
1551 1.24
1552 1.25
1553 1.42
1554 1.41
1555 1.42
1556 1.42
1557 1.42
1558 1.41
1559 1.39
1560 1.41
1561 1.41
1562 1.41
1563 1.41
1564 1.41
1565 1.42
1566 1.42
1567 1.41
1568 1.41
1569 1.41
1570 1.41
1571 1.42
1572 1.42
1573 1.41
1574 1.42
1575 1.41
1576 1.41
1577 1.43
1578 1.41
1579 1.42
1580 1.41
1581 1.41
1582 1.41
1583 1.42
1584 1.41
1585 1.41
1586 1.41
1587 1.41
1588 1.41
1589 1.42
1590 1.41
1591 1.42
1592 1.41
1593 1.42
1594 1.42
1595 1.42
1596 1.42
1597 1.42
1598 1.41
1599 1.41
1600 1.42
1601 1.40
1602 1.42
1603 1.41
1604 1.41
1605 1.41
1606 1.41
1607 1.43
1608 1.42
1609 1.42
1610 1.40
1611 1.41
1612 1.41
1613 1.41
1614 1.42
1615 1.42
1616 1.42
1617 1.42
1618 1.42
1619 1.42
1620 1.42
1621 1.42
1622 1.42
1623 1.42
1624 1.42
1625 1.41
1626 1.41
1627 1.41
1628 1.41
1629 1.41
1630 1.41
1631 1.40
1632 1.42
1633 1.41
1634 1.41
1635 1.42
1636 1.42
1637 1.43
1638 1.42
1639 1.42
1640 1.42
1641 1.42
1642 1.42
1643 1.41
1644 1.41
1645 1.41
1646 1.41
1647 1.41
1648 1.41
1649 1.42
1650 1.41
1651 1.41
1652 1.41
1653 1.41
1654 1.41
1655 1.40
1656 1.42
1657 1.40
1658 1.41
1659 1.41
1660 1.41
1661 1.42
1662 1.42
1663 1.42
1664 1.42
1665 1.41
1666 1.42
1667 1.41
1668 1.41
1669 1.42
1670 1.42
1671 1.41
1672 1.41
1673 1.42
1674 1.41
1675 1.42
1676 1.42
1677 1.42
1678 1.42
1679 1.43
1680 1.42
1681 1.42
1682 1.41
1683 1.42
1684 1.42
1685 1.41
1686 1.41
1687 1.41
1688 1.42
1689 1.41
1690 1.42
1691 1.42
1692 1.41
1693 1.41
1694 1.41
1695 1.41
1696 1.41
1697 1.43
1698 1.42
1699 1.42
1700 1.42
1701 1.42
1702 1.42
1703 1.43
1704 1.41
1705 1.42
1706 1.42
1707 1.41
1708 1.41
1709 1.41
1710 1.42
1711 1.42
1712 1.41
1713 1.41
1714 1.41
1715 1.40
1716 1.41
1717 1.41
1718 1.41
1719 1.41
1720 1.41
1721 1.39
1722 1.41
1723 1.41
1724 1.41
1725 1.41
1726 1.41
1727 1.41
1728 1.41
1729 1.41
1730 1.42
1731 1.42
1732 1.41
1733 1.40
1734 1.42
1735 1.41
1736 1.41
1737 1.41
1738 1.41
1739 1.41
1740 1.40
1741 1.41
1742 1.42
1743 1.41
1744 1.41
1745 1.88
1746 1.88
1747 1.88
1748 1.88
1749 1.86
1750 1.87
1751 1.89
1752 1.89
1753 1.89
1754 1.89
1755 1.89
1756 1.89
1757 1.89
1758 1.89
1759 1.89
1760 1.89
1761 1.89
1762 1.89
1763 1.89
1764 1.89
1765 1.89
1766 1.89
1767 1.89
1768 1.89
1769 1.89
1770 1.89
1771 1.89
1772 1.89
1773 1.89
1774 1.89
1775 1.89
1776 1.89
1777 1.89
1778 1.89
1779 1.89
1780 1.89
1781 1.88
1782 1.89
1783 1.89
1784 1.89
1785 1.89
1786 1.89
1787 1.89
1788 1.89
1789 1.89
1790 1.89
1791 1.89
1792 1.89
1793 1.89
1794 1.89
1795 1.89
1796 1.89
1797 1.89
1798 1.89
1799 1.86
1800 1.83
1801 1.79
1802 1.81
1803 1.80
1804 1.80
1805 1.89
1806 1.88
1807 1.89
1808 1.89
1809 1.89
1810 1.89
1811 1.89
1812 1.89
1813 1.89
1814 1.89
1815 1.89
1816 1.89
1817 1.89
1818 1.89
1819 1.89
1820 1.89
1821 1.89
1822 1.89
1823 1.90
1824 1.89
1825 1.89
1826 1.89
1827 1.89
1828 1.89
1829 1.89
1830 1.89
1831 1.89
1832 1.89
1833 1.89
1834 1.89
1835 1.89
1836 1.89
1837 1.89
1838 1.89
1839 1.88
1840 1.88
1841 1.02
1842 1.17
1843 1.48
1844 1.89
1845 1.41
1846 1.41
1847 1.41
1848 1.41
1849 1.41
1850 1.41
1851 1.41
1852 1.42
1853 1.42
1854 1.42
1855 1.42
1856 1.42
1857 1.41
1858 1.41
1859 1.41
1860 1.41
1861 1.41
1862 1.41
1863 1.42
1864 1.42
1865 1.42
1866 1.42
1867 1.42
1868 1.42
1869 1.42
1870 1.41
1871 1.42
1872 1.41
1873 1.42
1874 1.42
1875 1.41
1876 1.41
1877 1.41
1878 1.41
1879 1.41
1880 1.41
1881 1.40
1882 1.41
1883 1.41
1884 1.41
1885 1.41
1886 1.41
1887 1.41
1888 1.41
1889 1.42
1890 1.42
1891 1.42
1892 1.42
1893 1.41
1894 1.41
1895 1.41
1896 1.42
1897 1.41
1898 1.41
1899 1.40
1900 1.41
1901 1.41
1902 1.41
1903 1.41
1904 1.41
1905 1.42
1906 1.41
1907 1.41
1908 1.41
1909 1.41
1910 1.41
1911 1.41
1912 1.41
1913 1.41
1914 1.41
1915 1.41
1916 1.41
1917 1.39
1918 1.41
1919 1.41
1920 1.41
1921 1.41
1922 1.41
1923 1.41
1924 1.40
1925 1.41
1926 1.41
1927 1.41
1928 1.41
1929 1.41
1930 1.41
1931 1.41
1932 1.41
1933 1.41
1934 1.41
1935 1.41
1936 1.41
1937 1.41
1938 1.41
1939 1.41
1940 1.41
1941 1.39
1942 1.39
1943 1.39
1944 1.39
1945 1.39
1946 1.39
1947 1.41
1948 1.39
1949 1.39
1950 1.39
1951 1.39
1952 1.39
1953 1.39
1954 1.39
1955 1.39
1956 1.39
1957 1.40
1958 1.39
1959 1.40
1960 1.40
1961 1.40
1962 1.40
1963 1.39
1964 1.39
1965 1.41
1966 1.40
1967 1.40
1968 1.40
1969 1.40
1970 1.40
1971 1.40
1972 1.41
1973 1.40
1974 1.39
1975 1.39
1976 1.38
1977 1.40
1978 1.40
1979 1.39
1980 1.39
1981 1.39
1982 1.40
1983 1.40
1984 1.40
1985 1.40
1986 1.40
1987 1.40
1988 1.40
1989 1.40
1990 1.40
1991 1.40
1992 1.40
1993 1.40
1994 1.40
1995 1.39
1996 1.39
1997 1.40
1998 1.39
1999 1.40
