0 1.24
1 1.23
2 1.25
3 1.24
4 1.24
5 1.24
6 1.25
7 1.23
8 1.24
9 1.24
10 1.24
11 1.24
12 1.24
13 1.24
14 1.24
15 1.24
16 1.24
17 1.24
18 1.24
19 1.25
20 1.24
21 1.24
22 1.24
23 1.24
24 1.24
25 1.23
26 1.25
27 1.25
28 1.24
29 1.24
30 1.24
31 1.25
32 1.24
33 1.24
34 1.25
35 1.24
36 1.24
37 1.25
38 1.25
39 1.25
40 1.25
41 1.25
42 1.24
43 1.24
44 1.24
45 1.24
46 1.24
47 1.24
48 1.24
49 1.24
50 1.24
51 1.24
52 1.24
53 1.24
54 1.24
55 1.23
56 1.24
57 1.24
58 1.24
59 1.24
60 1.24
61 1.23
62 1.25
63 1.13
64 1.23
65 1.14
66 1.22
67 1.24
68 1.24
69 1.24
70 1.24
71 1.24
72 1.24
73 1.23
74 1.24
75 1.24
76 1.24
77 1.24
78 1.24
79 1.00
80 1.01
81 1.00
82 1.00
83 1.00
84 1.00
85 1.00
86 1.00
87 1.00
88 1.00
89 1.00
90 1.00
91 1.00
92 1.00
93 1.00
94 1.00
95 1.00
96 1.00
97 1.00
98 1.42
99 1.42
100 1.42
101 1.41
102 1.41
103 1.41
104 1.42
105 1.42
106 1.42
107 1.42
108 1.42
109 1.42
110 1.42
111 1.41
112 1.41
113 1.42
114 1.41
115 1.42
116 1.41
117 1.41
118 1.41
119 1.41
120 1.42
121 1.42
122 1.44
123 1.42
124 1.42
125 1.42
126 1.42
127 1.42
128 1.42
129 1.42
130 1.42
131 1.41
132 1.41
133 1.42
134 1.43
135 1.42
136 1.42
137 1.42
138 1.42
139 1.42
140 1.41
141 1.41
142 1.41
143 1.41
144 1.42
145 1.41
146 1.41
147 1.41
148 1.41
149 1.41
150 1.41
151 1.41
152 1.43
153 1.42
154 1.42
155 1.42
156 1.42
157 1.42
158 1.43
159 1.42
160 1.43
161 1.41
162 1.42
163 1.41
164 1.41
165 1.42
166 1.41
167 1.41
168 1.41
169 1.41
170 1.90
171 1.98
172 1.95
173 1.95
174 1.97
175 1.11
176 1.09
177 1.09
178 1.09
179 1.06
180 1.05
181 1.00
182 1.03
183 1.01
184 1.01
185 1.02
186 1.02
187 1.02
188 1.03
189 1.06
190 1.07
191 1.08
192 1.08
193 1.08
194 1.07
195 1.06
196 1.06
197 1.07
198 1.07
199 1.07
200 1.11
201 1.10
202 1.10
203 1.10
204 1.10
205 1.10
206 1.04
207 1.06
208 1.06
209 1.05
210 1.05
211 1.05
212 1.06
213 1.04
214 1.03
215 1.03
216 1.03
217 1.03
218 1.11
219 1.10
220 1.09
221 1.08
222 1.08
223 1.08
224 1.21
225 1.24
226 1.24
227 1.23
228 1.23
229 1.23
230 1.24
231 1.24
232 1.24
233 1.24
234 1.24
235 1.24
236 1.22
237 1.24
238 1.24
239 1.24
240 1.24
241 1.24
242 1.23
243 1.24
244 1.24
245 1.24
246 1.24
247 1.24
248 1.25
249 1.24
250 1.24
251 1.24
252 1.24
253 1.24
254 1.24
255 1.25
256 1.25
257 1.24
258 1.25
259 1.25
260 1.24
261 1.25
262 1.24
263 1.24
264 1.24
265 1.24
266 1.25
267 1.24
268 1.24
269 1.24
270 1.24
271 1.24
272 1.24
273 1.25
274 1.24
275 1.25
276 1.24
277 1.25
278 1.25
279 1.25
280 1.25
281 1.24
282 1.24
283 1.25
284 1.26
285 1.25
286 1.25
287 1.25
288 1.25
289 1.24
290 1.23
291 1.24
292 1.24
293 1.24
294 1.24
295 1.24
296 1.23
297 1.24
298 1.24
299 1.24
300 1.24
301 1.24
302 1.23
303 1.24
304 1.24
305 1.24
306 1.24
307 1.24
308 1.23
309 1.24
310 1.23
311 1.24
312 1.24
313 1.24
314 1.26
315 1.25
316 1.24
317 1.25
318 1.25
319 1.25
320 1.23
321 1.25
322 1.25
323 1.24
324 1.24
325 1.24
326 1.25
327 1.24
328 1.25
329 1.24
330 1.24
331 1.24
332 1.24
333 1.24
334 1.24
335 1.24
336 1.24
337 1.24
338 1.24
339 1.24
340 1.25
341 1.24
342 1.24
343 1.24
344 1.28
345 1.25
346 1.25
347 1.25
348 1.25
349 1.25
350 1.25
351 1.25
352 1.25
353 1.25
354 1.25
355 1.25
356 1.25
357 1.24
358 1.25
359 1.25
360 1.25
361 1.24
362 1.25
363 1.24
364 1.24
365 1.24
366 1.25
367 1.24
368 1.25
369 1.25
370 1.25
371 1.24
372 1.25
373 1.25
374 1.25
375 1.25
376 1.24
377 1.25
378 1.25
379 1.25
380 1.24
381 1.25
382 1.25
383 1.24
384 1.25
385 1.24
386 1.08
387 1.23
388 1.24
389 1.24
390 1.24
391 1.24
392 1.24
393 1.24
394 1.24
395 1.24
396 1.24
397 1.24
398 1.24
399 1.23
400 1.25
401 1.24
402 1.24
403 1.24
404 1.24
405 1.25
406 1.25
407 1.25
408 1.25
409 1.24
410 1.24
411 1.24
412 1.25
413 1.24
414 1.25
415 1.24
416 1.39
417 1.37
418 1.33
419 1.29
420 1.29
421 1.27
422 1.19
423 1.23
424 1.28
425 1.30
426 1.32
427 1.33
428 1.40
429 1.41
430 1.40
431 1.40
432 1.41
433 1.40
434 1.38
435 1.40
436 1.40
437 1.40
438 1.40
439 1.40
440 1.41
441 1.40
442 1.40
443 1.40
444 1.40
445 1.40
446 1.38
447 1.40
448 1.40
449 1.40
450 1.40
451 1.40
452 1.41
453 1.40
454 1.41
455 1.40
456 1.40
457 1.40
458 1.39
459 1.40
460 1.40
461 1.40
462 1.40
463 1.40
464 1.39
465 1.40
466 1.40
467 1.40
468 1.40
469 1.40
470 1.40
471 1.40
472 1.40
473 1.40
474 1.40
475 1.40
476 1.42
477 1.41
478 1.40
479 1.40
480 1.40
481 1.40
482 1.40
483 1.39
484 1.39
485 1.39
486 1.39
487 1.39
488 1.41
489 1.40
490 1.39
491 1.39
492 1.39
493 1.39
494 1.40
495 1.39
496 1.39
497 1.39
498 1.39
499 1.39
500 1.37
501 1.39
502 1.39
503 1.39
504 1.39
505 1.39
506 1.39
507 1.38
508 1.39
509 1.39
510 1.39
511 1.39
512 1.39
513 1.40
514 1.39
515 1.40
516 1.40
517 1.40
518 1.40
519 1.39
520 1.39
521 1.39
522 1.39
523 1.40
524 1.38
525 1.39
526 1.39
527 1.39
528 1.39
529 1.40
530 1.39
531 1.39
532 1.39
533 1.39
534 1.39
535 1.39
536 1.38
537 1.39
538 1.40
539 1.39
540 1.39
541 1.39
542 1.37
543 1.35
544 1.33
545 1.33
546 1.34
547 1.34
548 1.38
549 1.39
550 1.39
551 1.38
552 1.38
553 1.37
554 1.39
555 1.39
556 1.39
557 1.39
558 1.39
559 1.39
560 1.20
561 1.30
562 1.33
563 1.34
564 1.35
565 1.36
566 1.40
567 1.39
568 1.33
569 1.35
570 1.35
571 1.36
572 1.21
573 1.30
574 1.33
575 1.34
576 1.35
577 1.36
578 1.39
579 1.39
580 1.39
581 1.39
582 1.39
583 1.39
584 1.40
585 1.40
586 1.40
587 1.39
588 1.39
589 1.39
590 1.39
591 1.39
592 1.39
593 1.39
594 1.39
595 1.39
596 1.39
597 1.39
598 1.39
599 1.39
600 1.39
601 1.39
602 1.15
603 1.27
604 1.31
605 1.33
606 1.34
607 1.35
608 1.39
609 1.39
610 1.39
611 1.39
612 1.39
613 1.39
614 1.39
615 1.39
616 1.39
617 1.39
618 1.39
619 1.39
620 1.12
621 1.12
622 1.12
623 1.12
624 1.12
625 1.11
626 1.10
627 1.11
628 1.12
629 1.12
630 1.12
631 1.12
632 1.13
633 1.13
634 1.12
635 1.13
636 1.12
637 1.12
638 1.13
639 1.13
640 1.13
641 1.12
642 1.13
643 1.13
644 1.12
645 1.13
646 1.12
647 1.12
648 1.12
649 1.13
650 1.11
651 1.12
652 1.12
653 1.12
654 1.12
655 1.12
656 1.13
657 1.12
658 1.13
659 1.12
660 1.13
661 1.12
662 1.12
663 1.12
664 1.12
665 1.12
666 1.12
667 1.12
668 1.13
669 1.12
670 1.12
671 1.12
672 1.12
673 1.12
674 1.13
675 1.12
676 1.12
677 1.13
678 1.12
679 1.12
680 1.14
681 1.13
682 1.13
683 1.12
684 1.12
685 1.12
686 1.42
687 1.42
688 1.41
689 1.42
690 1.42
691 1.42
692 1.41
693 1.41
694 1.41
695 1.41
696 1.41
697 1.41
698 1.43
699 1.42
700 1.42
701 1.42
702 1.42
703 1.42
704 1.40
705 1.41
706 1.41
707 1.42
708 1.41
709 1.41
710 1.41
711 1.43
712 1.42
713 1.42
714 1.42
715 1.42
716 1.43
717 1.41
718 1.42
719 1.42
720 1.42
721 1.42
722 1.42
723 1.42
724 1.41
725 1.42
726 1.41
727 1.42
728 1.41
729 1.41
730 1.41
731 1.42
732 1.42
733 1.42
734 1.44
735 1.42
736 1.42
737 1.41
738 1.42
739 1.42
740 1.41
741 1.41
742 1.42
743 1.41
744 1.41
745 1.41
746 1.43
747 1.40
748 1.42
749 1.41
750 1.42
751 1.42
752 1.43
753 1.42
754 1.42
755 1.42
756 1.42
757 1.42
758 1.41
759 1.41
760 1.41
761 1.41
762 1.41
763 1.41
764 1.41
765 1.41
766 1.41
767 1.41
768 1.41
769 1.42
770 1.41
771 1.41
772 1.42
773 1.42
774 1.42
775 1.42
776 1.41
777 1.41
778 1.42
779 1.41
780 1.41
781 1.42
782 1.41
783 1.42
784 1.42
785 1.42
786 1.42
787 1.42
788 1.43
789 1.42
790 1.42
791 1.42
792 1.42
793 1.42
794 1.41
795 1.41
796 1.41
797 1.41
798 1.41
799 1.41
800 1.42
801 1.42
802 1.42
803 1.42
804 1.41
805 1.41
806 1.43
807 1.42
808 1.42
809 1.42
810 1.41
811 1.42
812 1.41
813 1.41
814 1.41
815 1.41
816 1.41
817 1.41
818 1.42
819 1.42
820 1.41
821 1.42
822 1.41
823 1.41
824 1.40
825 1.41
826 1.41
827 1.41
828 1.41
829 1.41
830 1.42
831 1.42
832 1.42
833 1.41
834 1.41
835 1.42
836 1.42
837 1.41
838 1.42
839 1.41
840 1.41
841 1.42
842 1.41
843 1.41
844 1.41
845 1.41
846 1.41
847 1.41
848 1.23
849 1.27
850 1.27
851 1.25
852 1.22
853 1.21
854 1.40
855 1.41
856 1.41
857 1.41
858 1.41
859 1.41
860 1.42
861 1.41
862 1.41
863 1.41
864 1.41
865 1.41
866 1.41
867 1.41
868 1.42
869 1.41
870 1.41
871 1.41
872 1.41
873 1.41
874 1.41
875 1.41
876 1.41
877 1.41
878 1.40
879 1.41
880 1.40
881 1.40
882 1.41
883 1.41
884 1.42
885 1.41
886 1.41
887 1.41
888 1.41
889 1.41
890 1.41
891 1.42
892 1.42
893 1.42
894 1.42
895 1.42
896 1.92
897 1.93
898 1.94
899 1.90
900 1.92
901 1.95
902 1.85
903 1.65
904 1.56
905 1.48
906 1.56
907 1.01
908 1.02
909 1.02
910 1.02
911 1.02
912 1.06
913 1.05
914 1.05
915 1.05
916 1.05
917 1.05
918 1.02
919 1.05
920 1.05
921 1.05
922 1.05
923 1.05
924 1.06
925 1.08
926 1.06
927 1.06
928 1.07
929 1.06
930 1.08
931 1.05
932 1.03
933 1.04
934 1.04
935 1.04
936 1.01
937 1.05
938 1.05
939 1.05
940 1.05
941 1.05
942 1.03
943 1.02
944 1.02
945 1.03
946 1.03
947 1.03
948 1.04
949 1.04
950 1.04
951 1.04
952 1.04
953 1.04
954 1.05
955 1.06
956 1.05
957 1.06
958 1.06
959 1.06
960 1.03
961 1.04
962 1.04
963 1.05
964 1.05
965 1.04
966 1.05
967 1.06
968 1.07
969 1.07
970 1.06
971 1.06
972 1.03
973 1.00
974 1.01
975 1.01
976 1.01
977 1.01
978 1.01
979 1.01
980 1.01
981 1.00
982 1.01
983 1.03
984 1.03
985 1.03
986 1.03
987 1.04
988 1.09
989 1.08
990 1.07
991 1.07
992 1.06
993 1.06
994 1.04
995 1.06
996 1.06
997 1.05
998 1.05
999 1.05
1000 1.08
1001 1.07
1002 1.07
1003 1.07
1004 1.07
1005 1.07
1006 1.06
1007 1.05
1008 1.06
1009 1.07
1010 1.07
1011 1.06
1012 1.77
1013 1.79
1014 1.81
1015 1.80
1016 1.80
1017 1.81
1018 1.80
1019 1.81
1020 1.81
1021 1.81
1022 1.81
1023 1.81
1024 1.80
1025 1.80
1026 1.80
1027 1.80
1028 1.80
1029 1.81
1030 1.82
1031 1.82
1032 1.82
1033 1.82
1034 1.82
1035 1.82
1036 1.80
1037 1.81
1038 1.81
1039 1.81
1040 1.81
1041 1.81
1042 1.82
1043 1.81
1044 1.81
1045 1.81
1046 1.81
1047 1.81
1048 1.79
1049 1.81
1050 1.81
1051 1.81
1052 1.81
1053 1.81
1054 1.80
1055 1.80
1056 1.80
1057 1.81
1058 1.81
1059 1.81
1060 1.81
1061 1.81
1062 1.82
1063 1.81
1064 1.82
1065 1.81
1066 1.81
1067 1.81
1068 1.81
1069 1.80
1070 1.81
1071 1.81
1072 1.82
1073 1.83
1074 1.81
1075 1.81
1076 1.81
1077 1.81
1078 1.81
1079 1.81
1080 1.82
1081 1.81
1082 1.81
1083 1.81
1084 1.79
1085 1.80
1086 1.80
1087 1.81
1088 1.81
1089 1.80
1090 1.81
1091 1.81
1092 1.80
1093 1.81
1094 1.81
1095 1.81
1096 1.84
1097 1.81
1098 1.82
1099 1.81
1100 1.82
1101 1.81
1102 1.79
1103 1.80
1104 1.81
1105 1.81
1106 1.81
1107 1.81
1108 1.80
1109 1.81
1110 1.81
1111 1.81
1112 1.81
1113 1.81
1114 1.80
1115 1.79
1116 1.81
1117 1.80
1118 1.80
1119 1.81
1120 1.34
1121 1.49
1122 1.49
1123 1.47
1124 1.43
1125 1.42
1126 1.99
1127 1.94
1128 1.91
1129 1.93
1130 1.94
1131 1.55
1132 1.53
1133 1.56
1134 1.56
1135 1.40
1136 1.29
1137 1.60
1138 1.61
1139 1.59
1140 1.60
1141 1.62
1142 1.62
1143 1.41
1144 1.41
1145 1.41
1146 1.42
1147 1.42
1148 1.42
1149 1.41
1150 1.42
1151 1.42
1152 1.41
1153 1.41
1154 1.42
1155 1.42
1156 1.42
1157 1.42
1158 1.42
1159 1.42
1160 1.42
1161 1.38
1162 1.41
1163 1.41
1164 1.41
1165 1.41
1166 1.41
1167 1.41
1168 1.42
1169 1.41
1170 1.42
1171 1.42
1172 1.41
1173 1.41
1174 1.40
1175 1.41
1176 1.41
1177 1.41
1178 1.41
1179 1.37
1180 1.40
1181 1.41
1182 1.41
1183 1.41
1184 1.41
1185 1.40
1186 1.41
1187 1.41
1188 1.41
1189 1.41
1190 1.41
1191 1.42
1192 1.41
1193 1.41
1194 1.42
1195 1.41
1196 1.41
1197 1.41
1198 1.41
1199 1.41
1200 1.41
1201 1.41
1202 1.41
1203 1.43
1204 1.40
1205 1.41
1206 1.42
1207 1.42
1208 1.41
1209 1.42
1210 1.42
1211 1.42
1212 1.42
1213 1.42
1214 1.41
1215 1.41
1216 1.40
1217 1.40
1218 1.40
1219 1.40
1220 1.40
1221 1.43
1222 1.41
1223 1.41
1224 1.42
1225 1.42
1226 1.41
1227 1.40
1228 1.40
1229 1.40
1230 1.41
1231 1.41
1232 1.41
1233 1.42
1234 1.41
1235 1.41
1236 1.41
1237 1.41
1238 1.41
1239 1.97
1240 1.83
1241 1.85
1242 1.79
1243 1.82
1244 1.89
1245 1.92
1246 1.95
1247 1.85
1248 1.38
1249 1.42
1250 1.41
1251 1.42
1252 1.41
1253 1.41
1254 1.41
1255 1.41
1256 1.41
1257 1.42
1258 1.42
1259 1.42
1260 1.42
1261 1.43
1262 1.41
1263 1.41
1264 1.41
1265 1.42
1266 1.44
1267 1.44
1268 1.42
1269 1.42
1270 1.42
1271 1.42
1272 1.43
1273 1.42
1274 1.42
1275 1.42
1276 1.42
1277 1.41
1278 1.41
1279 1.42
1280 1.41
1281 1.41
1282 1.42
1283 1.41
1284 1.40
1285 1.41
1286 1.42
1287 1.42
1288 1.42
1289 1.41
1290 1.40
1291 1.42
1292 1.41
1293 1.42
1294 1.41
1295 1.41
1296 1.40
1297 1.43
1298 1.42
1299 1.41
1300 1.42
1301 1.42
1302 1.40
1303 1.41
1304 1.41
1305 1.41
1306 1.41
1307 1.41
1308 1.37
1309 1.38
1310 1.39
1311 1.40
1312 1.40
1313 1.40
1314 1.42
1315 1.41
1316 1.41
1317 1.41
1318 1.41
1319 1.41
1320 1.41
1321 1.40
1322 1.40
1323 1.41
1324 1.41
1325 1.41
1326 1.38
1327 1.41
1328 1.40
1329 1.40
1330 1.41
1331 1.40
1332 1.39
1333 1.41
1334 1.41
1335 1.41
1336 1.41
1337 1.41
1338 1.42
1339 1.39
1340 1.41
1341 1.41
1342 1.41
1343 1.41
1344 1.37
1345 1.41
1346 1.41
1347 1.41
1348 1.41
1349 1.41
1350 1.40
1351 1.42
1352 1.42
1353 1.41
1354 1.41
1355 1.41
1356 1.78
1357 1.41
1358 1.41
1359 1.40
1360 1.41
1361 1.41
1362 1.40
1363 1.38
1364 1.40
1365 1.40
1366 1.41
1367 1.40
1368 1.40
1369 1.40
1370 1.41
1371 1.42
1372 1.41
1373 1.41
1374 1.41
1375 1.41
1376 1.41
1377 1.41
1378 1.41
1379 1.41
1380 1.41
1381 1.42
1382 1.42
1383 1.42
1384 1.41
1385 1.41
1386 1.41
1387 1.41
1388 1.41
1389 1.41
1390 1.41
1391 1.41
1392 1.41
1393 1.40
1394 1.40
1395 1.41
1396 1.41
1397 1.41
1398 1.41
1399 1.45
1400 1.42
1401 1.41
1402 1.42
1403 1.42
1404 1.42
1405 1.38
1406 1.39
1407 1.42
1408 1.41
1409 1.41
1410 1.42
1411 1.42
1412 1.42
1413 1.42
1414 1.42
1415 1.42
1416 1.42
1417 1.16
1418 1.18
1419 1.17
1420 1.18
1421 1.19
1422 1.18
1423 1.18
1424 1.20
1425 1.19
1426 1.19
1427 1.19
1428 1.19
1429 1.16
1430 1.18
1431 1.18
1432 1.18
1433 1.17
1434 1.18
1435 1.19
1436 1.19
1437 1.19
1438 1.19
1439 1.19
1440 1.19
1441 1.21
1442 1.19
1443 1.19
1444 1.19
1445 1.19
1446 1.19
1447 1.16
1448 1.19
1449 1.19
1450 1.19
1451 1.19
1452 1.18
1453 1.19
1454 1.18
1455 1.18
1456 1.19
1457 1.19
1458 1.18
1459 1.19
1460 1.19
1461 1.19
1462 1.19
1463 1.18
1464 1.18
1465 1.16
1466 1.19
1467 1.18
1468 1.18
1469 1.18
1470 1.18
1471 1.19
1472 1.18
1473 1.18
1474 1.18
1475 1.18
1476 1.18
1477 1.20
1478 1.19
1479 1.19
1480 1.18
1481 1.19
1482 1.19
1483 1.21
1484 1.20
1485 1.18
1486 1.18
1487 1.18
1488 1.18
1489 1.41
1490 1.41
1491 1.41
1492 1.41
1493 1.41
1494 1.41
1495 1.40
1496 1.41
1497 1.41
1498 1.41
1499 1.41
1500 1.41
1501 1.43
1502 1.41
1503 1.42
1504 1.42
1505 1.41
1506 1.42
1507 1.40
1508 1.39
1509 1.40
1510 1.39
1511 1.40
1512 1.40
1513 1.41
1514 1.40
1515 1.40
1516 1.40
1517 1.40
1518 1.41
1519 1.38
1520 1.39
1521 1.40
1522 1.40
1523 1.41
1524 1.41
1525 1.42
1526 1.40
1527 1.41
1528 1.40
1529 1.41
1530 1.41
1531 1.43
1532 1.42
1533 1.42
1534 1.42
1535 1.42
1536 1.42
1537 1.40
1538 1.41
1539 1.41
1540 1.41
1541 1.41
1542 1.42
1543 1.41
1544 1.40
1545 1.42
1546 1.41
1547 1.41
1548 1.41
1549 1.39
1550 1.41
1551 1.41
1552 1.41
1553 1.41
1554 1.42
1555 1.45
1556 1.43
1557 1.42
1558 1.42
1559 1.42
1560 1.42
1561 1.41
1562 1.43
1563 1.43
1564 1.43
1565 1.42
1566 1.42
1567 1.41
1568 1.42
1569 1.41
1570 1.42
1571 1.41
1572 1.41
1573 1.40
1574 1.40
1575 1.40
1576 1.41
1577 1.40
1578 1.41
1579 1.39
1580 1.43
1581 1.42
1582 1.42
1583 1.41
1584 1.42
1585 1.40
1586 1.41
1587 1.41
1588 1.41
1589 1.41
1590 1.41
1591 1.38
1592 1.38
1593 1.38
1594 1.38
1595 1.38
1596 1.38
1597 1.35
1598 1.38
1599 1.39
1600 1.39
1601 1.40
1602 1.39
1603 1.40
1604 1.40
1605 1.40
1606 1.40
1607 1.41
1608 1.41
1609 1.43
1610 1.42
1611 1.41
1612 1.41
1613 1.41
1614 1.41
1615 1.35
1616 1.38
1617 1.37
1618 1.38
1619 1.39
1620 1.39
1621 1.43
1622 1.40
1623 1.41
1624 1.41
1625 1.41
1626 1.41
1627 1.42
1628 1.41
1629 1.41
1630 1.41
1631 1.42
1632 1.41
1633 1.41
1634 1.42
1635 1.42
1636 1.41
1637 1.41
1638 1.41
1639 1.41
1640 1.41
1641 1.41
1642 1.41
1643 1.41
1644 1.41
1645 1.41
1646 1.41
1647 1.42
1648 1.41
1649 1.41
1650 1.41
1651 1.41
1652 1.42
1653 1.41
1654 1.41
1655 1.41
1656 1.41
1657 1.42
1658 1.41
1659 1.41
1660 1.41
1661 1.41
1662 1.42
1663 1.42
1664 1.41
1665 1.42
1666 1.42
1667 1.42
1668 1.42
1669 1.39
1670 1.39
1671 1.41
1672 1.41
1673 1.41
1674 1.41
1675 1.41
1676 1.43
1677 1.42
1678 1.42
1679 1.42
1680 1.42
1681 1.44
1682 1.43
1683 1.42
1684 1.41
1685 1.41
1686 1.41
1687 1.41
1688 1.42
1689 1.41
1690 1.42
1691 1.41
1692 1.41
1693 1.42
1694 1.41
1695 1.41
1696 1.41
1697 1.41
1698 1.41
1699 1.41
1700 1.43
1701 1.42
1702 1.42
1703 1.42
1704 1.42
1705 1.41
1706 1.41
1707 1.41
1708 1.41
1709 1.41
1710 1.42
1711 1.39
1712 1.40
1713 1.41
1714 1.41
1715 1.41
1716 1.41
1717 1.40
1718 1.41
1719 1.41
1720 1.41
1721 1.41
1722 1.41
1723 1.42
1724 1.41
1725 1.42
1726 1.41
1727 1.42
1728 1.42
1729 1.40
1730 1.40
1731 1.41
1732 1.41
1733 1.41
1734 1.41
1735 1.38
1736 1.41
1737 1.41
1738 1.41
1739 1.41
1740 1.41
1741 1.41
1742 1.41
1743 1.41
1744 1.41
1745 1.41
1746 1.41
1747 1.40
1748 1.40
1749 1.40
1750 1.42
1751 1.41
1752 1.41
1753 1.42
1754 1.42
1755 1.41
1756 1.41
1757 1.42
1758 1.42
1759 1.44
1760 1.41
1761 1.42
1762 1.41
1763 1.42
1764 1.42
1765 1.41
1766 1.41
1767 1.42
1768 1.41
1769 1.42
1770 1.41
1771 1.41
1772 1.42
1773 1.41
1774 1.41
1775 1.41
1776 1.42
1777 1.40
1778 1.44
1779 1.42
1780 1.42
1781 1.42
1782 1.42
1783 1.44
1784 1.41
1785 1.42
1786 1.41
1787 1.41
1788 1.42
1789 1.41
1790 1.42
1791 1.42
1792 1.41
1793 1.41
1794 1.41
1795 1.45
1796 1.43
1797 1.42
1798 1.42
1799 1.42
1800 1.42
1801 1.43
1802 1.43
1803 1.41
1804 1.42
1805 1.41
1806 1.42
1807 1.44
1808 1.42
1809 1.44
1810 1.43
1811 1.42
1812 1.42
1813 1.41
1814 1.41
1815 1.42
1816 1.42
1817 1.42
1818 1.42
1819 1.39
1820 1.41
1821 1.41
1822 1.42
1823 1.42
1824 1.42
1825 1.41
1826 1.40
1827 1.41
1828 1.41
1829 1.42
1830 1.42
1831 1.44
1832 1.42
1833 1.42
1834 1.42
1835 1.42
1836 1.42
1837 1.44
1838 1.43
1839 1.43
1840 1.43
1841 1.43
1842 1.43
1843 1.43
1844 1.42
1845 1.43
1846 1.42
1847 1.42
1848 1.42
1849 1.45
1850 1.42
1851 1.43
1852 1.43
1853 1.43
1854 1.42
1855 1.44
1856 1.44
1857 1.43
1858 1.43
1859 1.43
1860 1.42
1861 1.44
1862 1.43
1863 1.44
1864 1.43
1865 1.43
1866 1.42
1867 1.42
1868 1.43
1869 1.43
1870 1.43
1871 1.42
1872 1.42
1873 1.45
1874 1.42
1875 1.44
1876 1.43
1877 1.43
1878 1.42
1879 1.43
1880 1.42
1881 1.43
1882 1.43
1883 1.42
1884 1.42
1885 1.44
1886 1.42
1887 1.42
1888 1.42
1889 1.42
1890 1.42
1891 1.42
1892 1.43
1893 1.43
1894 1.42
1895 1.42
1896 1.42
1897 1.41
1898 1.42
1899 1.42
1900 1.42
1901 1.42
1902 1.42
1903 1.40
1904 1.41
1905 1.42
1906 1.42
1907 1.41
1908 1.42
1909 1.39
1910 1.42
1911 1.42
1912 1.41
1913 1.41
1914 1.42
1915 1.41
1916 1.41
1917 1.41
1918 1.42
1919 1.42
1920 1.41
1921 1.41
1922 1.41
1923 1.40
1924 1.41
1925 1.41
1926 1.41
1927 1.44
1928 1.42
1929 1.43
1930 1.43
1931 1.42
1932 1.42
1933 1.40
1934 1.42
1935 1.41
1936 1.41
1937 1.41
1938 1.41
1939 1.43
1940 1.42
1941 1.42
1942 1.42
1943 1.41
1944 1.42
1945 1.43
1946 1.41
1947 1.42
1948 1.42
1949 1.42
1950 1.42
1951 1.42
1952 1.41
1953 1.41
1954 1.41
1955 1.42
1956 1.42
1957 1.41
1958 1.42
1959 1.41
1960 1.41
1961 1.41
1962 1.41
1963 1.42
1964 1.43
1965 1.42
1966 1.42
1967 1.42
1968 1.42
1969 1.39
1970 1.41
1971 1.41
1972 1.41
1973 1.42
1974 1.42
1975 1.44
1976 1.43
1977 1.42
1978 1.42
1979 1.42
1980 1.42
1981 1.43
1982 1.43
1983 1.42
1984 1.41
1985 1.41
1986 1.41
1987 1.40
1988 1.41
1989 1.42
1990 1.42
1991 1.42
1992 1.42
1993 1.80
1994 1.81
1995 1.81
1996 1.80
1997 1.81
1998 1.80
1999 1.83
