0 1.12
1 1.12
2 1.08
3 1.07
4 1.10
5 1.11
6 1.10
7 1.11
8 1.14
9 1.11
10 1.11
11 1.13
12 1.11
13 1.10
14 1.05
15 1.06
16 1.08
17 1.09
18 1.09
19 1.05
20 1.21
21 1.16
22 1.16
23 1.16
24 1.16
25 1.16
26 1.07
27 1.07
28 1.08
29 1.08
30 1.10
31 1.10
32 1.14
33 1.13
34 1.14
35 1.14
36 1.13
37 1.14
38 1.10
39 1.10
40 1.10
41 1.09
42 1.09
43 1.10
44 1.05
45 1.05
46 1.01
47 1.02
48 1.03
49 1.10
50 1.08
51 1.05
52 1.05
53 1.05
54 1.14
55 1.14
56 1.12
57 1.10
58 1.11
59 1.12
60 1.43
61 1.42
62 1.42
63 1.42
64 1.42
65 1.42
66 1.42
67 1.42
68 1.40
69 1.41
70 1.41
71 1.41
72 1.42
73 1.41
74 1.41
75 1.42
76 1.42
77 1.41
78 1.42
79 1.42
80 1.42
81 1.42
82 1.42
83 1.42
84 1.41
85 1.41
86 1.41
87 1.41
88 1.41
89 1.41
90 1.42
91 1.42
92 1.41
93 1.42
94 1.42
95 1.42
96 1.41
97 1.41
98 1.42
99 1.41
100 1.41
101 1.41
102 1.43
103 1.42
104 1.42
105 1.42
106 1.42
107 1.42
108 1.43
109 1.42
110 1.42
111 1.42
112 1.42
113 1.42
114 1.41
115 1.42
116 1.41
117 1.42
118 1.42
119 1.42
120 1.40
121 1.41
122 1.41
123 1.41
124 1.41
125 1.41
126 1.41
127 1.41
128 1.41
129 1.41
130 1.41
131 1.41
132 1.38
133 1.39
134 1.40
135 1.40
136 1.41
137 1.41
138 1.41
139 1.41
140 1.41
141 1.41
142 1.41
143 1.41
144 1.35
145 1.37
146 1.34
147 1.35
148 1.36
149 1.37
150 1.41
151 1.41
152 1.41
153 1.41
154 1.41
155 1.41
156 1.41
157 1.41
158 1.41
159 1.41
160 1.41
161 1.41
162 1.42
163 1.41
164 1.41
165 1.42
166 1.41
167 1.41
168 1.91
169 1.66
170 1.53
171 1.45
172 1.40
173 1.40
174 1.40
175 1.41
176 1.41
177 1.41
178 1.41
179 1.40
180 1.41
181 1.41
182 1.41
183 1.41
184 1.41
185 1.42
186 1.42
187 1.41
188 1.41
189 1.42
190 1.42
191 1.41
192 1.42
193 1.41
194 1.42
195 1.42
196 1.42
197 1.41
198 1.42
199 1.41
200 1.41
201 1.42
202 1.41
203 1.42
204 1.41
205 1.41
206 1.41
207 1.42
208 1.41
209 1.43
210 1.42
211 1.42
212 1.42
213 1.41
214 1.42
215 1.41
216 1.41
217 1.41
218 1.42
219 1.41
220 1.41
221 1.40
222 1.41
223 1.42
224 1.41
225 1.41
226 1.41
227 1.42
228 1.42
229 1.42
230 1.42
231 1.42
232 1.42
233 1.41
234 1.41
235 1.42
236 1.41
237 1.42
238 1.41
239 1.41
240 1.41
241 1.41
242 1.41
243 1.41
244 1.41
245 1.40
246 1.41
247 1.41
248 1.41
249 1.41
250 1.41
251 1.40
252 1.41
253 1.41
254 1.41
255 1.41
256 1.41
257 1.41
258 1.42
259 1.42
260 1.42
261 1.42
262 1.42
263 1.41
264 1.41
265 1.41
266 1.42
267 1.41
268 1.41
269 1.39
270 1.41
271 1.40
272 1.41
273 1.41
274 1.41
275 1.42
276 1.41
277 1.41
278 1.41
279 1.41
280 1.41
281 1.11
282 1.13
283 1.20
284 1.23
285 1.25
286 1.39
287 1.40
288 1.40
289 1.40
290 1.32
291 1.30
292 1.09
293 1.23
294 1.28
295 1.30
296 1.31
297 1.32
298 1.41
299 1.34
300 1.36
301 1.37
302 1.38
303 1.36
304 1.40
305 1.42
306 1.41
307 1.41
308 1.39
309 1.40
310 1.39
311 1.39
312 1.35
313 1.35
314 1.35
315 1.35
316 1.31
317 1.34
318 1.31
319 1.33
320 1.32
321 1.32
322 1.38
323 1.37
324 1.36
325 1.33
326 1.34
327 1.35
328 1.37
329 1.38
330 1.38
331 1.38
332 1.38
333 1.35
334 1.37
335 1.38
336 1.39
337 1.39
338 1.36
339 1.37
340 1.39
341 1.39
342 1.39
343 1.39
344 1.37
345 1.37
346 1.41
347 1.37
348 1.36
349 1.37
350 1.37
351 1.37
352 1.43
353 1.42
354 1.42
355 1.36
356 1.37
357 1.37
358 1.39
359 1.39
360 1.39
361 1.39
362 1.38
363 1.33
364 1.12
365 1.27
366 1.32
367 1.34
368 1.35
369 1.36
370 1.19
371 1.30
372 1.34
373 1.36
374 1.36
375 1.33
376 1.43
377 1.42
378 1.42
379 1.42
380 1.41
381 1.42
382 1.30
383 1.35
384 1.37
385 1.39
386 1.39
387 1.35
388 1.42
389 1.41
390 1.41
391 1.41
392 1.41
393 1.41
394 1.42
395 1.41
396 1.41
397 1.41
398 1.41
399 1.41
400 1.40
401 1.41
402 1.41
403 1.41
404 1.41
405 1.41
406 1.42
407 1.41
408 1.42
409 1.41
410 1.41
411 1.41
412 1.42
413 1.41
414 1.41
415 1.41
416 1.41
417 1.41
418 1.41
419 1.41
420 1.41
421 1.41
422 1.41
423 1.41
424 1.43
425 1.41
426 1.41
427 1.41
428 1.41
429 1.41
430 1.40
431 1.41
432 1.40
433 1.41
434 1.40
435 1.41
436 1.41
437 1.41
438 1.41
439 1.41
440 1.41
441 1.41
442 1.41
443 1.41
444 1.41
445 1.41
446 1.41
447 1.41
448 1.40
449 1.41
450 1.41
451 1.41
452 1.41
453 1.41
454 1.42
455 1.42
456 1.41
457 1.41
458 1.41
459 1.41
460 1.42
461 1.41
462 1.42
463 1.42
464 1.41
465 1.41
466 1.42
467 1.41
468 1.42
469 1.41
470 1.41
471 1.41
472 1.40
473 1.41
474 1.41
475 1.41
476 1.41
477 1.41
478 1.40
479 1.38
480 1.38
481 1.38
482 1.38
483 1.39
484 1.39
485 1.39
486 1.39
487 1.39
488 1.39
489 1.39
490 1.38
491 1.39
492 1.38
493 1.38
494 1.39
495 1.39
496 1.38
497 1.38
498 1.38
499 1.38
500 1.38
501 1.38
502 1.39
503 1.39
504 1.39
505 1.39
506 1.39
507 1.39
508 1.39
509 1.39
510 1.39
511 1.39
512 1.39
513 1.39
514 1.33
515 1.36
516 1.37
517 1.37
518 1.37
519 1.37
520 1.38
521 1.39
522 1.38
523 1.38
524 1.38
525 1.39
526 1.40
527 1.39
528 1.39
529 1.39
530 1.39
531 1.39
532 1.29
533 1.30
534 1.30
535 1.30
536 1.30
537 1.30
538 1.39
539 1.39
540 1.39
541 1.39
542 1.39
543 1.39
544 1.38
545 1.39
546 1.39
547 1.39
548 1.39
549 1.39
550 1.39
551 1.39
552 1.39
553 1.39
554 1.39
555 1.39
556 1.38
557 1.36
558 1.37
559 1.37
560 1.38
561 1.38
562 1.39
563 1.39
564 1.38
565 1.39
566 1.39
567 1.39
568 1.38
569 1.38
570 1.38
571 1.38
572 1.38
573 1.38
574 1.38
575 1.39
576 1.38
577 1.39
578 1.39
579 1.39
580 1.38
581 1.38
582 1.39
583 1.39
584 1.39
585 1.39
586 1.42
587 1.42
588 1.41
589 1.41
590 1.41
591 1.41
592 1.41
593 1.41
594 1.41
595 1.41
596 1.41
597 1.41
598 1.41
599 1.41
600 1.41
601 1.41
602 1.41
603 1.41
604 1.42
605 1.41
606 1.41
607 1.42
608 1.41
609 1.41
610 1.42
611 1.41
612 1.42
613 1.42
614 1.42
615 1.42
616 1.41
617 1.42
618 1.42
619 1.42
620 1.42
621 1.42
622 1.41
623 1.41
624 1.41
625 1.41
626 1.41
627 1.41
628 1.42
629 1.42
630 1.42
631 1.42
632 1.42
633 1.41
634 1.41
635 1.41
636 1.41
637 1.41
638 1.41
639 1.41
640 1.43
641 1.42
642 1.42
643 1.42
644 1.42
645 1.42
646 1.41
647 1.41
648 1.41
649 1.41
650 1.41
651 1.42
652 1.42
653 1.42
654 1.41
655 1.41
656 1.41
657 1.41
658 1.43
659 1.42
660 1.42
661 1.42
662 1.42
663 1.42
664 1.42
665 1.42
666 1.41
667 1.41
668 1.42
669 1.41
670 1.42
671 1.41
672 1.42
673 1.42
674 1.41
675 1.42
676 1.42
677 1.42
678 1.42
679 1.42
680 1.42
681 1.42
682 1.41
683 1.41
684 1.41
685 1.41
686 1.41
687 1.41
688 1.42
689 1.42
690 1.41
691 1.42
692 1.42
693 1.41
694 1.38
695 1.39
696 1.39
697 1.39
698 1.39
699 1.39
700 1.39
701 1.39
702 1.39
703 1.39
704 1.39
705 1.39
706 1.39
707 1.39
708 1.39
709 1.39
710 1.39
711 1.39
712 1.40
713 1.40
714 1.39
715 1.40
716 1.39
717 1.39
718 1.38
719 1.39
720 1.39
721 1.39
722 1.39
723 1.39
724 1.39
725 1.39
726 1.39
727 1.39
728 1.39
729 1.39
730 1.40
731 1.39
732 1.39
733 1.39
734 1.39
735 1.39
736 1.39
737 1.39
738 1.39
739 1.39
740 1.39
741 1.39
742 1.40
743 1.40
744 1.39
745 1.39
746 1.39
747 1.39
748 1.39
749 1.39
750 1.39
751 1.39
752 1.39
753 1.39
754 1.39
755 1.39
756 1.39
757 1.39
758 1.39
759 1.39
760 1.38
761 1.39
762 1.38
763 1.38
764 1.39
765 1.39
766 1.39
767 1.39
768 1.39
769 1.39
770 1.39
771 1.39
772 1.39
773 1.39
774 1.39
775 1.39
776 1.39
777 1.39
778 1.40
779 1.40
780 1.40
781 1.39
782 1.39
783 1.39
784 1.40
785 1.39
786 1.39
787 1.39
788 1.39
789 1.39
790 1.40
791 1.40
792 1.39
793 1.39
794 1.39
795 1.39
796 1.39
797 1.39
798 1.39
799 1.39
800 1.39
801 1.38
802 1.00
803 1.41
804 1.41
805 1.42
806 1.41
807 1.41
808 1.41
809 1.41
810 1.40
811 1.41
812 1.41
813 1.42
814 1.37
815 1.43
816 1.41
817 1.42
818 1.42
819 1.42
820 1.42
821 1.40
822 1.41
823 1.41
824 1.41
825 1.41
826 1.41
827 1.42
828 1.42
829 1.41
830 1.41
831 1.42
832 1.41
833 1.41
834 1.42
835 1.41
836 1.42
837 1.41
838 1.42
839 1.42
840 1.42
841 1.41
842 1.41
843 1.41
844 1.41
845 1.43
846 1.42
847 1.42
848 1.42
849 1.42
850 1.42
851 1.42
852 1.42
853 1.42
854 1.41
855 1.41
856 1.41
857 1.41
858 1.41
859 1.41
860 1.42
861 1.42
862 1.41
863 1.42
864 1.41
865 1.41
866 1.42
867 1.42
868 1.42
869 1.41
870 1.42
871 1.42
872 1.42
873 1.42
874 1.42
875 1.42
876 1.42
877 1.42
878 1.42
879 1.41
880 1.42
881 1.43
882 1.42
883 1.42
884 1.42
885 1.42
886 1.42
887 1.42
888 1.42
889 1.42
890 1.42
891 1.42
892 1.42
893 1.41
894 1.41
895 1.41
896 1.41
897 1.41
898 1.41
899 1.38
900 1.40
901 1.40
902 1.40
903 1.41
904 1.40
905 1.39
906 1.40
907 1.40
908 1.41
909 1.41
910 1.41
911 1.42
912 1.42
913 1.42
914 1.42
915 1.42
916 1.41
917 1.41
918 1.41
919 1.41
920 1.41
921 1.41
922 1.41
923 1.42
924 1.41
925 1.41
926 1.42
927 1.42
928 1.42
929 1.42
930 1.42
931 1.42
932 1.42
933 1.42
934 1.42
935 1.41
936 1.41
937 1.42
938 1.42
939 1.41
940 1.41
941 1.41
942 1.41
943 1.41
944 1.41
945 1.41
946 1.41
947 1.41
948 1.41
949 1.41
950 1.41
951 1.41
952 1.41
953 1.41
954 1.41
955 1.41
956 1.42
957 1.41
958 1.42
959 1.42
960 1.42
961 1.42
962 1.42
963 1.41
964 1.42
965 1.41
966 1.41
967 1.41
968 1.41
969 1.41
970 1.42
971 1.40
972 1.41
973 1.41
974 1.41
975 1.41
976 1.42
977 1.42
978 1.41
979 1.42
980 1.41
981 1.41
982 1.41
983 1.41
984 1.41
985 1.41
986 1.41
987 1.41
988 1.41
989 1.42
990 1.42
991 1.42
992 1.42
993 1.41
994 1.42
995 1.42
996 1.42
997 1.42
998 1.42
999 1.42
1000 1.42
1001 1.41
1002 1.41
1003 1.41
1004 1.40
1005 1.40
1006 1.40
1007 1.41
1008 1.41
1009 1.41
1010 1.41
1011 1.41
1012 1.41
1013 1.41
1014 1.42
1015 1.42
1016 1.41
1017 1.41
1018 1.41
1019 1.08
1020 1.08
1021 1.09
1022 1.10
1023 1.10
1024 1.10
1025 1.11
1026 1.11
1027 1.11
1028 1.11
1029 1.11
1030 1.11
1031 1.12
1032 1.12
1033 1.11
1034 1.12
1035 1.11
1036 1.11
1037 1.11
1038 1.11
1039 1.11
1040 1.11
1041 1.11
1042 1.11
1043 1.12
1044 1.12
1045 1.11
1046 1.11
1047 1.11
1048 1.11
1049 1.12
1050 1.12
1051 1.11
1052 1.11
1053 1.11
1054 1.11
1055 1.12
1056 1.12
1057 1.12
1058 1.12
1059 1.12
1060 1.11
1061 1.11
1062 1.11
1063 1.11
1064 1.11
1065 1.11
1066 1.11
1067 1.11
1068 1.11
1069 1.11
1070 1.11
1071 1.11
1072 1.11
1073 1.12
1074 1.12
1075 1.12
1076 1.12
1077 1.12
1078 1.12
1079 1.12
1080 1.12
1081 1.11
1082 1.11
1083 1.11
1084 1.11
1085 1.11
1086 1.12
1087 1.12
1088 1.11
1089 1.12
1090 1.11
1091 1.11
1092 1.11
1093 1.11
1094 1.11
1095 1.11
1096 1.11
1097 1.12
1098 1.12
1099 1.11
1100 1.11
1101 1.11
1102 1.11
1103 1.11
1104 1.11
1105 1.11
1106 1.11
1107 1.11
1108 1.11
1109 1.11
1110 1.12
1111 1.12
1112 1.11
1113 1.11
1114 1.11
1115 1.12
1116 1.11
1117 1.11
1118 1.11
1119 1.11
1120 1.11
1121 1.11
1122 1.11
1123 1.11
1124 1.11
1125 1.11
1126 1.11
1127 1.24
1128 1.24
1129 1.24
1130 1.24
1131 1.24
1132 1.24
1133 1.26
1134 1.24
1135 1.25
1136 1.24
1137 1.25
1138 1.24
1139 1.25
1140 1.25
1141 1.25
1142 1.24
1143 1.25
1144 1.25
1145 1.25
1146 1.25
1147 1.25
1148 1.25
1149 1.25
1150 1.25
1151 1.25
1152 1.25
1153 1.25
1154 1.24
1155 1.25
1156 1.25
1157 1.24
1158 1.25
1159 1.25
1160 1.25
1161 1.24
1162 1.25
1163 1.24
1164 1.24
1165 1.24
1166 1.24
1167 1.24
1168 1.24
1169 1.25
1170 1.25
1171 1.24
1172 1.25
1173 1.25
1174 1.25
1175 1.25
1176 1.25
1177 1.25
1178 1.24
1179 1.24
1180 1.24
1181 1.26
1182 1.26
1183 1.25
1184 1.25
1185 1.25
1186 1.25
1187 1.23
1188 1.24
1189 1.24
1190 1.24
1191 1.24
1192 1.24
1193 1.25
1194 1.25
1195 1.25
1196 1.25
1197 1.25
1198 1.24
1199 1.43
1200 1.42
1201 1.42
1202 1.42
1203 1.42
1204 1.42
1205 1.41
1206 1.41
1207 1.41
1208 1.42
1209 1.42
1210 1.42
1211 1.41
1212 1.40
1213 1.40
1214 1.40
1215 1.40
1216 1.40
1217 1.39
1218 1.41
1219 1.41
1220 1.41
1221 1.41
1222 1.42
1223 1.41
1224 1.42
1225 1.42
1226 1.41
1227 1.41
1228 1.41
1229 1.42
1230 1.42
1231 1.41
1232 1.42
1233 1.41
1234 1.42
1235 1.42
1236 1.41
1237 1.42
1238 1.42
1239 1.42
1240 1.42
1241 1.42
1242 1.42
1243 1.42
1244 1.42
1245 1.42
1246 1.42
1247 1.42
1248 1.42
1249 1.41
1250 1.41
1251 1.42
1252 1.42
1253 1.42
1254 1.42
1255 1.42
1256 1.42
1257 1.42
1258 1.42
1259 1.41
1260 1.41
1261 1.41
1262 1.41
1263 1.42
1264 1.42
1265 1.42
1266 1.41
1267 1.42
1268 1.41
1269 1.42
1270 1.42
1271 1.41
1272 1.41
1273 1.41
1274 1.41
1275 1.41
1276 1.42
1277 1.42
1278 1.42
1279 1.42
1280 1.42
1281 1.42
1282 1.41
1283 1.40
1284 1.41
1285 1.41
1286 1.41
1287 1.41
1288 1.41
1289 1.42
1290 1.41
1291 1.42
1292 1.41
1293 1.41
1294 1.41
1295 1.42
1296 1.42
1297 1.41
1298 1.41
1299 1.41
1300 1.41
1301 1.42
1302 1.42
1303 1.42
1304 1.42
1305 1.42
1306 1.42
1307 1.42
1308 1.42
1309 1.42
1310 1.42
1311 1.42
1312 1.42
1313 1.42
1314 1.42
1315 1.42
1316 1.42
1317 1.42
1318 1.42
1319 1.42
1320 1.42
1321 1.41
1322 1.42
1323 1.42
1324 1.42
1325 1.43
1326 1.42
1327 1.42
1328 1.42
1329 1.42
1330 1.42
1331 1.42
1332 1.42
1333 1.42
1334 1.42
1335 1.42
1336 1.42
1337 1.42
1338 1.42
1339 1.42
1340 1.42
1341 1.42
1342 1.42
1343 1.41
1344 1.40
1345 1.41
1346 1.41
1347 1.41
1348 1.42
1349 1.42
1350 1.42
1351 1.42
1352 1.42
1353 1.42
1354 1.42
1355 1.42
1356 1.42
1357 1.42
1358 1.42
1359 1.42
1360 1.42
1361 1.42
1362 1.42
1363 1.42
1364 1.41
1365 1.42
1366 1.42
1367 1.42
1368 1.41
1369 1.42
1370 1.42
1371 1.42
1372 1.42
1373 1.41
1374 1.42
1375 1.41
1376 1.41
1377 1.42
1378 1.42
1379 1.41
1380 1.41
1381 1.42
1382 1.42
1383 1.42
1384 1.42
1385 1.42
1386 1.42
1387 1.41
1388 1.42
1389 1.42
1390 1.42
1391 1.41
1392 1.41
1393 1.41
1394 1.41
1395 1.42
1396 1.41
1397 1.42
1398 1.42
1399 1.42
1400 1.42
1401 1.42
1402 1.42
1403 1.42
1404 1.42
1405 1.42
1406 1.42
1407 1.42
1408 1.42
1409 1.41
1410 1.41
1411 1.41
1412 1.41
1413 1.41
1414 1.42
1415 1.24
1416 1.26
1417 1.25
1418 1.26
1419 1.25
1420 1.25
1421 1.25
1422 1.25
1423 1.25
1424 1.25
1425 1.25
1426 1.25
1427 1.26
1428 1.26
1429 1.26
1430 1.25
1431 1.25
1432 1.25
1433 1.25
1434 1.25
1435 1.25
1436 1.25
1437 1.25
1438 1.25
1439 1.25
1440 1.26
1441 1.26
1442 1.25
1443 1.26
1444 1.26
1445 1.25
1446 1.25
1447 1.25
1448 1.25
1449 1.25
1450 1.25
1451 1.24
1452 1.25
1453 1.25
1454 1.25
1455 1.25
1456 1.25
1457 1.26
1458 1.25
1459 1.25
1460 1.26
1461 1.25
1462 1.25
1463 1.25
1464 1.25
1465 1.25
1466 1.25
1467 1.25
1468 1.25
1469 1.27
1470 1.26
1471 1.25
1472 1.25
1473 1.25
1474 1.25
1475 1.24
1476 1.24
1477 1.25
1478 1.25
1479 1.25
1480 1.25
1481 1.26
1482 1.25
1483 1.25
1484 1.25
1485 1.25
1486 1.25
1487 1.12
1488 1.18
1489 1.02
1490 1.14
1491 1.19
1492 1.20
1493 1.26
1494 1.25
1495 1.25
1496 1.25
1497 1.25
1498 1.25
1499 1.36
1500 1.30
1501 1.07
1502 1.10
1503 1.25
1504 1.25
1505 1.25
1506 1.25
1507 1.25
1508 1.25
1509 1.85
1510 1.85
1511 1.85
1512 1.85
1513 1.85
1514 1.85
1515 1.85
1516 1.81
1517 1.83
1518 1.80
1519 1.81
1520 1.80
1521 1.86
1522 1.77
1523 1.80
1524 1.79
1525 1.80
1526 1.77
1527 1.85
1528 1.84
1529 1.84
1530 1.84
1531 1.83
1532 1.75
1533 1.85
1534 1.84
1535 1.82
1536 1.80
1537 1.80
1538 1.80
1539 1.85
1540 1.85
1541 1.85
1542 1.85
1543 1.85
1544 1.85
1545 1.86
1546 1.86
1547 1.85
1548 1.86
1549 1.85
1550 1.85
1551 1.85
1552 1.85
1553 1.85
1554 1.85
1555 1.85
1556 1.85
1557 1.85
1558 1.85
1559 1.85
1560 1.85
1561 1.85
1562 1.85
1563 1.86
1564 1.86
1565 1.85
1566 1.85
1567 1.85
1568 1.85
1569 1.85
1570 1.85
1571 1.85
1572 1.85
1573 1.85
1574 1.85
1575 1.86
1576 1.86
1577 1.85
1578 1.85
1579 1.85
1580 1.85
1581 1.86
1582 1.85
1583 1.86
1584 1.86
1585 1.85
1586 1.85
1587 1.86
1588 1.79
1589 1.81
1590 1.78
1591 1.80
1592 1.78
1593 1.27
1594 1.38
1595 1.48
1596 1.51
1597 1.43
1598 1.42
1599 1.42
1600 1.42
1601 1.42
1602 1.43
1603 1.43
1604 1.43
1605 1.42
1606 1.43
1607 1.43
1608 1.43
1609 1.42
1610 1.42
1611 1.42
1612 1.42
1613 1.42
1614 1.42
1615 1.42
1616 1.42
1617 1.42
1618 1.42
1619 1.43
1620 1.42
1621 1.43
1622 1.43
1623 1.43
1624 1.42
1625 1.43
1626 1.42
1627 1.43
1628 1.42
1629 1.42
1630 1.42
1631 1.42
1632 1.42
1633 1.43
1634 1.43
1635 1.43
1636 1.43
1637 1.43
1638 1.43
1639 1.43
1640 1.43
1641 1.43
1642 1.43
1643 1.43
1644 1.43
1645 1.43
1646 1.43
1647 1.43
1648 1.43
1649 1.43
1650 1.43
1651 1.42
1652 1.42
1653 1.42
1654 1.42
1655 1.42
1656 1.42
1657 1.42
1658 1.42
1659 1.42
1660 1.42
1661 1.42
1662 1.42
1663 1.43
1664 1.42
1665 1.42
1666 1.43
1667 1.43
1668 1.42
1669 1.43
1670 1.42
1671 1.43
1672 1.43
1673 1.43
1674 1.43
1675 1.43
1676 1.43
1677 1.43
1678 1.43
1679 1.43
1680 1.43
1681 1.37
1682 1.38
1683 1.38
1684 1.38
1685 1.38
1686 1.38
1687 1.42
1688 1.43
1689 1.42
1690 1.42
1691 1.43
1692 1.42
1693 1.43
1694 1.43
1695 1.43
1696 1.43
1697 1.43
1698 1.43
1699 1.10
1700 1.10
1701 1.10
1702 1.09
1703 1.10
1704 1.09
1705 1.10
1706 1.10
1707 1.10
1708 1.10
1709 1.10
1710 1.10
1711 1.09
1712 1.09
1713 1.09
1714 1.09
1715 1.09
1716 1.09
1717 1.09
1718 1.09
1719 1.09
1720 1.09
1721 1.09
1722 1.09
1723 1.09
1724 1.09
1725 1.09
1726 1.09
1727 1.09
1728 1.10
1729 1.10
1730 1.09
1731 1.10
1732 1.09
1733 1.09
1734 1.09
1735 1.10
1736 1.10
1737 1.10
1738 1.09
1739 1.10
1740 1.09
1741 1.09
1742 1.10
1743 1.10
1744 1.10
1745 1.10
1746 1.10
1747 1.09
1748 1.09
1749 1.09
1750 1.09
1751 1.09
1752 1.09
1753 1.09
1754 1.09
1755 1.09
1756 1.09
1757 1.09
1758 1.09
1759 1.10
1760 1.10
1761 1.10
1762 1.10
1763 1.10
1764 1.10
1765 1.11
1766 1.09
1767 1.10
1768 1.10
1769 1.10
1770 1.09
1771 1.09
1772 1.09
1773 1.10
1774 1.10
1775 1.10
1776 1.10
1777 1.10
1778 1.10
1779 1.10
1780 1.10
1781 1.10
1782 1.10
1783 1.10
1784 1.10
1785 1.10
1786 1.09
1787 1.10
1788 1.09
1789 1.10
1790 1.10
1791 1.09
1792 1.10
1793 1.10
1794 1.10
1795 1.11
1796 1.10
1797 1.10
1798 1.10
1799 1.10
1800 1.10
1801 1.10
1802 1.10
1803 1.09
1804 1.09
1805 1.09
1806 1.10
1807 1.29
1808 1.35
1809 1.38
1810 1.36
1811 1.32
1812 1.34
1813 1.42
1814 1.42
1815 1.42
1816 1.42
1817 1.18
1818 1.18
1819 1.40
1820 1.41
1821 1.40
1822 1.40
1823 1.41
1824 1.41
1825 1.40
1826 1.41
1827 1.41
1828 1.42
1829 1.41
1830 1.41
1831 1.42
1832 1.42
1833 1.42
1834 1.41
1835 1.41
1836 1.36
1837 1.42
1838 1.42
1839 1.41
1840 1.42
1841 1.42
1842 1.42
1843 1.42
1844 1.41
1845 1.41
1846 1.41
1847 1.41
1848 1.42
1849 1.41
1850 1.41
1851 1.41
1852 1.41
1853 1.39
1854 1.39
1855 1.41
1856 1.40
1857 1.41
1858 1.41
1859 1.41
1860 1.41
1861 1.42
1862 1.42
1863 1.41
1864 1.42
1865 1.41
1866 1.41
1867 1.32
1868 1.36
1869 1.38
1870 1.39
1871 1.39
1872 1.39
1873 1.42
1874 1.42
1875 1.42
1876 1.41
1877 1.42
1878 1.42
1879 1.41
1880 1.41
1881 1.41
1882 1.41
1883 1.41
1884 1.41
1885 1.42
1886 1.42
1887 1.42
1888 1.42
1889 1.37
1890 1.38
1891 1.41
1892 1.41
1893 1.42
1894 1.41
1895 1.41
1896 1.41
1897 1.41
1898 1.29
1899 1.30
1900 1.32
1901 1.34
1902 1.35
1903 1.41
1904 1.41
1905 1.41
1906 1.41
1907 1.35
1908 1.37
1909 1.42
1910 1.42
1911 1.41
1912 1.41
1913 1.41
1914 1.41
1915 1.58
1916 1.15
1917 1.00
1918 1.41
1919 1.41
1920 1.42
1921 1.42
1922 1.42
1923 1.42
1924 1.42
1925 1.42
1926 1.42
1927 1.42
1928 1.42
1929 1.42
1930 1.41
1931 1.42
1932 1.42
1933 1.42
1934 1.42
1935 1.42
1936 1.40
1937 1.42
1938 1.41
1939 1.41
1940 1.41
1941 1.41
1942 1.41
1943 1.41
1944 1.42
1945 1.41
1946 1.42
1947 1.41
1948 1.42
1949 1.42
1950 1.42
1951 1.42
1952 1.42
1953 1.41
1954 1.42
1955 1.42
1956 1.42
1957 1.41
1958 1.42
1959 1.41
1960 1.41
1961 1.42
1962 1.41
1963 1.42
1964 1.42
1965 1.42
1966 1.42
1967 1.42
1968 1.42
1969 1.42
1970 1.42
1971 1.42
1972 1.41
1973 1.42
1974 1.42
1975 1.42
1976 1.42
1977 1.42
1978 1.42
1979 1.42
1980 1.42
1981 1.42
1982 1.42
1983 1.42
1984 1.41
1985 1.42
1986 1.42
1987 1.42
1988 1.42
1989 1.42
1990 1.41
1991 1.42
1992 1.42
1993 1.42
1994 1.41
1995 1.42
1996 1.42
1997 1.43
1998 1.42
1999 1.42
