0 1.25
1 1.25
2 1.25
3 1.25
4 1.24
5 1.25
6 1.24
7 1.24
8 1.24
9 1.24
10 1.25
11 1.25
12 1.24
13 1.24
14 1.24
15 1.24
16 1.20
17 1.24
18 1.24
19 1.24
20 1.24
21 1.24
22 1.39
23 1.39
24 1.39
25 1.39
26 1.39
27 1.39
28 1.41
29 1.40
30 1.39
31 1.39
32 1.39
33 1.39
34 1.39
35 1.40
36 1.40
37 1.39
38 1.40
39 1.39
40 1.40
41 1.39
42 1.40
43 1.39
44 1.39
45 1.39
46 1.38
47 1.39
48 1.38
49 1.38
50 1.38
51 1.38
52 1.39
53 1.40
54 1.40
55 1.40
56 1.39
57 1.40
58 1.40
59 1.39
60 1.39
61 1.40
62 1.39
63 1.39
64 1.39
65 1.40
66 1.39
67 1.38
68 1.39
69 1.39
70 1.39
71 1.38
72 1.39
73 1.39
74 1.38
75 1.38
76 1.39
77 1.38
78 1.38
79 1.39
80 1.39
81 1.39
82 1.37
83 1.38
84 1.38
85 1.39
86 1.39
87 1.39
88 1.38
89 1.38
90 1.39
91 1.38
92 1.39
93 1.39
94 1.42
95 1.40
96 1.40
97 1.40
98 1.39
99 1.39
100 1.37
101 1.39
102 1.39
103 1.39
104 1.38
105 1.39
106 1.39
107 1.38
108 1.38
109 1.39
110 1.39
111 1.39
112 1.39
113 1.40
114 1.40
115 1.39
116 1.39
117 1.39
118 1.40
119 1.40
120 1.39
121 1.40
122 1.39
123 1.39
124 1.37
125 1.39
126 1.39
127 1.39
128 1.39
129 1.39
130 1.71
131 1.59
132 1.54
133 1.50
134 1.48
135 1.68
136 1.58
137 1.52
138 1.50
139 1.47
140 1.74
141 1.61
142 1.55
143 1.51
144 1.48
145 1.75
146 1.63
147 1.56
148 1.51
149 1.49
150 1.34
151 1.35
152 1.35
153 1.35
154 1.35
155 1.36
156 1.96
157 1.65
158 1.55
159 1.51
160 1.48
161 1.46
162 1.69
163 1.57
164 1.52
165 1.49
166 1.47
167 1.77
168 1.63
169 1.56
170 1.52
171 1.49
172 1.67
173 1.56
174 1.52
175 1.48
176 1.46
177 1.69
178 1.59
179 1.53
180 1.50
181 1.47
182 1.99
183 1.68
184 1.57
185 1.52
186 1.48
187 1.46
188 1.91
189 1.64
190 1.55
191 1.50
192 1.47
193 1.44
194 1.71
195 1.59
196 1.53
197 1.50
198 1.47
199 1.69
200 1.58
201 1.52
202 1.49
203 1.47
204 1.98
205 1.67
206 1.56
207 1.51
208 1.48
209 1.46
210 1.73
211 1.62
212 1.55
213 1.52
214 1.49
215 1.73
216 1.61
217 1.55
218 1.50
219 1.48
220 1.71
221 1.60
222 1.54
223 1.50
224 1.48
225 1.59
226 1.47
227 1.44
228 1.42
229 1.41
230 1.40
231 1.62
232 1.48
233 1.44
234 1.42
235 1.41
236 1.40
237 1.57
238 1.59
239 1.61
240 1.62
241 1.62
242 1.62
243 1.66
244 1.53
245 1.47
246 1.45
247 1.43
248 1.42
249 1.38
250 1.36
251 1.36
252 1.36
253 1.36
254 1.36
255 1.35
256 1.36
257 1.36
258 1.36
259 1.36
260 1.36
261 1.62
262 1.49
263 1.44
264 1.42
265 1.41
266 1.40
267 1.36
268 1.36
269 1.36
270 1.36
271 1.36
272 1.36
273 1.34
274 1.36
275 1.36
276 1.36
277 1.36
278 1.36
279 1.37
280 1.37
281 1.36
282 1.36
283 1.36
284 1.36
285 1.37
286 1.38
287 1.37
288 1.37
289 1.37
290 1.36
291 1.46
292 1.41
293 1.39
294 1.39
295 1.39
296 1.38
297 1.82
298 1.81
299 1.81
300 1.72
301 1.65
302 1.61
303 1.78
304 1.78
305 1.78
306 1.75
307 1.67
308 1.62
309 1.83
310 1.84
311 1.83
312 1.73
313 1.65
314 1.60
315 1.44
316 1.38
317 1.38
318 1.37
319 1.36
320 1.36
321 1.81
322 1.70
323 1.64
324 1.59
325 1.36
326 1.35
327 1.35
328 1.36
329 1.36
330 1.36
331 1.91
332 1.73
333 1.64
334 1.58
335 1.54
336 1.35
337 1.34
338 1.35
339 1.35
340 1.35
341 1.35
342 1.96
343 1.76
344 1.66
345 1.60
346 1.56
347 1.43
348 1.39
349 1.37
350 1.36
351 1.37
352 1.36
353 1.99
354 1.79
355 1.68
356 1.61
357 1.57
358 1.95
359 1.75
360 1.65
361 1.60
362 1.55
363 1.33
364 1.35
365 1.35
366 1.35
367 1.35
368 1.35
369 1.34
370 1.35
371 1.35
372 1.36
373 1.36
374 1.36
375 1.31
376 1.36
377 1.35
378 1.35
379 1.36
380 1.36
381 1.91
382 1.72
383 1.63
384 1.57
385 1.54
386 1.71
387 1.59
388 1.53
389 1.50
390 1.47
391 1.35
392 1.35
393 1.35
394 1.35
395 1.35
396 1.36
397 1.88
398 1.70
399 1.61
400 1.57
401 1.53
402 1.62
403 1.49
404 1.44
405 1.42
406 1.41
407 1.40
408 1.91
409 1.73
410 1.63
411 1.58
412 1.54
413 1.36
414 1.36
415 1.36
416 1.36
417 1.36
418 1.36
419 1.90
420 1.72
421 1.63
422 1.57
423 1.53
424 1.87
425 1.70
426 1.61
427 1.56
428 1.53
429 1.40
430 1.40
431 1.40
432 1.41
433 1.40
434 1.40
435 1.42
436 1.42
437 1.40
438 1.39
439 1.39
440 1.38
441 1.41
442 1.41
443 1.41
444 1.41
445 1.41
446 1.41
447 1.41
448 1.41
449 1.42
450 1.41
451 1.41
452 1.41
453 1.43
454 1.41
455 1.42
456 1.41
457 1.42
458 1.41
459 1.43
460 1.44
461 1.43
462 1.42
463 1.42
464 1.42
465 1.41
466 1.42
467 1.42
468 1.42
469 1.41
470 1.41
471 1.42
472 1.41
473 1.41
474 1.41
475 1.41
476 1.42
477 1.41
478 1.41
479 1.41
480 1.41
481 1.42
482 1.41
483 1.40
484 1.41
485 1.41
486 1.41
487 1.41
488 1.41
489 1.42
490 1.42
491 1.41
492 1.42
493 1.41
494 1.41
495 1.41
496 1.41
497 1.41
498 1.41
499 1.41
500 1.41
501 1.41
502 1.41
503 1.41
504 1.42
505 1.41
506 1.41
507 1.39
508 1.41
509 1.41
510 1.41
511 1.41
512 1.41
513 1.43
514 1.42
515 1.42
516 1.41
517 1.41
518 1.41
519 1.40
520 1.41
521 1.40
522 1.41
523 1.41
524 1.41
525 1.41
526 1.41
527 1.41
528 1.41
529 1.42
530 1.41
531 1.41
532 1.43
533 1.41
534 1.41
535 1.41
536 1.41
537 1.39
538 1.41
539 1.41
540 1.41
541 1.40
542 1.41
543 1.41
544 1.41
545 1.42
546 1.42
547 1.41
548 1.41
549 1.39
550 1.42
551 1.41
552 1.41
553 1.41
554 1.41
555 1.44
556 1.41
557 1.42
558 1.41
559 1.41
560 1.41
561 1.40
562 1.42
563 1.42
564 1.41
565 1.42
566 1.42
567 1.44
568 1.41
569 1.42
570 1.42
571 1.42
572 1.41
573 1.40
574 1.41
575 1.41
576 1.41
577 1.42
578 1.41
579 1.24
580 1.25
581 1.25
582 1.26
583 1.25
584 1.25
585 1.39
586 1.41
587 1.41
588 1.41
589 1.41
590 1.41
591 1.40
592 1.42
593 1.42
594 1.41
595 1.42
596 1.42
597 1.43
598 1.42
599 1.42
600 1.42
601 1.42
602 1.41
603 1.40
604 1.42
605 1.42
606 1.42
607 1.42
608 1.41
609 1.40
610 1.42
611 1.42
612 1.42
613 1.42
614 1.42
615 1.44
616 1.42
617 1.42
618 1.42
619 1.41
620 1.42
621 1.41
622 1.43
623 1.42
624 1.42
625 1.42
626 1.42
627 1.44
628 1.42
629 1.42
630 1.41
631 1.42
632 1.42
633 1.42
634 1.42
635 1.41
636 1.42
637 1.41
638 1.41
639 1.38
640 1.38
641 1.39
642 1.39
643 1.38
644 1.39
645 1.43
646 1.39
647 1.39
648 1.39
649 1.39
650 1.39
651 1.41
652 1.41
653 1.40
654 1.40
655 1.40
656 1.39
657 1.39
658 1.40
659 1.40
660 1.40
661 1.39
662 1.39
663 1.40
664 1.40
665 1.40
666 1.39
667 1.39
668 1.40
669 1.39
670 1.40
671 1.40
672 1.39
673 1.39
674 1.39
675 1.40
676 1.39
677 1.40
678 1.39
679 1.39
680 1.39
681 1.41
682 1.38
683 1.40
684 1.40
685 1.39
686 1.39
687 1.38
688 1.39
689 1.39
690 1.39
691 1.40
692 1.39
693 1.40
694 1.40
695 1.39
696 1.39
697 1.38
698 1.39
699 1.37
700 1.34
701 1.33
702 1.34
703 1.35
704 1.35
705 1.39
706 1.38
707 1.39
708 1.39
709 1.38
710 1.39
711 1.40
712 1.42
713 1.41
714 1.41
715 1.42
716 1.41
717 1.39
718 1.39
719 1.41
720 1.42
721 1.41
722 1.41
723 1.42
724 1.41
725 1.41
726 1.42
727 1.41
728 1.41
729 1.43
730 1.40
731 1.42
732 1.42
733 1.41
734 1.41
735 1.41
736 1.42
737 1.42
738 1.42
739 1.41
740 1.41
741 1.40
742 1.41
743 1.41
744 1.41
745 1.41
746 1.41
747 1.38
748 1.41
749 1.40
750 1.40
751 1.41
752 1.41
753 1.42
754 1.41
755 1.42
756 1.42
757 1.41
758 1.42
759 1.41
760 1.42
761 1.42
762 1.42
763 1.42
764 1.42
765 1.40
766 1.40
767 1.41
768 1.41
769 1.16
770 1.11
771 1.42
772 1.41
773 1.42
774 1.41
775 1.42
776 1.42
777 1.44
778 1.42
779 1.42
780 1.42
781 1.42
782 1.41
783 1.42
784 1.41
785 1.42
786 1.42
787 1.41
788 1.41
789 1.45
790 1.42
791 1.42
792 1.42
793 1.42
794 1.41
795 1.41
796 1.42
797 1.41
798 1.41
799 1.41
800 1.42
801 1.44
802 1.43
803 1.42
804 1.42
805 1.42
806 1.42
807 1.40
808 1.41
809 1.40
810 1.41
811 1.41
812 1.41
813 1.38
814 1.41
815 1.41
816 1.41
817 1.41
818 1.41
819 1.87
820 1.92
821 1.94
822 1.97
823 1.96
824 1.97
825 1.83
826 1.91
827 1.94
828 1.96
829 1.97
830 1.96
831 1.90
832 1.94
833 1.95
834 1.96
835 1.96
836 1.97
837 1.87
838 1.90
839 1.94
840 1.95
841 1.96
842 1.96
843 1.99
844 1.98
845 1.99
846 1.96
847 1.99
848 1.85
849 1.90
850 1.93
851 1.96
852 1.96
853 1.96
854 1.99
855 1.97
856 1.99
857 1.98
858 1.98
859 1.98
860 1.90
861 1.91
862 1.95
863 1.96
864 1.96
865 1.97
866 1.97
867 1.97
868 1.97
869 1.98
870 1.98
871 1.98
872 1.87
873 1.95
874 1.95
875 1.96
876 1.97
877 1.97
878 1.92
879 1.96
880 1.97
881 1.97
882 1.96
883 1.97
884 1.96
885 1.93
886 1.95
887 1.96
888 1.96
889 1.97
890 1.92
891 1.96
892 1.95
893 1.96
894 1.96
895 1.98
896 1.86
897 1.91
898 1.93
899 1.94
900 1.95
901 1.95
902 1.92
903 1.98
904 1.99
905 1.98
906 1.97
907 1.97
908 1.87
909 1.94
910 1.94
911 1.95
912 1.96
913 1.96
914 1.91
915 1.96
916 1.96
917 1.97
918 1.97
919 1.98
920 1.30
921 1.27
922 1.32
923 1.31
924 1.30
925 1.27
926 1.39
927 1.41
928 1.37
929 1.34
930 1.32
931 1.31
932 1.51
933 1.39
934 1.34
935 1.32
936 1.31
937 1.29
938 1.27
939 1.14
940 1.07
941 1.07
942 1.07
943 1.05
944 1.06
945 1.05
946 1.02
947 1.00
948 1.04
949 1.41
950 1.34
951 1.30
952 1.28
953 1.26
954 1.25
955 1.50
956 1.40
957 1.33
958 1.31
959 1.30
960 1.29
961 1.47
962 1.39
963 1.34
964 1.31
965 1.30
966 1.29
967 1.44
968 1.44
969 1.38
970 1.34
971 1.33
972 1.31
973 1.47
974 1.39
975 1.34
976 1.32
977 1.30
978 1.29
979 1.48
980 1.39
981 1.35
982 1.31
983 1.30
984 1.29
985 1.51
986 1.40
987 1.35
988 1.32
989 1.31
990 1.29
991 1.51
992 1.41
993 1.36
994 1.32
995 1.31
996 1.30
997 1.47
998 1.39
999 1.34
1000 1.32
1001 1.30
1002 1.29
1003 1.49
1004 1.39
1005 1.34
1006 1.31
1007 1.30
1008 1.26
1009 1.47
1010 1.41
1011 1.36
1012 1.32
1013 1.31
1014 1.30
1015 1.50
1016 1.45
1017 1.38
1018 1.34
1019 1.32
1020 1.31
1021 1.46
1022 1.39
1023 1.34
1024 1.31
1025 1.29
1026 1.29
1027 1.08
1028 1.07
1029 1.10
1030 1.12
1031 1.14
1032 1.05
1033 1.33
1034 1.31
1035 1.32
1036 1.33
1037 1.34
1038 1.30
1039 1.11
1040 1.06
1041 1.01
1042 1.15
1043 1.16
1044 1.15
1045 1.13
1046 1.15
1047 1.15
1048 1.28
1049 1.27
1050 1.26
1051 1.27
1052 1.28
1053 1.29
1054 1.01
1055 1.06
1056 1.04
1057 1.06
1058 1.07
1059 1.33
1060 1.31
1061 1.25
1062 1.28
1063 1.27
1064 1.27
1065 1.41
1066 1.40
1067 1.40
1068 1.41
1069 1.40
1070 1.41
1071 1.14
1072 1.01
1073 1.26
1074 1.27
1075 1.28
1076 1.26
1077 1.25
1078 1.23
1079 1.13
1080 1.16
1081 1.22
1082 1.26
1083 1.27
1084 1.28
1085 1.16
1086 1.20
1087 1.26
1088 1.25
1089 1.25
1090 1.26
1091 1.16
1092 1.15
1093 1.14
1094 1.14
1095 1.13
1096 1.13
1097 1.13
1098 1.14
1099 1.13
1100 1.12
1101 1.13
1102 1.13
1103 1.11
1104 1.13
1105 1.13
1106 1.13
1107 1.12
1108 1.13
1109 1.13
1110 1.14
1111 1.14
1112 1.14
1113 1.14
1114 1.14
1115 1.14
1116 1.15
1117 1.15
1118 1.15
1119 1.14
1120 1.15
1121 1.13
1122 1.13
1123 1.13
1124 1.13
1125 1.14
1126 1.14
1127 1.15
1128 1.15
1129 1.15
1130 1.15
1131 1.14
1132 1.15
1133 1.15
1134 1.13
1135 1.14
1136 1.14
1137 1.14
1138 1.14
1139 1.14
1140 1.14
1141 1.14
1142 1.14
1143 1.14
1144 1.14
1145 1.13
1146 1.13
1147 1.13
1148 1.13
1149 1.13
1150 1.13
1151 1.11
1152 1.13
1153 1.12
1154 1.12
1155 1.13
1156 1.13
1157 1.11
1158 1.12
1159 1.12
1160 1.12
1161 1.13
1162 1.13
1163 1.11
1164 1.11
1165 1.11
1166 1.12
1167 1.11
1168 1.12
1169 1.14
1170 1.13
1171 1.12
1172 1.13
1173 1.13
1174 1.13
1175 1.09
1176 1.12
1177 1.12
1178 1.12
1179 1.12
1180 1.12
1181 1.16
1182 1.13
1183 1.14
1184 1.13
1185 1.14
1186 1.13
1187 1.13
1188 1.14
1189 1.13
1190 1.13
1191 1.13
1192 1.13
1193 1.16
1194 1.15
1195 1.15
1196 1.14
1197 1.14
1198 1.14
1199 1.07
1200 1.36
1201 1.38
1202 1.39
1203 1.38
1204 1.39
1205 1.39
1206 1.37
1207 1.39
1208 1.38
1209 1.39
1210 1.38
1211 1.39
1212 1.39
1213 1.39
1214 1.38
1215 1.39
1216 1.39
1217 1.39
1218 1.40
1219 1.39
1220 1.39
1221 1.39
1222 1.40
1223 1.39
1224 1.40
1225 1.41
1226 1.40
1227 1.40
1228 1.40
1229 1.39
1230 1.38
1231 1.39
1232 1.39
1233 1.38
1234 1.39
1235 1.40
1236 1.42
1237 1.39
1238 1.39
1239 1.39
1240 1.40
1241 1.39
1242 1.41
1243 1.39
1244 1.39
1245 1.40
1246 1.39
1247 1.40
1248 1.38
1249 1.39
1250 1.40
1251 1.40
1252 1.39
1253 1.39
1254 1.38
1255 1.40
1256 1.39
1257 1.39
1258 1.39
1259 1.39
1260 1.38
1261 1.40
1262 1.39
1263 1.39
1264 1.39
1265 1.39
1266 1.37
1267 1.38
1268 1.38
1269 1.39
1270 1.39
1271 1.39
1272 1.37
1273 1.39
1274 1.40
1275 1.40
1276 1.39
1277 1.39
1278 1.39
1279 1.39
1280 1.39
1281 1.40
1282 1.39
1283 1.39
1284 1.41
1285 1.40
1286 1.40
1287 1.40
1288 1.40
1289 1.40
1290 1.42
1291 1.40
1292 1.40
1293 1.39
1294 1.40
1295 1.39
1296 1.38
1297 1.39
1298 1.38
1299 1.39
1300 1.39
1301 1.40
1302 1.38
1303 1.39
1304 1.39
1305 1.40
1306 1.40
1307 1.39
1308 1.41
1309 1.40
1310 1.42
1311 1.41
1312 1.41
1313 1.41
1314 1.41
1315 1.40
1316 1.41
1317 1.41
1318 1.41
1319 1.41
1320 1.40
1321 1.42
1322 1.42
1323 1.42
1324 1.41
1325 1.41
1326 1.42
1327 1.41
1328 1.41
1329 1.41
1330 1.41
1331 1.41
1332 1.78
1333 1.64
1334 1.57
1335 1.52
1336 1.50
1337 1.70
1338 1.52
1339 1.47
1340 1.43
1341 1.41
1342 1.40
1343 1.05
1344 1.09
1345 1.03
1346 1.25
1347 1.04
1348 1.11
1349 1.09
1350 1.11
1351 1.12
1352 1.86
1353 1.61
1354 1.53
1355 1.48
1356 1.45
1357 1.44
1358 1.01
1359 1.07
1360 1.07
1361 1.09
1362 1.11
1363 1.12
1364 1.06
1365 1.96
1366 1.66
1367 1.56
1368 1.51
1369 1.48
1370 1.46
1371 1.36
1372 1.35
1373 1.37
1374 1.35
1375 1.35
1376 1.33
1377 1.34
1378 1.35
1379 1.35
1380 1.36
1381 1.35
1382 1.36
1383 1.97
1384 1.66
1385 1.55
1386 1.50
1387 1.47
1388 1.46
1389 1.82
1390 1.71
1391 1.64
1392 1.59
1393 1.62
1394 1.57
1395 1.52
1396 1.49
1397 1.47
1398 1.35
1399 1.36
1400 1.36
1401 1.35
1402 1.36
1403 1.36
1404 1.34
1405 1.34
1406 1.35
1407 1.34
1408 1.35
1409 1.34
1410 1.34
1411 1.34
1412 1.35
1413 1.35
1414 1.36
1415 1.35
1416 1.34
1417 1.36
1418 1.37
1419 1.36
1420 1.34
1421 1.36
1422 1.27
1423 1.24
1424 1.24
1425 1.24
1426 1.24
1427 1.25
1428 1.24
1429 1.22
1430 1.21
1431 1.21
1432 1.21
1433 1.21
1434 1.25
1435 1.25
1436 1.24
1437 1.24
1438 1.25
1439 1.25
1440 1.23
1441 1.23
1442 1.24
1443 1.24
1444 1.24
1445 1.24
1446 1.23
1447 1.24
1448 1.24
1449 1.24
1450 1.24
1451 1.24
1452 1.25
1453 1.25
1454 1.25
1455 1.24
1456 1.24
1457 1.25
1458 1.26
1459 1.25
1460 1.25
1461 1.25
1462 1.25
1463 1.25
1464 1.25
1465 1.25
1466 1.24
1467 1.24
1468 1.24
1469 1.24
1470 1.38
1471 1.30
1472 1.28
1473 1.29
1474 1.26
1475 1.26
1476 1.24
1477 1.24
1478 1.25
1479 1.25
1480 1.25
1481 1.27
1482 1.24
1483 1.25
1484 1.24
1485 1.25
1486 1.25
1487 1.22
1488 1.25
1489 1.23
1490 1.24
1491 1.25
1492 1.24
1493 1.10
1494 1.13
1495 1.16
1496 1.16
1497 1.78
1498 1.48
1499 1.39
1500 1.36
1501 1.34
1502 1.31
1503 1.25
1504 1.27
1505 1.26
1506 1.26
1507 1.25
1508 1.12
1509 1.15
1510 1.17
1511 1.19
1512 1.20
1513 1.24
1514 1.25
1515 1.25
1516 1.24
1517 1.30
1518 1.25
1519 1.25
1520 1.25
1521 1.24
1522 1.33
1523 1.30
1524 1.28
1525 1.27
1526 1.26
1527 1.26
1528 1.10
1529 1.22
1530 1.22
1531 1.23
1532 1.22
1533 1.02
1534 1.08
1535 1.11
1536 1.13
1537 1.71
1538 1.50
1539 1.41
1540 1.37
1541 1.34
1542 1.33
1543 1.10
1544 1.21
1545 1.21
1546 1.22
1547 1.23
1548 1.00
1549 1.17
1550 1.19
1551 1.20
1552 1.20
1553 1.12
1554 1.15
1555 1.17
1556 1.18
1557 1.13
1558 1.22
1559 1.23
1560 1.23
1561 1.23
1562 1.39
1563 1.30
1564 1.28
1565 1.28
1566 1.28
1567 1.27
1568 1.10
1569 1.20
1570 1.21
1571 1.22
1572 1.22
1573 1.14
1574 1.21
1575 1.22
1576 1.23
1577 1.23
1578 1.47
1579 1.47
1580 1.48
1581 1.48
1582 1.47
1583 1.48
1584 1.50
1585 1.48
1586 1.48
1587 1.48
1588 1.48
1589 1.48
1590 1.47
1591 1.47
1592 1.47
1593 1.47
1594 1.47
1595 1.47
1596 1.48
1597 1.48
1598 1.46
1599 1.46
1600 1.46
1601 1.46
1602 1.45
1603 1.44
1604 1.46
1605 1.45
1606 1.46
1607 1.46
1608 1.45
1609 1.45
1610 1.45
1611 1.46
1612 1.46
1613 1.46
1614 1.44
1615 1.47
1616 1.46
1617 1.46
1618 1.47
1619 1.47
1620 1.50
1621 1.49
1622 1.48
1623 1.48
1624 1.48
1625 1.48
1626 1.46
1627 1.47
1628 1.47
1629 1.47
1630 1.47
1631 1.47
1632 1.46
1633 1.47
1634 1.48
1635 1.47
1636 1.48
1637 1.48
1638 1.48
1639 1.47
1640 1.47
1641 1.48
1642 1.48
1643 1.47
1644 1.45
1645 1.46
1646 1.46
1647 1.47
1648 1.47
1649 1.47
1650 1.50
1651 1.49
1652 1.49
1653 1.48
1654 1.49
1655 1.48
1656 1.48
1657 1.47
1658 1.49
1659 1.48
1660 1.48
1661 1.48
1662 1.48
1663 1.48
1664 1.48
1665 1.48
1666 1.47
1667 1.48
1668 1.53
1669 1.51
1670 1.49
1671 1.49
1672 1.49
1673 1.49
1674 1.47
1675 1.48
1676 1.47
1677 1.48
1678 1.48
1679 1.47
1680 1.48
1681 1.49
1682 1.48
1683 1.48
1684 1.47
1685 1.48
1686 1.96
1687 1.14
1688 1.13
1689 1.13
1690 1.13
1691 1.12
1692 1.13
1693 1.10
1694 1.11
1695 1.12
1696 1.11
1697 1.12
1698 1.11
1699 1.13
1700 1.13
1701 1.13
1702 1.13
1703 1.12
1704 1.13
1705 1.09
1706 1.11
1707 1.11
1708 1.11
1709 1.11
1710 1.11
1711 1.11
1712 1.11
1713 1.11
1714 1.12
1715 1.12
1716 1.11
1717 1.11
1718 1.12
1719 1.11
1720 1.12
1721 1.12
1722 1.12
1723 1.13
1724 1.13
1725 1.12
1726 1.12
1727 1.13
1728 1.13
1729 1.14
1730 1.13
1731 1.13
1732 1.13
1733 1.13
1734 1.13
1735 1.15
1736 1.13
1737 1.14
1738 1.13
1739 1.13
1740 1.12
1741 1.01
1742 1.00
1743 1.02
1744 1.03
1745 1.03
1746 1.02
1747 1.09
1748 1.07
1749 1.05
1750 1.05
1751 1.04
1752 1.04
1753 1.10
1754 1.10
1755 1.11
1756 1.10
1757 1.11
1758 1.11
1759 1.11
1760 1.11
1761 1.11
1762 1.11
1763 1.11
1764 1.11
1765 1.13
1766 1.11
1767 1.11
1768 1.10
1769 1.10
1770 1.11
1771 1.13
1772 1.13
1773 1.14
1774 1.13
1775 1.13
1776 1.13
1777 1.12
1778 1.12
1779 1.12
1780 1.12
1781 1.11
1782 1.11
1783 1.12
1784 1.12
1785 1.12
1786 1.12
1787 1.12
1788 1.12
1789 1.09
1790 1.11
1791 1.10
1792 1.11
1793 1.11
1794 1.11
1795 1.70
1796 1.59
1797 1.53
1798 1.50
1799 1.47
1800 1.95
1801 1.66
1802 1.56
1803 1.51
1804 1.48
1805 1.46
1806 1.96
1807 1.67
1808 1.56
1809 1.51
1810 1.48
1811 1.46
1812 1.94
1813 1.65
1814 1.55
1815 1.51
1816 1.47
1817 1.45
1818 1.98
1819 1.66
1820 1.56
1821 1.50
1822 1.47
1823 1.46
1824 1.98
1825 1.67
1826 1.57
1827 1.51
1828 1.48
1829 1.46
1830 1.70
1831 1.59
1832 1.52
1833 1.49
1834 1.47
1835 1.88
1836 1.54
1837 1.48
1838 1.46
1839 1.43
1840 1.42
1841 1.69
1842 1.57
1843 1.51
1844 1.49
1845 1.46
1846 1.67
1847 1.56
1848 1.52
1849 1.48
1850 1.45
1851 1.92
1852 1.64
1853 1.55
1854 1.50
1855 1.47
1856 1.45
1857 1.71
1858 1.60
1859 1.53
1860 1.50
1861 1.47
1862 1.98
1863 1.64
1864 1.56
1865 1.50
1866 1.48
1867 1.46
1868 1.94
1869 1.65
1870 1.54
1871 1.50
1872 1.47
1873 1.45
1874 1.75
1875 1.62
1876 1.55
1877 1.51
1878 1.48
1879 1.97
1880 1.67
1881 1.56
1882 1.51
1883 1.47
1884 1.45
1885 1.67
1886 1.56
1887 1.51
1888 1.48
1889 1.45
1890 1.71
1891 1.59
1892 1.53
1893 1.50
1894 1.48
1895 1.94
1896 1.96
1897 1.96
1898 1.96
1899 1.96
1900 1.96
1901 1.96
1902 1.94
1903 1.94
1904 1.94
1905 1.95
1906 1.95
1907 1.97
1908 1.96
1909 1.96
1910 1.95
1911 1.95
1912 1.95
1913 1.95
1914 1.94
1915 1.94
1916 1.94
1917 1.94
1918 1.94
1919 1.94
1920 1.93
1921 1.93
1922 1.93
1923 1.93
1924 1.93
1925 1.93
1926 1.92
1927 1.93
1928 1.93
1929 1.93
1930 1.94
1931 1.24
1932 1.24
1933 1.24
1934 1.24
1935 1.24
1936 1.24
1937 1.26
1938 1.25
1939 1.25
1940 1.24
1941 1.24
1942 1.24
1943 1.26
1944 1.26
1945 1.25
1946 1.25
1947 1.25
1948 1.24
1949 1.04
1950 1.14
1951 1.15
1952 1.16
1953 1.19
1954 1.20
1955 1.24
1956 1.24
1957 1.23
1958 1.23
1959 1.24
1960 1.24
1961 1.24
1962 1.24
1963 1.24
1964 1.24
1965 1.24
1966 1.24
1967 1.24
1968 1.23
1969 1.24
1970 1.24
1971 1.24
1972 1.23
1973 1.21
1974 1.23
1975 1.23
1976 1.24
1977 1.24
1978 1.24
1979 1.26
1980 1.26
1981 1.25
1982 1.25
1983 1.25
1984 1.25
1985 1.24
1986 1.24
1987 1.24
1988 1.24
1989 1.24
1990 1.24
1991 1.24
1992 1.24
1993 1.24
1994 1.24
1995 1.24
1996 1.25
1997 1.26
1998 1.24
1999 1.25
