0 1.66
1 1.66
2 1.65
3 1.65
4 1.64
5 1.66
6 1.63
7 1.64
8 1.64
9 1.64
10 1.63
11 1.61
12 1.62
13 1.61
14 1.62
15 1.62
16 1.63
17 1.59
18 1.60
19 1.61
20 1.63
21 1.64
22 1.64
23 1.61
24 1.62
25 1.63
26 1.64
27 1.64
28 1.65
29 1.63
30 1.66
31 1.66
32 1.65
33 1.65
34 1.65
35 1.65
36 1.66
37 1.66
38 1.66
39 1.65
40 1.66
41 1.57
42 1.63
43 1.64
44 1.64
45 1.64
46 1.64
47 1.64
48 1.64
49 1.63
50 1.62
51 1.62
52 1.62
53 1.62
54 1.61
55 1.62
56 1.60
57 1.61
58 1.62
59 1.35
60 1.36
61 1.36
62 1.36
63 1.36
64 1.36
65 1.36
66 1.37
67 1.36
68 1.36
69 1.36
70 1.36
71 1.35
72 1.32
73 1.32
74 1.31
75 1.33
76 1.33
77 1.35
78 1.34
79 1.34
80 1.34
81 1.34
82 1.34
83 1.36
84 1.36
85 1.36
86 1.36
87 1.36
88 1.36
89 1.36
90 1.35
91 1.36
92 1.36
93 1.36
94 1.36
95 1.35
96 1.36
97 1.36
98 1.36
99 1.36
100 1.36
101 1.36
102 1.36
103 1.37
104 1.37
105 1.37
106 1.37
107 1.35
108 1.35
109 1.35
110 1.35
111 1.34
112 1.35
113 1.37
114 1.36
115 1.36
116 1.36
117 1.36
118 1.36
119 1.32
120 1.31
121 1.33
122 1.34
123 1.34
124 1.34
125 1.36
126 1.37
127 1.36
128 1.36
129 1.36
130 1.35
131 1.37
132 1.37
133 1.37
134 1.37
135 1.36
136 1.36
137 1.38
138 1.34
139 1.34
140 1.34
141 1.34
142 1.34
143 1.37
144 1.37
145 1.37
146 1.37
147 1.37
148 1.37
149 1.37
150 1.36
151 1.36
152 1.36
153 1.36
154 1.36
155 1.32
156 1.33
157 1.32
158 1.32
159 1.32
160 1.32
161 1.36
162 1.33
163 1.32
164 1.31
165 1.31
166 1.32
167 1.42
168 1.41
169 1.41
170 1.41
171 1.42
172 1.42
173 1.42
174 1.41
175 1.42
176 1.42
177 1.42
178 1.42
179 1.44
180 1.43
181 1.43
182 1.43
183 1.42
184 1.43
185 1.42
186 1.42
187 1.42
188 1.42
189 1.42
190 1.42
191 1.40
192 1.39
193 1.41
194 1.41
195 1.41
196 1.41
197 1.42
198 1.41
199 1.42
200 1.42
201 1.42
202 1.42
203 1.42
204 1.42
205 1.42
206 1.42
207 1.42
208 1.42
209 1.42
210 1.43
211 1.42
212 1.42
213 1.42
214 1.42
215 1.47
216 1.45
217 1.43
218 1.44
219 1.43
220 1.43
221 1.43
222 1.42
223 1.42
224 1.42
225 1.42
226 1.42
227 1.44
228 1.43
229 1.43
230 1.42
231 1.42
232 1.42
233 1.42
234 1.43
235 1.43
236 1.42
237 1.42
238 1.42
239 1.36
240 1.37
241 1.36
242 1.36
243 1.35
244 1.34
245 1.42
246 1.42
247 1.42
248 1.42
249 1.42
250 1.42
251 1.41
252 1.43
253 1.42
254 1.42
255 1.42
256 1.42
257 1.43
258 1.42
259 1.42
260 1.42
261 1.42
262 1.42
263 1.42
264 1.42
265 1.43
266 1.42
267 1.42
268 1.42
269 1.43
270 1.42
271 1.42
272 1.42
273 1.42
274 1.42
275 1.39
276 1.40
277 1.39
278 1.40
279 1.40
280 1.40
281 1.39
282 1.40
283 1.40
284 1.40
285 1.40
286 1.40
287 1.40
288 1.39
289 1.39
290 1.40
291 1.40
292 1.40
293 1.39
294 1.39
295 1.39
296 1.39
297 1.39
298 1.39
299 1.40
300 1.40
301 1.39
302 1.39
303 1.40
304 1.39
305 1.40
306 1.40
307 1.39
308 1.40
309 1.39
310 1.40
311 1.40
312 1.39
313 1.40
314 1.39
315 1.40
316 1.39
317 1.40
318 1.40
319 1.40
320 1.40
321 1.40
322 1.39
323 1.39
324 1.40
325 1.40
326 1.40
327 1.39
328 1.40
329 1.39
330 1.40
331 1.39
332 1.40
333 1.40
334 1.40
335 1.39
336 1.40
337 1.40
338 1.40
339 1.40
340 1.39
341 1.39
342 1.37
343 1.38
344 1.39
345 1.39
346 1.39
347 1.40
348 1.39
349 1.39
350 1.39
351 1.40
352 1.40
353 1.38
354 1.39
355 1.39
356 1.39
357 1.40
358 1.39
359 1.40
360 1.40
361 1.40
362 1.40
363 1.40
364 1.39
365 1.39
366 1.39
367 1.39
368 1.39
369 1.39
370 1.39
371 1.40
372 1.40
373 1.40
374 1.39
375 1.40
376 1.40
377 1.39
378 1.40
379 1.39
380 1.39
381 1.39
382 1.39
383 1.43
384 1.42
385 1.41
386 1.41
387 1.41
388 1.40
389 1.41
390 1.40
391 1.41
392 1.40
393 1.40
394 1.40
395 1.39
396 1.39
397 1.39
398 1.39
399 1.39
400 1.39
401 1.40
402 1.41
403 1.41
404 1.41
405 1.40
406 1.40
407 1.39
408 1.42
409 1.41
410 1.40
411 1.41
412 1.40
413 1.41
414 1.30
415 1.18
416 1.23
417 1.27
418 1.29
419 1.14
420 1.22
421 1.27
422 1.30
423 1.31
424 1.44
425 1.42
426 1.41
427 1.40
428 1.40
429 1.40
430 1.45
431 1.41
432 1.40
433 1.40
434 1.41
435 1.40
436 1.43
437 1.41
438 1.40
439 1.41
440 1.32
441 1.33
442 1.43
443 1.42
444 1.40
445 1.40
446 1.40
447 1.40
448 1.43
449 1.42
450 1.41
451 1.41
452 1.40
453 1.40
454 1.42
455 1.41
456 1.41
457 1.40
458 1.40
459 1.40
460 1.13
461 1.22
462 1.27
463 1.31
464 1.32
465 1.34
466 1.41
467 1.42
468 1.40
469 1.40
470 1.40
471 1.39
472 1.41
473 1.43
474 1.41
475 1.40
476 1.40
477 1.40
478 1.45
479 1.43
480 1.42
481 1.41
482 1.40
483 1.40
484 1.42
485 1.42
486 1.42
487 1.41
488 1.40
489 1.40
490 1.42
491 1.42
492 1.42
493 1.42
494 1.42
495 1.42
496 1.41
497 1.42
498 1.42
499 1.42
500 1.41
501 1.41
502 1.42
503 1.41
504 1.42
505 1.42
506 1.42
507 1.41
508 1.38
509 1.40
510 1.41
511 1.41
512 1.40
513 1.40
514 1.45
515 1.42
516 1.41
517 1.42
518 1.42
519 1.42
520 1.40
521 1.41
522 1.42
523 1.42
524 1.41
525 1.41
526 1.41
527 1.42
528 1.42
529 1.42
530 1.41
531 1.41
532 1.43
533 1.42
534 1.42
535 1.42
536 1.42
537 1.42
538 1.44
539 1.43
540 1.43
541 1.43
542 1.42
543 1.43
544 1.41
545 1.40
546 1.41
547 1.41
548 1.41
549 1.41
550 1.43
551 1.42
552 1.42
553 1.43
554 1.42
555 1.42
556 1.41
557 1.41
558 1.42
559 1.41
560 1.41
561 1.42
562 1.42
563 1.44
564 1.43
565 1.42
566 1.42
567 1.42
568 1.43
569 1.44
570 1.43
571 1.43
572 1.42
573 1.43
574 1.40
575 1.42
576 1.42
577 1.41
578 1.42
579 1.42
580 1.39
581 1.41
582 1.41
583 1.42
584 1.42
585 1.42
586 1.39
587 1.42
588 1.42
589 1.42
590 1.42
591 1.41
592 1.42
593 1.41
594 1.42
595 1.41
596 1.41
597 1.42
598 1.00
599 1.91
600 1.93
601 1.96
602 1.52
603 1.43
604 1.34
605 1.26
606 1.26
607 1.26
608 1.77
609 1.63
610 1.56
611 1.53
612 1.50
613 1.78
614 1.64
615 1.56
616 1.52
617 1.50
618 1.83
619 1.66
620 1.59
621 1.55
622 1.51
623 1.71
624 1.60
625 1.53
626 1.50
627 1.48
628 1.77
629 1.63
630 1.57
631 1.52
632 1.50
633 1.74
634 1.60
635 1.56
636 1.51
637 1.49
638 1.74
639 1.61
640 1.55
641 1.52
642 1.49
643 1.73
644 1.60
645 1.54
646 1.50
647 1.48
648 1.74
649 1.60
650 1.54
651 1.51
652 1.49
653 1.75
654 1.62
655 1.55
656 1.51
657 1.48
658 1.73
659 1.61
660 1.55
661 1.52
662 1.48
663 1.76
664 1.62
665 1.56
666 1.52
667 1.49
668 1.74
669 1.61
670 1.55
671 1.51
672 1.48
673 1.75
674 1.61
675 1.55
676 1.51
677 1.48
678 1.73
679 1.61
680 1.54
681 1.50
682 1.48
683 1.73
684 1.61
685 1.55
686 1.51
687 1.48
688 1.77
689 1.64
690 1.57
691 1.52
692 1.50
693 1.35
694 1.34
695 1.35
696 1.35
697 1.36
698 1.35
699 1.80
700 1.68
701 1.62
702 1.57
703 1.80
704 1.69
705 1.62
706 1.58
707 1.81
708 1.70
709 1.64
710 1.58
711 1.82
712 1.70
713 1.64
714 1.58
715 1.83
716 1.70
717 1.63
718 1.59
719 1.79
720 1.67
721 1.62
722 1.57
723 1.79
724 1.69
725 1.62
726 1.57
727 1.79
728 1.68
729 1.61
730 1.57
731 1.79
732 1.69
733 1.62
734 1.58
735 1.79
736 1.68
737 1.63
738 1.57
739 1.99
740 1.79
741 1.69
742 1.62
743 1.57
744 1.81
745 1.69
746 1.62
747 1.58
748 1.80
749 1.68
750 1.62
751 1.57
752 1.80
753 1.68
754 1.63
755 1.57
756 1.80
757 1.69
758 1.61
759 1.57
760 1.77
761 1.67
762 1.61
763 1.57
764 1.81
765 1.69
766 1.62
767 1.57
768 1.80
769 1.68
770 1.62
771 1.58
772 1.40
773 1.77
774 1.58
775 1.67
776 1.74
777 1.76
778 1.95
779 1.81
780 1.58
781 1.68
782 1.58
783 1.44
784 1.41
785 1.43
786 1.67
787 1.77
788 1.73
789 1.60
790 1.63
791 1.53
792 1.82
793 1.78
794 1.64
795 1.58
796 1.52
797 1.50
798 1.85
799 1.66
800 1.53
801 1.47
802 1.43
803 1.40
804 1.42
805 1.42
806 1.42
807 1.41
808 1.41
809 1.43
810 1.42
811 1.42
812 1.42
813 1.42
814 1.42
815 1.41
816 1.41
817 1.42
818 1.42
819 1.42
820 1.42
821 1.43
822 1.42
823 1.43
824 1.42
825 1.42
826 1.42
827 1.41
828 1.41
829 1.42
830 1.42
831 1.41
832 1.42
833 1.41
834 1.41
835 1.42
836 1.42
837 1.41
838 1.41
839 1.45
840 1.44
841 1.42
842 1.43
843 1.43
844 1.43
845 1.44
846 1.42
847 1.42
848 1.42
849 1.42
850 1.42
851 1.40
852 1.41
853 1.41
854 1.42
855 1.42
856 1.42
857 1.39
858 1.43
859 1.41
860 1.42
861 1.42
862 1.41
863 1.41
864 1.41
865 1.42
866 1.41
867 1.41
868 1.41
869 1.39
870 1.41
871 1.41
872 1.41
873 1.42
874 1.41
875 1.42
876 1.41
877 1.41
878 1.41
879 1.41
880 1.42
881 1.41
882 1.41
883 1.42
884 1.41
885 1.41
886 1.41
887 1.42
888 1.42
889 1.42
890 1.42
891 1.42
892 1.42
893 1.42
894 1.43
895 1.42
896 1.42
897 1.42
898 1.42
899 1.38
900 1.41
901 1.42
902 1.42
903 1.41
904 1.41
905 1.43
906 1.42
907 1.42
908 1.42
909 1.42
910 1.42
911 1.44
912 1.70
913 1.88
914 1.99
915 1.41
916 1.41
917 1.41
918 1.41
919 1.41
920 1.41
921 1.41
922 1.41
923 1.42
924 1.42
925 1.41
926 1.41
927 1.42
928 1.42
929 1.41
930 1.41
931 1.41
932 1.41
933 1.41
934 1.41
935 1.41
936 1.41
937 1.41
938 1.41
939 1.41
940 1.41
941 1.41
942 1.41
943 1.41
944 1.41
945 1.41
946 1.42
947 1.41
948 1.41
949 1.41
950 1.41
951 1.41
952 1.41
953 1.41
954 1.41
955 1.41
956 1.41
957 1.41
958 1.41
959 1.41
960 1.41
961 1.41
962 1.41
963 1.41
964 1.41
965 1.41
966 1.41
967 1.41
968 1.41
969 1.41
970 1.41
971 1.41
972 1.41
973 1.40
974 1.38
975 1.40
976 1.41
977 1.41
978 1.41
979 1.41
980 1.41
981 1.42
982 1.42
983 1.42
984 1.41
985 1.42
986 1.41
987 1.42
988 1.41
989 1.41
990 1.41
991 1.41
992 1.41
993 1.40
994 1.40
995 1.41
996 1.41
997 1.40
998 1.41
999 1.41
1000 1.42
1001 1.41
1002 1.41
1003 1.41
1004 1.41
1005 1.41
1006 1.41
1007 1.41
1008 1.41
1009 1.41
1010 1.41
1011 1.17
1012 1.16
1013 1.17
1014 1.17
1015 1.17
1016 1.17
1017 1.17
1018 1.17
1019 1.16
1020 1.15
1021 1.16
1022 1.15
1023 1.18
1024 1.18
1025 1.17
1026 1.17
1027 1.17
1028 1.17
1029 1.11
1030 1.11
1031 1.11
1032 1.11
1033 1.11
1034 1.11
1035 1.17
1036 1.17
1037 1.17
1038 1.17
1039 1.17
1040 1.17
1041 1.14
1042 1.15
1043 1.16
1044 1.17
1045 1.17
1046 1.17
1047 1.17
1048 1.17
1049 1.17
1050 1.16
1051 1.17
1052 1.17
1053 1.20
1054 1.19
1055 1.18
1056 1.18
1057 1.18
1058 1.17
1059 1.16
1060 1.14
1061 1.15
1062 1.15
1063 1.16
1064 1.16
1065 1.14
1066 1.16
1067 1.16
1068 1.16
1069 1.15
1070 1.15
1071 1.17
1072 1.16
1073 1.16
1074 1.16
1075 1.15
1076 1.16
1077 1.21
1078 1.17
1079 1.18
1080 1.17
1081 1.18
1082 1.18
1083 1.02
1084 1.06
1085 1.04
1086 1.06
1087 1.06
1088 1.06
1089 1.04
1090 1.05
1091 1.06
1092 1.06
1093 1.06
1094 1.05
1095 1.03
1096 1.04
1097 1.05
1098 1.05
1099 1.05
1100 1.05
1101 1.41
1102 1.41
1103 1.41
1104 1.41
1105 1.41
1106 1.41
1107 1.39
1108 1.40
1109 1.40
1110 1.40
1111 1.41
1112 1.41
1113 1.42
1114 1.41
1115 1.41
1116 1.41
1117 1.41
1118 1.42
1119 1.41
1120 1.41
1121 1.41
1122 1.41
1123 1.40
1124 1.40
1125 1.39
1126 1.39
1127 1.39
1128 1.39
1129 1.39
1130 1.39
1131 1.40
1132 1.40
1133 1.40
1134 1.39
1135 1.40
1136 1.39
1137 1.43
1138 1.41
1139 1.41
1140 1.41
1141 1.41
1142 1.42
1143 1.42
1144 1.41
1145 1.41
1146 1.41
1147 1.41
1148 1.41
1149 1.41
1150 1.41
1151 1.41
1152 1.41
1153 1.41
1154 1.41
1155 1.41
1156 1.41
1157 1.41
1158 1.41
1159 1.42
1160 1.41
1161 1.41
1162 1.41
1163 1.42
1164 1.41
1165 1.41
1166 1.41
1167 1.42
1168 1.42
1169 1.41
1170 1.41
1171 1.41
1172 1.41
1173 1.42
1174 1.42
1175 1.41
1176 1.41
1177 1.42
1178 1.42
1179 1.39
1180 1.40
1181 1.40
1182 1.41
1183 1.41
1184 1.41
1185 1.36
1186 1.39
1187 1.40
1188 1.40
1189 1.40
1190 1.40
1191 1.41
1192 1.41
1193 1.41
1194 1.41
1195 1.41
1196 1.42
1197 1.41
1198 1.41
1199 1.41
1200 1.41
1201 1.41
1202 1.41
1203 1.42
1204 1.42
1205 1.42
1206 1.42
1207 1.42
1208 1.42
1209 1.42
1210 1.42
1211 1.42
1212 1.41
1213 1.41
1214 1.41
1215 1.40
1216 1.40
1217 1.40
1218 1.40
1219 1.41
1220 1.41
1221 1.38
1222 1.40
1223 1.40
1224 1.40
1225 1.41
1226 1.40
1227 1.41
1228 1.41
1229 1.41
1230 1.41
1231 1.41
1232 1.41
1233 1.41
1234 1.41
1235 1.41
1236 1.41
1237 1.41
1238 1.41
1239 1.42
1240 1.42
1241 1.41
1242 1.42
1243 1.42
1244 1.42
1245 1.42
1246 1.42
1247 1.41
1248 1.42
1249 1.42
1250 1.41
1251 1.41
1252 1.42
1253 1.41
1254 1.41
1255 1.41
1256 1.41
1257 1.42
1258 1.41
1259 1.41
1260 1.41
1261 1.41
1262 1.41
1263 1.41
1264 1.41
1265 1.41
1266 1.41
1267 1.41
1268 1.41
1269 1.41
1270 1.41
1271 1.42
1272 1.41
1273 1.41
1274 1.41
1275 1.40
1276 1.41
1277 1.40
1278 1.40
1279 1.40
1280 1.40
1281 1.40
1282 1.41
1283 1.41
1284 1.41
1285 1.41
1286 1.41
1287 1.41
1288 1.41
1289 1.41
1290 1.41
1291 1.41
1292 1.41
1293 1.41
1294 1.41
1295 1.41
1296 1.41
1297 1.41
1298 1.41
1299 1.42
1300 1.41
1301 1.41
1302 1.41
1303 1.41
1304 1.41
1305 1.41
1306 1.41
1307 1.41
1308 1.41
1309 1.41
1310 1.41
1311 1.40
1312 1.41
1313 1.41
1314 1.41
1315 1.41
1316 1.41
1317 1.41
1318 1.40
1319 1.41
1320 1.39
1321 1.40
1322 1.40
1323 1.42
1324 1.41
1325 1.41
1326 1.41
1327 1.41
1328 1.41
1329 1.36
1330 1.41
1331 1.41
1332 1.42
1333 1.41
1334 1.42
1335 1.37
1336 1.39
1337 1.40
1338 1.40
1339 1.40
1340 1.40
1341 1.44
1342 1.40
1343 1.41
1344 1.39
1345 1.39
1346 1.40
1347 1.36
1348 1.38
1349 1.38
1350 1.38
1351 1.38
1352 1.38
1353 1.39
1354 1.41
1355 1.40
1356 1.40
1357 1.40
1358 1.40
1359 1.40
1360 1.41
1361 1.42
1362 1.40
1363 1.41
1364 1.41
1365 1.43
1366 1.42
1367 1.42
1368 1.42
1369 1.42
1370 1.42
1371 1.42
1372 1.40
1373 1.41
1374 1.39
1375 1.40
1376 1.39
1377 1.40
1378 1.40
1379 1.40
1380 1.40
1381 1.40
1382 1.40
1383 1.41
1384 1.41
1385 1.41
1386 1.40
1387 1.40
1388 1.40
1389 1.41
1390 1.41
1391 1.41
1392 1.41
1393 1.41
1394 1.41
1395 1.41
1396 1.41
1397 1.41
1398 1.41
1399 1.41
1400 1.41
1401 1.42
1402 1.41
1403 1.41
1404 1.41
1405 1.41
1406 1.41
1407 1.41
1408 1.42
1409 1.41
1410 1.41
1411 1.41
1412 1.41
1413 1.39
1414 1.40
1415 1.40
1416 1.40
1417 1.41
1418 1.41
1419 1.42
1420 1.42
1421 1.42
1422 1.42
1423 1.41
1424 1.42
1425 1.40
1426 1.41
1427 1.41
1428 1.41
1429 1.41
1430 1.41
1431 1.42
1432 1.42
1433 1.42
1434 1.41
1435 1.41
1436 1.41
1437 1.41
1438 1.41
1439 1.40
1440 1.41
1441 1.41
1442 1.41
1443 1.41
1444 1.41
1445 1.41
1446 1.41
1447 1.41
1448 1.41
1449 1.40
1450 1.40
1451 1.40
1452 1.40
1453 1.40
1454 1.40
1455 1.39
1456 1.40
1457 1.40
1458 1.40
1459 1.40
1460 1.40
1461 1.41
1462 1.41
1463 1.41
1464 1.41
1465 1.41
1466 1.41
1467 1.40
1468 1.40
1469 1.40
1470 1.40
1471 1.40
1472 1.40
1473 1.40
1474 1.41
1475 1.41
1476 1.41
1477 1.41
1478 1.41
1479 1.41
1480 1.41
1481 1.41
1482 1.41
1483 1.41
1484 1.41
1485 1.41
1486 1.43
1487 1.42
1488 1.43
1489 1.42
1490 1.42
1491 1.42
1492 1.41
1493 1.42
1494 1.42
1495 1.42
1496 1.42
1497 1.43
1498 1.43
1499 1.42
1500 1.42
1501 1.41
1502 1.42
1503 1.42
1504 1.42
1505 1.42
1506 1.42
1507 1.42
1508 1.42
1509 1.43
1510 1.43
1511 1.42
1512 1.42
1513 1.42
1514 1.42
1515 1.41
1516 1.41
1517 1.41
1518 1.41
1519 1.41
1520 1.41
1521 1.47
1522 1.44
1523 1.43
1524 1.43
1525 1.43
1526 1.42
1527 1.43
1528 1.42
1529 1.42
1530 1.42
1531 1.42
1532 1.42
1533 1.43
1534 1.42
1535 1.42
1536 1.43
1537 1.43
1538 1.43
1539 1.44
1540 1.42
1541 1.42
1542 1.42
1543 1.42
1544 1.42
1545 1.43
1546 1.42
1547 1.42
1548 1.41
1549 1.41
1550 1.42
1551 1.44
1552 1.42
1553 1.42
1554 1.42
1555 1.43
1556 1.43
1557 1.45
1558 1.43
1559 1.42
1560 1.42
1561 1.42
1562 1.42
1563 1.41
1564 1.38
1565 1.41
1566 1.41
1567 1.42
1568 1.41
1569 1.43
1570 1.44
1571 1.42
1572 1.43
1573 1.42
1574 1.42
1575 1.42
1576 1.42
1577 1.42
1578 1.42
1579 1.42
1580 1.42
1581 1.50
1582 1.45
1583 1.45
1584 1.44
1585 1.43
1586 1.43
1587 1.44
1588 1.43
1589 1.43
1590 1.42
1591 1.42
1592 1.42
1593 1.44
1594 1.42
1595 1.43
1596 1.43
1597 1.43
1598 1.42
1599 1.47
1600 1.45
1601 1.44
1602 1.44
1603 1.43
1604 1.43
1605 1.41
1606 1.41
1607 1.41
1608 1.41
1609 1.41
1610 1.41
1611 1.42
1612 1.41
1613 1.41
1614 1.42
1615 1.41
1616 1.42
1617 1.41
1618 1.42
1619 1.41
1620 1.41
1621 1.42
1622 1.42
1623 1.44
1624 1.41
1625 1.42
1626 1.42
1627 1.43
1628 1.42
1629 1.43
1630 1.42
1631 1.43
1632 1.42
1633 1.41
1634 1.42
1635 1.41
1636 1.42
1637 1.43
1638 1.42
1639 1.42
1640 1.42
1641 1.41
1642 1.41
1643 1.41
1644 1.41
1645 1.41
1646 1.41
1647 1.42
1648 1.41
1649 1.42
1650 1.41
1651 1.42
1652 1.42
1653 1.40
1654 1.41
1655 1.41
1656 1.42
1657 1.42
1658 1.42
1659 1.42
1660 1.42
1661 1.43
1662 1.42
1663 1.42
1664 1.42
1665 1.42
1666 1.42
1667 1.42
1668 1.41
1669 1.42
1670 1.41
1671 1.42
1672 1.42
1673 1.42
1674 1.42
1675 1.42
1676 1.42
1677 1.43
1678 1.42
1679 1.42
1680 1.42
1681 1.42
1682 1.42
1683 1.41
1684 1.41
1685 1.41
1686 1.42
1687 1.41
1688 1.42
1689 1.41
1690 1.41
1691 1.42
1692 1.42
1693 1.42
1694 1.42
1695 1.41
1696 1.42
1697 1.41
1698 1.42
1699 1.42
1700 1.42
1701 1.43
1702 1.42
1703 1.42
1704 1.42
1705 1.42
1706 1.42
1707 1.46
1708 1.42
1709 1.42
1710 1.42
1711 1.42
1712 1.42
1713 1.43
1714 1.42
1715 1.42
1716 1.42
1717 1.42
1718 1.42
1719 1.42
1720 1.42
1721 1.42
1722 1.42
1723 1.42
1724 1.42
1725 1.46
1726 1.44
1727 1.43
1728 1.43
1729 1.43
1730 1.42
1731 1.43
1732 1.43
1733 1.43
1734 1.43
1735 1.42
1736 1.42
1737 1.48
1738 1.45
1739 1.43
1740 1.42
1741 1.42
1742 1.42
1743 1.45
1744 1.44
1745 1.42
1746 1.42
1747 1.43
1748 1.42
1749 1.41
1750 1.42
1751 1.42
1752 1.42
1753 1.42
1754 1.42
1755 1.43
1756 1.42
1757 1.42
1758 1.42
1759 1.42
1760 1.41
1761 1.40
1762 1.41
1763 1.41
1764 1.41
1765 1.41
1766 1.41
1767 1.47
1768 1.45
1769 1.43
1770 1.43
1771 1.43
1772 1.42
1773 1.41
1774 1.42
1775 1.41
1776 1.42
1777 1.41
1778 1.42
1779 1.42
1780 1.43
1781 1.42
1782 1.40
1783 1.37
1784 1.38
1785 1.44
1786 1.43
1787 1.42
1788 1.42
1789 1.42
1790 1.42
1791 1.41
1792 1.42
1793 1.42
1794 1.42
1795 1.42
1796 1.42
1797 1.43
1798 1.41
1799 1.42
1800 1.41
1801 1.42
1802 1.41
1803 1.43
1804 1.42
1805 1.41
1806 1.42
1807 1.42
1808 1.42
1809 1.41
1810 1.42
1811 1.41
1812 1.42
1813 1.42
1814 1.41
1815 1.41
1816 1.41
1817 1.42
1818 1.41
1819 1.42
1820 1.41
1821 1.40
1822 1.41
1823 1.41
1824 1.41
1825 1.41
1826 1.41
1827 1.42
1828 1.42
1829 1.41
1830 1.42
1831 1.42
1832 1.41
1833 1.42
1834 1.41
1835 1.41
1836 1.41
1837 1.41
1838 1.41
1839 1.42
1840 1.42
1841 1.42
1842 1.42
1843 1.41
1844 1.42
1845 1.41
1846 1.41
1847 1.41
1848 1.42
1849 1.41
1850 1.41
1851 1.41
1852 1.41
1853 1.41
1854 1.42
1855 1.41
1856 1.41
1857 1.41
1858 1.42
1859 1.42
1860 1.42
1861 1.42
1862 1.42
1863 1.38
1864 1.40
1865 1.40
1866 1.41
1867 1.41
1868 1.41
1869 1.41
1870 1.41
1871 1.41
1872 1.42
1873 1.41
1874 1.41
1875 1.41
1876 1.41
1877 1.41
1878 1.41
1879 1.41
1880 1.41
1881 1.42
1882 1.42
1883 1.42
1884 1.41
1885 1.42
1886 1.42
1887 1.42
1888 1.42
1889 1.41
1890 1.41
1891 1.42
1892 1.41
1893 1.43
1894 1.42
1895 1.42
1896 1.41
1897 1.42
1898 1.42
1899 1.42
1900 1.42
1901 1.41
1902 1.41
1903 1.41
1904 1.41
1905 1.43
1906 1.42
1907 1.41
1908 1.42
1909 1.41
1910 1.41
1911 1.42
1912 1.42
1913 1.42
1914 1.41
1915 1.41
1916 1.41
1917 1.43
1918 1.44
1919 1.42
1920 1.43
1921 1.43
1922 1.42
1923 1.42
1924 1.43
1925 1.43
1926 1.42
1927 1.42
1928 1.42
1929 1.42
1930 1.43
1931 1.43
1932 1.42
1933 1.42
1934 1.42
1935 1.44
1936 1.43
1937 1.42
1938 1.42
1939 1.42
1940 1.42
1941 1.40
1942 1.42
1943 1.42
1944 1.42
1945 1.42
1946 1.41
1947 1.44
1948 1.42
1949 1.42
1950 1.42
1951 1.41
1952 1.41
1953 1.44
1954 1.43
1955 1.42
1956 1.42
1957 1.42
1958 1.42
1959 1.42
1960 1.43
1961 1.42
1962 1.42
1963 1.42
1964 1.42
1965 1.43
1966 1.42
1967 1.42
1968 1.42
1969 1.42
1970 1.42
1971 1.41
1972 1.41
1973 1.41
1974 1.41
1975 1.41
1976 1.41
1977 1.44
1978 1.42
1979 1.42
1980 1.42
1981 1.42
1982 1.41
1983 1.41
1984 1.41
1985 1.41
1986 1.41
1987 1.41
1988 1.41
1989 1.41
1990 1.41
1991 1.42
1992 1.41
1993 1.42
1994 1.42
1995 1.42
1996 1.41
1997 1.41
1998 1.41
1999 1.41
