0 1.42
1 1.42
2 1.42
3 1.41
4 1.42
5 1.42
6 1.42
7 1.42
8 1.41
9 1.42
10 1.41
11 1.41
12 1.41
13 1.42
14 1.42
15 1.42
16 1.42
17 1.41
18 1.41
19 1.41
20 1.41
21 1.41
22 1.41
23 1.42
24 1.41
25 1.41
26 1.42
27 1.42
28 1.42
29 1.42
30 1.42
31 1.42
32 1.40
33 1.41
34 1.41
35 1.41
36 1.41
37 1.41
38 1.41
39 1.41
40 1.42
41 1.41
42 1.42
43 1.42
44 1.42
45 1.42
46 1.42
47 1.41
48 1.42
49 1.42
50 1.42
51 1.42
52 1.41
53 1.42
54 1.42
55 1.42
56 1.40
57 1.41
58 1.41
59 1.41
60 1.41
61 1.41
62 1.42
63 1.42
64 1.41
65 1.42
66 1.41
67 1.41
68 1.40
69 1.41
70 1.41
71 1.41
72 1.41
73 1.41
74 1.41
75 1.41
76 1.41
77 1.42
78 1.41
79 1.42
80 1.43
81 1.42
82 1.41
83 1.41
84 1.41
85 1.42
86 1.43
87 1.42
88 1.41
89 1.41
90 1.41
91 1.41
92 1.42
93 1.41
94 1.41
95 1.42
96 1.41
97 1.42
98 1.42
99 1.42
100 1.41
101 1.41
102 1.41
103 1.42
104 1.41
105 1.42
106 1.41
107 1.42
108 1.41
109 1.41
110 1.42
111 1.42
112 1.42
113 1.41
114 1.42
115 1.42
116 1.40
117 1.41
118 1.41
119 1.41
120 1.41
121 1.42
122 1.42
123 1.43
124 1.43
125 1.42
126 1.42
127 1.42
128 1.43
129 1.43
130 1.42
131 1.42
132 1.41
133 1.42
134 1.45
135 1.41
136 1.43
137 1.43
138 1.43
139 1.42
140 1.43
141 1.43
142 1.43
143 1.43
144 1.43
145 1.43
146 1.43
147 1.43
148 1.42
149 1.42
150 1.42
151 1.42
152 1.41
153 1.42
154 1.42
155 1.42
156 1.42
157 1.42
158 1.47
159 1.45
160 1.44
161 1.43
162 1.42
163 1.43
164 1.40
165 1.41
166 1.42
167 1.42
168 1.41
169 1.41
170 1.41
171 1.42
172 1.41
173 1.42
174 1.42
175 1.42
176 1.42
177 1.43
178 1.42
179 1.42
180 1.42
181 1.42
182 1.44
183 1.43
184 1.43
185 1.42
186 1.42
187 1.42
188 1.43
189 1.42
190 1.42
191 1.43
192 1.42
193 1.42
194 1.41
195 1.40
196 1.41
197 1.42
198 1.42
199 1.42
200 1.42
201 1.42
202 1.42
203 1.42
204 1.42
205 1.42
206 1.46
207 1.44
208 1.43
209 1.43
210 1.43
211 1.43
212 1.45
213 1.44
214 1.43
215 1.43
216 1.42
217 1.42
218 1.41
219 1.42
220 1.42
221 1.42
222 1.42
223 1.42
224 1.43
225 1.42
226 1.42
227 1.42
228 1.42
229 1.42
230 1.42
231 1.42
232 1.42
233 1.41
234 1.41
235 1.41
236 1.40
237 1.35
238 1.37
239 1.38
240 1.36
241 1.37
242 1.42
243 1.41
244 1.41
245 1.41
246 1.41
247 1.41
248 1.41
249 1.41
250 1.41
251 1.41
252 1.41
253 1.41
254 1.41
255 1.41
256 1.41
257 1.41
258 1.41
259 1.41
260 1.40
261 1.41
262 1.41
263 1.41
264 1.41
265 1.41
266 1.40
267 1.41
268 1.41
269 1.41
270 1.41
271 1.41
272 1.42
273 1.41
274 1.41
275 1.41
276 1.41
277 1.41
278 1.42
279 1.41
280 1.41
281 1.41
282 1.41
283 1.41
284 1.41
285 1.42
286 1.41
287 1.41
288 1.41
289 1.42
290 1.40
291 1.40
292 1.41
293 1.41
294 1.41
295 1.41
296 1.41
297 1.41
298 1.41
299 1.41
300 1.41
301 1.41
302 1.41
303 1.41
304 1.41
305 1.41
306 1.41
307 1.41
308 1.41
309 1.41
310 1.41
311 1.41
312 1.41
313 1.41
314 1.41
315 1.41
316 1.41
317 1.41
318 1.41
319 1.41
320 1.41
321 1.41
322 1.41
323 1.41
324 1.41
325 1.41
326 1.41
327 1.42
328 1.41
329 1.41
330 1.41
331 1.41
332 1.41
333 1.41
334 1.41
335 1.41
336 1.41
337 1.41
338 1.39
339 1.38
340 1.37
341 1.36
342 1.31
343 1.31
344 1.39
345 1.39
346 1.38
347 1.38
348 1.39
349 1.38
350 1.38
351 1.31
352 1.34
353 1.35
354 1.34
355 1.34
356 1.23
357 1.26
358 1.25
359 1.26
360 1.27
361 1.29
362 1.38
363 1.39
364 1.39
365 1.38
366 1.38
367 1.38
368 1.37
369 1.39
370 1.39
371 1.38
372 1.38
373 1.38
374 1.38
375 1.39
376 1.40
377 1.37
378 1.37
379 1.37
380 1.39
381 1.40
382 1.40
383 1.39
384 1.40
385 1.40
386 1.41
387 1.40
388 1.40
389 1.40
390 1.40
391 1.39
392 1.39
393 1.37
394 1.37
395 1.37
396 1.36
397 1.37
398 1.41
399 1.39
400 1.39
401 1.39
402 1.40
403 1.40
404 1.39
405 1.36
406 1.37
407 1.37
408 1.38
409 1.38
410 1.41
411 1.40
412 1.38
413 1.37
414 1.38
415 1.36
416 1.34
417 1.38
418 1.39
419 1.39
420 1.39
421 1.40
422 1.40
423 1.41
424 1.39
425 1.39
426 1.38
427 1.38
428 1.41
429 1.40
430 1.39
431 1.39
432 1.38
433 1.38
434 1.41
435 1.41
436 1.41
437 1.41
438 1.41
439 1.41
440 1.36
441 1.37
442 1.38
443 1.39
444 1.39
445 1.38
446 1.41
447 1.42
448 1.42
449 1.41
450 1.41
451 1.42
452 1.42
453 1.42
454 1.41
455 1.41
456 1.42
457 1.41
458 1.40
459 1.39
460 1.40
461 1.40
462 1.41
463 1.41
464 1.39
465 1.41
466 1.41
467 1.41
468 1.41
469 1.41
470 1.41
471 1.42
472 1.41
473 1.41
474 1.41
475 1.41
476 1.42
477 1.41
478 1.41
479 1.41
480 1.41
481 1.41
482 1.41
483 1.41
484 1.41
485 1.41
486 1.41
487 1.41
488 1.40
489 1.41
490 1.41
491 1.41
492 1.41
493 1.41
494 1.43
495 1.42
496 1.42
497 1.42
498 1.42
499 1.42
500 1.41
501 1.41
502 1.41
503 1.41
504 1.41
505 1.41
506 1.26
507 1.22
508 1.21
509 1.21
510 1.22
511 1.21
512 1.42
513 1.41
514 1.41
515 1.41
516 1.41
517 1.41
518 1.42
519 1.41
520 1.42
521 1.41
522 1.42
523 1.42
524 1.42
525 1.42
526 1.42
527 1.42
528 1.42
529 1.42
530 1.41
531 1.41
532 1.41
533 1.41
534 1.41
535 1.41
536 1.41
537 1.42
538 1.42
539 1.41
540 1.41
541 1.41
542 1.40
543 1.40
544 1.40
545 1.40
546 1.40
547 1.41
548 1.42
549 1.41
550 1.41
551 1.41
552 1.41
553 1.41
554 1.42
555 1.41
556 1.42
557 1.42
558 1.42
559 1.41
560 1.42
561 1.42
562 1.41
563 1.42
564 1.42
565 1.42
566 1.40
567 1.41
568 1.41
569 1.41
570 1.41
571 1.41
572 1.42
573 1.42
574 1.41
575 1.41
576 1.41
577 1.41
578 1.42
579 1.42
580 1.41
581 1.41
582 1.41
583 1.41
584 1.42
585 1.42
586 1.41
587 1.41
588 1.42
589 1.41
590 1.41
591 1.41
592 1.41
593 1.41
594 1.41
595 1.41
596 1.41
597 1.41
598 1.41
599 1.41
600 1.41
601 1.41
602 1.41
603 1.42
604 1.41
605 1.42
606 1.41
607 1.42
608 1.42
609 1.42
610 1.42
611 1.42
612 1.41
613 1.42
614 1.42
615 1.42
616 1.42
617 1.41
618 1.42
619 1.42
620 1.37
621 1.39
622 1.38
623 1.38
624 1.38
625 1.37
626 1.38
627 1.39
628 1.39
629 1.39
630 1.39
631 1.39
632 1.42
633 1.41
634 1.41
635 1.41
636 1.40
637 1.41
638 1.42
639 1.42
640 1.41
641 1.42
642 1.42
643 1.41
644 1.41
645 1.40
646 1.40
647 1.41
648 1.41
649 1.41
650 1.42
651 1.42
652 1.42
653 1.42
654 1.42
655 1.41
656 1.41
657 1.41
658 1.41
659 1.41
660 1.41
661 1.41
662 1.41
663 1.41
664 1.42
665 1.41
666 1.42
667 1.42
668 1.42
669 1.41
670 1.41
671 1.41
672 1.41
673 1.41
674 1.42
675 1.41
676 1.42
677 1.41
678 1.41
679 1.42
680 1.41
681 1.41
682 1.41
683 1.41
684 1.41
685 1.42
686 1.42
687 1.42
688 1.42
689 1.42
690 1.42
691 1.42
692 1.40
693 1.40
694 1.40
695 1.41
696 1.41
697 1.41
698 1.40
699 1.40
700 1.40
701 1.41
702 1.41
703 1.41
704 1.42
705 1.41
706 1.42
707 1.41
708 1.41
709 1.42
710 1.41
711 1.41
712 1.41
713 1.42
714 1.42
715 1.41
716 1.43
717 1.42
718 1.41
719 1.41
720 1.41
721 1.41
722 1.40
723 1.41
724 1.41
725 1.41
726 1.41
727 1.41
728 1.42
729 1.42
730 1.42
731 1.41
732 1.41
733 1.42
734 1.42
735 1.42
736 1.42
737 1.41
738 1.41
739 1.42
740 1.42
741 1.42
742 1.42
743 1.41
744 1.41
745 1.42
746 1.41
747 1.42
748 1.41
749 1.41
750 1.41
751 1.42
752 1.25
753 1.25
754 1.25
755 1.25
756 1.25
757 1.25
758 1.27
759 1.25
760 1.25
761 1.25
762 1.26
763 1.26
764 1.25
765 1.25
766 1.25
767 1.25
768 1.25
769 1.25
770 1.26
771 1.25
772 1.26
773 1.26
774 1.26
775 1.26
776 1.25
777 1.25
778 1.25
779 1.25
780 1.25
781 1.25
782 1.24
783 1.25
784 1.25
785 1.25
786 1.25
787 1.25
788 1.24
789 1.25
790 1.26
791 1.24
792 1.24
793 1.25
794 1.26
795 1.26
796 1.26
797 1.26
798 1.25
799 1.26
800 1.26
801 1.26
802 1.25
803 1.25
804 1.25
805 1.26
806 1.26
807 1.26
808 1.26
809 1.26
810 1.26
811 1.26
812 1.26
813 1.26
814 1.25
815 1.25
816 1.25
817 1.25
818 1.24
819 1.22
820 1.22
821 1.22
822 1.23
823 1.23
824 1.26
825 1.26
826 1.25
827 1.26
828 1.26
829 1.25
830 1.25
831 1.25
832 1.25
833 1.25
834 1.25
835 1.25
836 1.23
837 1.24
838 1.23
839 1.23
840 1.24
841 1.24
842 1.27
843 1.26
844 1.26
845 1.26
846 1.26
847 1.26
848 1.21
849 1.24
850 1.25
851 1.25
852 1.25
853 1.25
854 1.28
855 1.28
856 1.27
857 1.27
858 1.26
859 1.26
860 1.10
861 1.10
862 1.10
863 1.10
864 1.10
865 1.10
866 1.10
867 1.10
868 1.10
869 1.10
870 1.10
871 1.10
872 1.11
873 1.10
874 1.10
875 1.10
876 1.10
877 1.10
878 1.10
879 1.10
880 1.09
881 1.10
882 1.10
883 1.10
884 1.10
885 1.09
886 1.10
887 1.10
888 1.10
889 1.10
890 1.11
891 1.10
892 1.11
893 1.10
894 1.10
895 1.10
896 1.10
897 1.10
898 1.10
899 1.10
900 1.10
901 1.10
902 1.11
903 1.10
904 1.10
905 1.10
906 1.10
907 1.10
908 1.11
909 1.10
910 1.10
911 1.10
912 1.10
913 1.10
914 1.10
915 1.10
916 1.10
917 1.10
918 1.10
919 1.10
920 1.11
921 1.10
922 1.10
923 1.10
924 1.10
925 1.10
926 1.05
927 1.08
928 1.08
929 1.08
930 1.09
931 1.09
932 1.10
933 1.09
934 1.09
935 1.09
936 1.09
937 1.09
938 1.07
939 1.07
940 1.07
941 1.07
942 1.08
943 1.08
944 1.10
945 1.10
946 1.10
947 1.10
948 1.10
949 1.10
950 1.12
951 1.10
952 1.10
953 1.10
954 1.10
955 1.10
956 1.10
957 1.10
958 1.10
959 1.10
960 1.09
961 1.10
962 1.13
963 1.11
964 1.10
965 1.10
966 1.10
967 1.10
968 1.42
969 1.42
970 1.42
971 1.42
972 1.42
973 1.42
974 1.43
975 1.41
976 1.40
977 1.42
978 1.41
979 1.41
980 1.41
981 1.42
982 1.41
983 1.41
984 1.42
985 1.42
986 1.44
987 1.43
988 1.42
989 1.42
990 1.42
991 1.42
992 1.42
993 1.42
994 1.42
995 1.42
996 1.42
997 1.42
998 1.43
999 1.43
1000 1.42
1001 1.42
1002 1.42
1003 1.42
1004 1.41
1005 1.42
1006 1.41
1007 1.42
1008 1.42
1009 1.41
1010 1.42
1011 1.42
1012 1.42
1013 1.42
1014 1.42
1015 1.42
1016 1.41
1017 1.43
1018 1.42
1019 1.42
1020 1.42
1021 1.42
1022 1.42
1023 1.42
1024 1.42
1025 1.41
1026 1.42
1027 1.41
1028 1.44
1029 1.42
1030 1.42
1031 1.42
1032 1.42
1033 1.42
1034 1.47
1035 1.43
1036 1.44
1037 1.43
1038 1.43
1039 1.43
1040 1.42
1041 1.42
1042 1.42
1043 1.42
1044 1.41
1045 1.42
1046 1.46
1047 1.44
1048 1.43
1049 1.43
1050 1.42
1051 1.42
1052 1.42
1053 1.39
1054 1.41
1055 1.41
1056 1.41
1057 1.41
1058 1.46
1059 1.44
1060 1.43
1061 1.43
1062 1.42
1063 1.43
1064 1.42
1065 1.43
1066 1.42
1067 1.42
1068 1.42
1069 1.42
1070 1.42
1071 1.42
1072 1.42
1073 1.42
1074 1.41
1075 1.42
1076 1.00
1077 1.06
1078 1.07
1079 1.04
1080 1.04
1081 1.06
1082 1.07
1083 1.06
1084 1.41
1085 1.41
1086 1.41
1087 1.41
1088 1.41
1089 1.41
1090 1.42
1091 1.42
1092 1.42
1093 1.42
1094 1.42
1095 1.42
1096 1.41
1097 1.41
1098 1.41
1099 1.41
1100 1.41
1101 1.41
1102 1.41
1103 1.42
1104 1.42
1105 1.42
1106 1.42
1107 1.42
1108 1.42
1109 1.42
1110 1.42
1111 1.42
1112 1.42
1113 1.42
1114 1.42
1115 1.41
1116 1.41
1117 1.41
1118 1.41
1119 1.41
1120 1.42
1121 1.41
1122 1.42
1123 1.42
1124 1.41
1125 1.42
1126 1.41
1127 1.32
1128 1.19
1129 1.22
1130 1.20
1131 1.17
1132 1.22
1133 1.15
1134 1.12
1135 1.11
1136 1.12
1137 1.11
1138 1.41
1139 1.41
1140 1.41
1141 1.41
1142 1.41
1143 1.41
1144 1.42
1145 1.42
1146 1.42
1147 1.42
1148 1.42
1149 1.41
1150 1.41
1151 1.41
1152 1.41
1153 1.41
1154 1.41
1155 1.41
1156 1.41
1157 1.41
1158 1.41
1159 1.41
1160 1.41
1161 1.41
1162 1.42
1163 1.42
1164 1.40
1165 1.39
1166 1.39
1167 1.40
1168 1.42
1169 1.40
1170 1.40
1171 1.40
1172 1.40
1173 1.40
1174 1.25
1175 1.24
1176 1.25
1177 1.24
1178 1.24
1179 1.24
1180 1.23
1181 1.22
1182 1.24
1183 1.24
1184 1.23
1185 1.23
1186 1.26
1187 1.23
1188 1.24
1189 1.25
1190 1.24
1191 1.24
1192 1.24
1193 1.23
1194 1.24
1195 1.24
1196 1.24
1197 1.24
1198 1.25
1199 1.24
1200 1.26
1201 1.24
1202 1.23
1203 1.24
1204 1.24
1205 1.24
1206 1.24
1207 1.24
1208 1.24
1209 1.24
1210 1.27
1211 1.26
1212 1.26
1213 1.25
1214 1.25
1215 1.25
1216 1.26
1217 1.24
1218 1.25
1219 1.24
1220 1.24
1221 1.24
1222 1.24
1223 1.25
1224 1.25
1225 1.24
1226 1.24
1227 1.23
1228 1.23
1229 1.23
1230 1.24
1231 1.24
1232 1.25
1233 1.24
1234 1.26
1235 1.27
1236 1.26
1237 1.26
1238 1.25
1239 1.25
1240 1.23
1241 1.23
1242 1.23
1243 1.24
1244 1.23
1245 1.23
1246 1.24
1247 1.24
1248 1.23
1249 1.23
1250 1.24
1251 1.23
1252 1.28
1253 1.26
1254 1.25
1255 1.25
1256 1.24
1257 1.24
1258 1.25
1259 1.25
1260 1.25
1261 1.25
1262 1.25
1263 1.25
1264 1.27
1265 1.26
1266 1.25
1267 1.25
1268 1.25
1269 1.25
1270 1.26
1271 1.25
1272 1.24
1273 1.25
1274 1.24
1275 1.24
1276 1.25
1277 1.23
1278 1.25
1279 1.25
1280 1.25
1281 1.25
1282 1.41
1283 1.52
1284 1.47
1285 1.47
1286 1.47
1287 1.46
1288 1.26
1289 1.41
1290 1.44
1291 1.45
1292 1.46
1293 1.46
1294 1.69
1295 1.73
1296 1.68
1297 1.64
1298 1.57
1299 1.59
1300 1.54
1301 1.73
1302 1.79
1303 1.79
1304 1.77
1305 1.78
1306 1.80
1307 1.87
1308 1.83
1309 1.83
1310 1.81
1311 1.81
1312 1.06
1313 1.34
1314 1.43
1315 1.50
1316 1.49
1317 1.56
1318 1.89
1319 1.96
1320 1.92
1321 1.91
1322 1.88
1323 1.86
1324 1.92
1325 1.94
1326 1.92
1327 1.88
1328 1.88
1329 1.88
1330 1.93
1331 1.88
1332 1.86
1333 1.82
1334 1.83
1335 1.51
1336 1.66
1337 1.64
1338 1.64
1339 1.60
1340 1.62
1341 1.81
1342 1.76
1343 1.70
1344 1.70
1345 1.69
1346 1.39
1347 1.41
1348 1.41
1349 1.43
1350 1.41
1351 1.39
1352 1.55
1353 1.69
1354 1.69
1355 1.69
1356 1.68
1357 1.68
1358 1.69
1359 1.79
1360 1.72
1361 1.70
1362 1.68
1363 1.68
1364 1.59
1365 1.72
1366 1.66
1367 1.65
1368 1.63
1369 1.62
1370 1.44
1371 1.52
1372 1.59
1373 1.57
1374 1.56
1375 1.53
1376 1.40
1377 1.49
1378 1.52
1379 1.49
1380 1.46
1381 1.52
1382 1.53
1383 1.63
1384 1.64
1385 1.62
1386 1.60
1387 1.59
1388 1.25
1389 1.23
1390 1.24
1391 1.24
1392 1.24
1393 1.24
1394 1.25
1395 1.24
1396 1.24
1397 1.24
1398 1.24
1399 1.24
1400 1.25
1401 1.26
1402 1.25
1403 1.25
1404 1.25
1405 1.24
1406 1.22
1407 1.24
1408 1.24
1409 1.24
1410 1.24
1411 1.24
1412 1.23
1413 1.24
1414 1.24
1415 1.25
1416 1.24
1417 1.24
1418 1.23
1419 1.24
1420 1.24
1421 1.24
1422 1.25
1423 1.24
1424 1.23
1425 1.23
1426 1.24
1427 1.24
1428 1.24
1429 1.24
1430 1.23
1431 1.24
1432 1.25
1433 1.24
1434 1.24
1435 1.25
1436 1.24
1437 1.24
1438 1.24
1439 1.24
1440 1.24
1441 1.24
1442 1.25
1443 1.25
1444 1.25
1445 1.24
1446 1.25
1447 1.24
1448 1.25
1449 1.25
1450 1.24
1451 1.24
1452 1.25
1453 1.24
1454 1.24
1455 1.24
1456 1.25
1457 1.25
1458 1.25
1459 1.25
1460 1.22
1461 1.24
1462 1.24
1463 1.24
1464 1.24
1465 1.24
1466 1.24
1467 1.24
1468 1.25
1469 1.24
1470 1.24
1471 1.24
1472 1.24
1473 1.23
1474 1.24
1475 1.24
1476 1.24
1477 1.24
1478 1.24
1479 1.23
1480 1.24
1481 1.24
1482 1.24
1483 1.24
1484 1.25
1485 1.24
1486 1.25
1487 1.24
1488 1.25
1489 1.24
1490 1.23
1491 1.24
1492 1.25
1493 1.24
1494 1.25
1495 1.24
1496 1.44
1497 1.41
1498 1.41
1499 1.40
1500 1.40
1501 1.40
1502 1.42
1503 1.42
1504 1.42
1505 1.42
1506 1.42
1507 1.41
1508 1.40
1509 1.41
1510 1.42
1511 1.42
1512 1.42
1513 1.42
1514 1.40
1515 1.41
1516 1.41
1517 1.42
1518 1.42
1519 1.42
1520 1.42
1521 1.42
1522 1.42
1523 1.41
1524 1.42
1525 1.42
1526 1.41
1527 1.42
1528 1.41
1529 1.42
1530 1.42
1531 1.42
1532 1.40
1533 1.42
1534 1.42
1535 1.42
1536 1.42
1537 1.41
1538 1.43
1539 1.42
1540 1.42
1541 1.42
1542 1.42
1543 1.42
1544 1.46
1545 1.42
1546 1.42
1547 1.42
1548 1.41
1549 1.41
1550 1.40
1551 1.40
1552 1.41
1553 1.41
1554 1.41
1555 1.41
1556 1.37
1557 1.33
1558 1.28
1559 1.29
1560 1.30
1561 1.30
1562 1.20
1563 1.23
1564 1.19
1565 1.21
1566 1.20
1567 1.19
1568 1.26
1569 1.26
1570 1.25
1571 1.27
1572 1.26
1573 1.23
1574 1.04
1575 1.07
1576 1.07
1577 1.07
1578 1.07
1579 1.00
1580 1.02
1581 1.00
1582 1.02
1583 1.04
1584 1.00
1585 1.02
1586 1.06
1587 1.08
1588 1.10
1589 1.39
1590 1.39
1591 1.39
1592 1.41
1593 1.42
1594 1.41
1595 1.46
1596 1.44
1597 1.44
1598 1.43
1599 1.43
1600 1.43
1601 1.99
1602 1.78
1603 1.68
1604 1.61
1605 1.57
1606 1.99
1607 1.78
1608 1.67
1609 1.61
1610 1.57
1611 1.97
1612 1.76
1613 1.66
1614 1.60
1615 1.56
1616 1.96
1617 1.76
1618 1.66
1619 1.60
1620 1.56
1621 1.95
1622 1.75
1623 1.65
1624 1.59
1625 1.56
1626 1.98
1627 1.77
1628 1.67
1629 1.60
1630 1.56
1631 1.97
1632 1.77
1633 1.66
1634 1.60
1635 1.56
1636 1.96
1637 1.76
1638 1.66
1639 1.60
1640 1.56
1641 1.99
1642 1.78
1643 1.67
1644 1.61
1645 1.57
1646 1.02
1647 1.03
1648 1.03
1649 1.03
1650 1.02
1651 1.02
1652 1.03
1653 1.03
1654 1.03
1655 1.03
1656 1.03
1657 1.03
1658 1.02
1659 1.03
1660 1.03
1661 1.03
1662 1.03
1663 1.03
1664 1.00
1665 1.01
1666 1.01
1667 1.02
1668 1.02
1669 1.01
1670 1.02
1671 1.02
1672 1.02
1673 1.02
1674 1.02
1675 1.02
1676 1.03
1677 1.03
1678 1.03
1679 1.03
1680 1.03
1681 1.03
1682 1.03
1683 1.03
1684 1.03
1685 1.03
1686 1.03
1687 1.03
1688 1.03
1689 1.02
1690 1.02
1691 1.02
1692 1.02
1693 1.02
1694 1.04
1695 1.03
1696 1.04
1697 1.04
1698 1.03
1699 1.03
1700 1.05
1701 1.04
1702 1.04
1703 1.04
1704 1.04
1705 1.04
1706 1.03
1707 1.02
1708 1.02
1709 1.02
1710 1.02
1711 1.02
1712 1.04
1713 1.03
1714 1.04
1715 1.04
1716 1.04
1717 1.04
1718 1.03
1719 1.03
1720 1.02
1721 1.02
1722 1.02
1723 1.02
1724 1.03
1725 1.01
1726 1.02
1727 1.02
1728 1.02
1729 1.02
1730 1.02
1731 1.03
1732 1.02
1733 1.02
1734 1.02
1735 1.02
1736 1.04
1737 1.03
1738 1.04
1739 1.03
1740 1.04
1741 1.04
1742 1.03
1743 1.02
1744 1.02
1745 1.01
1746 1.02
1747 1.02
1748 1.04
1749 1.03
1750 1.03
1751 1.03
1752 1.03
1753 1.03
1754 1.77
1755 1.62
1756 1.56
1757 1.52
1758 1.49
1759 1.82
1760 1.67
1761 1.60
1762 1.55
1763 1.52
1764 1.80
1765 1.65
1766 1.58
1767 1.53
1768 1.50
1769 1.72
1770 1.61
1771 1.54
1772 1.51
1773 1.48
1774 1.35
1775 1.39
1776 1.37
1777 1.37
1778 1.36
1779 1.37
1780 1.71
1781 1.60
1782 1.53
1783 1.50
1784 1.48
1785 1.71
1786 1.58
1787 1.53
1788 1.49
1789 1.47
1790 1.34
1791 1.33
1792 1.35
1793 1.35
1794 1.34
1795 1.34
1796 1.75
1797 1.61
1798 1.55
1799 1.50
1800 1.49
1801 1.71
1802 1.58
1803 1.53
1804 1.49
1805 1.47
1806 1.75
1807 1.63
1808 1.56
1809 1.52
1810 1.49
1811 1.74
1812 1.62
1813 1.54
1814 1.51
1815 1.48
1816 1.71
1817 1.60
1818 1.53
1819 1.50
1820 1.48
1821 1.39
1822 1.33
1823 1.36
1824 1.36
1825 1.36
1826 1.35
1827 1.76
1828 1.63
1829 1.55
1830 1.52
1831 1.49
1832 1.69
1833 1.58
1834 1.52
1835 1.49
1836 1.47
1837 1.76
1838 1.62
1839 1.55
1840 1.52
1841 1.49
1842 1.82
1843 1.81
1844 1.81
1845 1.82
1846 1.81
1847 1.81
1848 1.81
1849 1.82
1850 1.82
1851 1.82
1852 1.82
1853 1.82
1854 1.83
1855 1.82
1856 1.82
1857 1.82
1858 1.82
1859 1.82
1860 1.82
1861 1.82
1862 1.82
1863 1.82
1864 1.81
1865 1.82
1866 1.82
1867 1.81
1868 1.81
1869 1.81
1870 1.81
1871 1.81
1872 1.81
1873 1.81
1874 1.81
1875 1.81
1876 1.81
1877 1.81
1878 1.82
1879 1.82
1880 1.82
1881 1.82
1882 1.82
1883 1.82
1884 1.82
1885 1.81
1886 1.82
1887 1.81
1888 1.81
1889 1.81
1890 1.83
1891 1.81
1892 1.81
1893 1.81
1894 1.81
1895 1.81
1896 1.80
1897 1.80
1898 1.80
1899 1.80
1900 1.80
1901 1.80
1902 1.81
1903 1.81
1904 1.81
1905 1.81
1906 1.81
1907 1.81
1908 1.82
1909 1.82
1910 1.82
1911 1.82
1912 1.82
1913 1.81
1914 1.83
1915 1.82
1916 1.82
1917 1.82
1918 1.82
1919 1.82
1920 1.83
1921 1.82
1922 1.82
1923 1.82
1924 1.77
1925 1.76
1926 1.81
1927 1.82
1928 1.82
1929 1.81
1930 1.81
1931 1.81
1932 1.82
1933 1.82
1934 1.82
1935 1.82
1936 1.82
1937 1.82
1938 1.37
1939 1.36
1940 1.37
1941 1.38
1942 1.38
1943 1.38
1944 1.39
1945 1.39
1946 1.39
1947 1.38
1948 1.39
1949 1.39
1950 1.38
1951 1.38
1952 1.37
1953 1.37
1954 1.38
1955 1.38
1956 1.40
1957 1.39
1958 1.39
1959 1.39
1960 1.39
1961 1.39
1962 1.38
1963 1.37
1964 1.38
1965 1.39
1966 1.39
1967 1.38
1968 1.39
1969 1.39
1970 1.39
1971 1.39
1972 1.39
1973 1.39
1974 1.39
1975 1.39
1976 1.39
1977 1.40
1978 1.40
1979 1.39
1980 1.40
1981 1.39
1982 1.39
1983 1.40
1984 1.40
1985 1.39
1986 1.39
1987 1.39
1988 1.39
1989 1.40
1990 1.39
1991 1.39
1992 1.37
1993 1.38
1994 1.39
1995 1.38
1996 1.38
1997 1.38
1998 1.39
1999 1.39
