0 1.42
1 1.42
2 1.41
3 1.41
4 1.41
5 1.41
6 1.42
7 1.42
8 1.42
9 1.41
10 1.42
11 1.41
12 1.41
13 1.41
14 1.41
15 1.41
16 1.41
17 1.41
18 1.41
19 1.41
20 1.41
21 1.41
22 1.41
23 1.41
24 1.41
25 1.41
26 1.41
27 1.41
28 1.41
29 1.41
30 1.40
31 1.41
32 1.41
33 1.41
34 1.42
35 1.41
36 1.40
37 1.40
38 1.40
39 1.41
40 1.41
41 1.41
42 1.41
43 1.42
44 1.41
45 1.41
46 1.41
47 1.42
48 1.41
49 1.41
50 1.41
51 1.41
52 1.41
53 1.41
54 1.42
55 1.42
56 1.42
57 1.42
58 1.42
59 1.42
60 1.40
61 1.42
62 1.42
63 1.41
64 1.42
65 1.41
66 1.40
67 1.41
68 1.41
69 1.42
70 1.41
71 1.41
72 1.42
73 1.41
74 1.41
75 1.42
76 1.42
77 1.41
78 1.42
79 1.42
80 1.42
81 1.42
82 1.42
83 1.42
84 1.42
85 1.42
86 1.42
87 1.42
88 1.42
89 1.42
90 1.41
91 1.41
92 1.42
93 1.42
94 1.42
95 1.41
96 1.42
97 1.42
98 1.42
99 1.42
100 1.42
101 1.42
102 1.41
103 1.41
104 1.42
105 1.41
106 1.41
107 1.41
108 1.43
109 1.41
110 1.42
111 1.42
112 1.41
113 1.42
114 1.41
115 1.41
116 1.42
117 1.42
118 1.42
119 1.42
120 1.41
121 1.42
122 1.41
123 1.42
124 1.42
125 1.42
126 1.42
127 1.42
128 1.42
129 1.42
130 1.42
131 1.42
132 1.73
133 1.61
134 1.54
135 1.51
136 1.48
137 1.69
138 1.58
139 1.51
140 1.48
141 1.46
142 1.72
143 1.60
144 1.54
145 1.50
146 1.48
147 1.73
148 1.61
149 1.54
150 1.51
151 1.48
152 1.68
153 1.58
154 1.52
155 1.48
156 1.46
157 1.70
158 1.58
159 1.53
160 1.49
161 1.47
162 1.84
163 1.67
164 1.60
165 1.55
166 1.52
167 1.67
168 1.57
169 1.52
170 1.48
171 1.46
172 1.70
173 1.59
174 1.53
175 1.49
176 1.47
177 1.70
178 1.58
179 1.52
180 1.49
181 1.47
182 1.70
183 1.59
184 1.53
185 1.49
186 1.47
187 1.70
188 1.59
189 1.53
190 1.49
191 1.47
192 1.70
193 1.58
194 1.52
195 1.49
196 1.46
197 1.69
198 1.58
199 1.52
200 1.49
201 1.47
202 1.71
203 1.59
204 1.53
205 1.50
206 1.47
207 1.70
208 1.59
209 1.52
210 1.49
211 1.47
212 1.70
213 1.59
214 1.53
215 1.49
216 1.47
217 1.70
218 1.59
219 1.53
220 1.50
221 1.47
222 1.69
223 1.58
224 1.52
225 1.49
226 1.46
227 1.42
228 1.41
229 1.41
230 1.41
231 1.41
232 1.41
233 1.38
234 1.37
235 1.38
236 1.39
237 1.40
238 1.40
239 1.42
240 1.42
241 1.41
242 1.42
243 1.41
244 1.41
245 1.42
246 1.41
247 1.41
248 1.41
249 1.41
250 1.41
251 1.41
252 1.41
253 1.41
254 1.41
255 1.41
256 1.41
257 1.40
258 1.42
259 1.41
260 1.41
261 1.41
262 1.41
263 1.41
264 1.42
265 1.41
266 1.41
267 1.41
268 1.41
269 1.42
270 1.41
271 1.42
272 1.42
273 1.41
274 1.41
275 1.42
276 1.42
277 1.41
278 1.41
279 1.41
280 1.41
281 1.41
282 1.41
283 1.41
284 1.41
285 1.41
286 1.41
287 1.41
288 1.42
289 1.41
290 1.41
291 1.41
292 1.41
293 1.41
294 1.41
295 1.41
296 1.41
297 1.41
298 1.41
299 1.41
300 1.41
301 1.42
302 1.42
303 1.41
304 1.41
305 1.41
306 1.41
307 1.42
308 1.42
309 1.41
310 1.41
311 1.41
312 1.41
313 1.41
314 1.41
315 1.41
316 1.41
317 1.41
318 1.41
319 1.41
320 1.41
321 1.41
322 1.41
323 1.41
324 1.41
325 1.42
326 1.41
327 1.41
328 1.41
329 1.42
330 1.41
331 1.41
332 1.41
333 1.41
334 1.41
335 1.42
336 1.41
337 1.41
338 1.42
339 1.41
340 1.41
341 1.42
342 1.41
343 1.41
344 1.41
345 1.41
346 1.41
347 1.42
348 1.41
349 1.41
350 1.41
351 1.41
352 1.41
353 1.42
354 1.42
355 1.41
356 1.42
357 1.42
358 1.42
359 1.41
360 1.42
361 1.42
362 1.42
363 1.42
364 1.42
365 1.42
366 1.41
367 1.41
368 1.42
369 1.42
370 1.41
371 1.40
372 1.42
373 1.41
374 1.41
375 1.41
376 1.41
377 1.42
378 1.41
379 1.41
380 1.41
381 1.42
382 1.41
383 1.42
384 1.41
385 1.41
386 1.42
387 1.42
388 1.42
389 1.41
390 1.41
391 1.41
392 1.41
393 1.41
394 1.41
395 1.41
396 1.39
397 1.36
398 1.37
399 1.38
400 1.39
401 1.40
402 1.41
403 1.42
404 1.42
405 1.41
406 1.41
407 1.42
408 1.42
409 1.42
410 1.42
411 1.42
412 1.38
413 1.41
414 1.41
415 1.42
416 1.42
417 1.42
418 1.41
419 1.39
420 1.40
421 1.39
422 1.40
423 1.40
424 1.40
425 1.42
426 1.41
427 1.41
428 1.41
429 1.41
430 1.41
431 1.41
432 1.40
433 1.41
434 1.41
435 1.41
436 1.41
437 1.40
438 1.41
439 1.41
440 1.41
441 1.41
442 1.41
443 1.41
444 1.41
445 1.41
446 1.41
447 1.41
448 1.41
449 1.42
450 1.42
451 1.42
452 1.41
453 1.42
454 1.42
455 1.41
456 1.42
457 1.41
458 1.41
459 1.41
460 1.42
461 1.42
462 1.42
463 1.41
464 1.42
465 1.41
466 1.41
467 1.43
468 1.42
469 1.42
470 1.42
471 1.42
472 1.42
473 1.42
474 1.42
475 1.41
476 1.41
477 1.41
478 1.42
479 1.42
480 1.41
481 1.42
482 1.41
483 1.41
484 1.42
485 1.42
486 1.41
487 1.41
488 1.41
489 1.42
490 1.41
491 1.42
492 1.41
493 1.42
494 1.42
495 1.42
496 1.42
497 1.40
498 1.41
499 1.41
500 1.41
501 1.41
502 1.41
503 1.41
504 1.41
505 1.41
506 1.41
507 1.41
508 1.41
509 1.39
510 1.39
511 1.39
512 1.39
513 1.39
514 1.39
515 1.41
516 1.42
517 1.42
518 1.42
519 1.42
520 1.42
521 1.46
522 1.44
523 1.43
524 1.42
525 1.43
526 1.42
527 1.41
528 1.40
529 1.40
530 1.41
531 1.41
532 1.41
533 1.41
534 1.42
535 1.42
536 1.41
537 1.42
538 1.41
539 1.41
540 1.39
541 1.37
542 1.29
543 1.28
544 1.30
545 1.42
546 1.41
547 1.42
548 1.41
549 1.41
550 1.42
551 1.42
552 1.41
553 1.42
554 1.41
555 1.42
556 1.42
557 1.41
558 1.41
559 1.41
560 1.41
561 1.41
562 1.41
563 1.41
564 1.41
565 1.41
566 1.41
567 1.42
568 1.41
569 1.42
570 1.41
571 1.41
572 1.41
573 1.41
574 1.41
575 1.42
576 1.42
577 1.41
578 1.42
579 1.41
580 1.41
581 1.40
582 1.40
583 1.41
584 1.41
585 1.41
586 1.41
587 1.41
588 1.42
589 1.41
590 1.42
591 1.41
592 1.42
593 1.43
594 1.42
595 1.42
596 1.42
597 1.42
598 1.42
599 1.42
600 1.42
601 1.42
602 1.42
603 1.42
604 1.42
605 1.40
606 1.41
607 1.41
608 1.41
609 1.41
610 1.41
611 1.42
612 1.41
613 1.42
614 1.42
615 1.42
616 1.42
617 1.42
618 1.41
619 1.41
620 1.41
621 1.41
622 1.42
623 1.43
624 1.41
625 1.41
626 1.41
627 1.41
628 1.41
629 1.41
630 1.42
631 1.41
632 1.41
633 1.42
634 1.41
635 1.41
636 1.41
637 1.42
638 1.41
639 1.42
640 1.41
641 1.42
642 1.42
643 1.41
644 1.42
645 1.41
646 1.41
647 1.97
648 1.99
649 1.42
650 1.39
651 1.40
652 1.39
653 1.39
654 1.39
655 1.40
656 1.41
657 1.42
658 1.42
659 1.42
660 1.42
661 1.41
662 1.41
663 1.41
664 1.41
665 1.41
666 1.41
667 1.40
668 1.40
669 1.39
670 1.40
671 1.40
672 1.40
673 1.42
674 1.42
675 1.42
676 1.41
677 1.42
678 1.42
679 1.43
680 1.42
681 1.42
682 1.42
683 1.42
684 1.42
685 1.44
686 1.41
687 1.40
688 1.40
689 1.41
690 1.40
691 1.40
692 1.40
693 1.40
694 1.40
695 1.39
696 1.40
697 1.41
698 1.41
699 1.42
700 1.41
701 1.41
702 1.41
703 1.40
704 1.40
705 1.42
706 1.42
707 1.41
708 1.41
709 1.43
710 1.41
711 1.41
712 1.41
713 1.41
714 1.41
715 1.38
716 1.40
717 1.40
718 1.41
719 1.40
720 1.41
721 1.40
722 1.40
723 1.40
724 1.39
725 1.40
726 1.40
727 1.41
728 1.41
729 1.41
730 1.42
731 1.42
732 1.41
733 1.41
734 1.42
735 1.42
736 1.42
737 1.41
738 1.42
739 1.42
740 1.43
741 1.42
742 1.42
743 1.41
744 1.42
745 1.41
746 1.43
747 1.42
748 1.41
749 1.42
750 1.41
751 1.42
752 1.42
753 1.42
754 1.41
755 1.41
756 1.42
757 1.80
758 1.82
759 1.82
760 1.82
761 1.81
762 1.81
763 1.82
764 1.81
765 1.80
766 1.80
767 1.80
768 1.80
769 1.82
770 1.80
771 1.80
772 1.81
773 1.81
774 1.81
775 1.82
776 1.80
777 1.81
778 1.81
779 1.81
780 1.81
781 1.81
782 1.82
783 1.81
784 1.82
785 1.82
786 1.82
787 1.82
788 1.81
789 1.79
790 1.81
791 1.81
792 1.81
793 1.82
794 1.82
795 1.81
796 1.81
797 1.82
798 1.82
799 1.79
800 1.81
801 1.80
802 1.81
803 1.81
804 1.81
805 1.79
806 1.80
807 1.80
808 1.80
809 1.81
810 1.81
811 1.83
812 1.82
813 1.82
814 1.82
815 1.81
816 1.81
817 1.83
818 1.82
819 1.82
820 1.82
821 1.82
822 1.81
823 1.80
824 1.82
825 1.78
826 1.81
827 1.81
828 1.81
829 1.81
830 1.82
831 1.81
832 1.81
833 1.81
834 1.81
835 1.80
836 1.80
837 1.81
838 1.81
839 1.81
840 1.81
841 1.81
842 1.80
843 1.80
844 1.81
845 1.81
846 1.81
847 1.80
848 1.83
849 1.82
850 1.82
851 1.82
852 1.82
853 1.79
854 1.81
855 1.80
856 1.80
857 1.81
858 1.81
859 1.82
860 1.82
861 1.82
862 1.82
863 1.82
864 1.81
865 1.45
866 1.43
867 1.43
868 1.43
869 1.42
870 1.43
871 1.43
872 1.42
873 1.42
874 1.42
875 1.42
876 1.42
877 1.42
878 1.42
879 1.42
880 1.42
881 1.42
882 1.42
883 1.42
884 1.42
885 1.42
886 1.42
887 1.42
888 1.42
889 1.40
890 1.43
891 1.42
892 1.43
893 1.42
894 1.42
895 1.41
896 1.41
897 1.41
898 1.42
899 1.42
900 1.42
901 1.42
902 1.42
903 1.42
904 1.42
905 1.42
906 1.42
907 1.43
908 1.42
909 1.42
910 1.42
911 1.42
912 1.42
913 1.41
914 1.42
915 1.42
916 1.41
917 1.41
918 1.41
919 1.51
920 1.54
921 1.42
922 1.37
923 1.37
924 1.35
925 1.33
926 1.56
927 1.44
928 1.37
929 1.36
930 1.31
931 1.33
932 1.49
933 1.46
934 1.39
935 1.36
936 1.32
937 1.55
938 1.48
939 1.40
940 1.38
941 1.33
942 1.30
943 1.52
944 1.51
945 1.42
946 1.38
947 1.36
948 1.33
949 1.45
950 1.48
951 1.42
952 1.35
953 1.34
954 1.34
955 1.53
956 1.47
957 1.41
958 1.38
959 1.34
960 1.33
961 1.34
962 1.51
963 1.43
964 1.38
965 1.35
966 1.33
967 1.33
968 1.49
969 1.46
970 1.40
971 1.37
972 1.33
973 1.48
974 1.49
975 1.42
976 1.36
977 1.34
978 1.34
979 1.33
980 1.44
981 1.44
982 1.39
983 1.36
984 1.34
985 1.32
986 1.45
987 1.43
988 1.38
989 1.34
990 1.33
991 1.35
992 1.49
993 1.43
994 1.39
995 1.37
996 1.36
997 1.45
998 1.47
999 1.42
1000 1.38
1001 1.35
1002 1.33
1003 1.34
1004 1.51
1005 1.41
1006 1.36
1007 1.35
1008 1.34
1009 1.55
1010 1.50
1011 1.43
1012 1.37
1013 1.37
1014 1.34
1015 1.52
1016 1.50
1017 1.42
1018 1.39
1019 1.37
1020 1.34
1021 1.34
1022 1.51
1023 1.41
1024 1.38
1025 1.35
1026 1.34
1027 1.47
1028 1.44
1029 1.42
1030 1.36
1031 1.39
1032 1.69
1033 1.56
1034 1.49
1035 1.47
1036 1.44
1037 1.34
1038 1.33
1039 1.34
1040 1.35
1041 1.34
1042 1.34
1043 1.35
1044 1.35
1045 1.36
1046 1.36
1047 1.36
1048 1.35
1049 1.69
1050 1.58
1051 1.52
1052 1.49
1053 1.47
1054 1.38
1055 1.36
1056 1.37
1057 1.36
1058 1.36
1059 1.36
1060 1.76
1061 1.62
1062 1.56
1063 1.52
1064 1.49
1065 1.70
1066 1.59
1067 1.53
1068 1.49
1069 1.47
1070 1.34
1071 1.35
1072 1.35
1073 1.36
1074 1.36
1075 1.36
1076 1.34
1077 1.36
1078 1.36
1079 1.36
1080 1.35
1081 1.35
1082 1.71
1083 1.58
1084 1.52
1085 1.49
1086 1.47
1087 1.35
1088 1.35
1089 1.36
1090 1.36
1091 1.36
1092 1.36
1093 1.39
1094 1.36
1095 1.36
1096 1.35
1097 1.35
1098 1.36
1099 1.70
1100 1.58
1101 1.52
1102 1.49
1103 1.47
1104 1.44
1105 1.40
1106 1.40
1107 1.38
1108 1.38
1109 1.37
1110 1.34
1111 1.34
1112 1.35
1113 1.35
1114 1.36
1115 1.36
1116 1.99
1117 1.68
1118 1.57
1119 1.51
1120 1.48
1121 1.46
1122 1.36
1123 1.36
1124 1.36
1125 1.35
1126 1.36
1127 1.36
1128 1.28
1129 1.31
1130 1.34
1131 1.34
1132 1.34
1133 1.36
1134 1.45
1135 1.37
1136 1.38
1137 1.36
1138 1.34
1139 1.34
1140 1.52
1141 1.44
1142 1.39
1143 1.40
1144 1.39
1145 1.37
1146 1.56
1147 1.46
1148 1.45
1149 1.41
1150 1.41
1151 1.40
1152 1.54
1153 1.48
1154 1.43
1155 1.41
1156 1.39
1157 1.38
1158 1.59
1159 1.41
1160 1.40
1161 1.39
1162 1.40
1163 1.38
1164 1.33
1165 1.34
1166 1.34
1167 1.37
1168 1.37
1169 1.37
1170 1.86
1171 1.63
1172 1.53
1173 1.50
1174 1.48
1175 1.44
1176 1.50
1177 1.44
1178 1.40
1179 1.40
1180 1.40
1181 1.38
1182 1.53
1183 1.42
1184 1.39
1185 1.38
1186 1.39
1187 1.38
1188 1.62
1189 1.49
1190 1.44
1191 1.43
1192 1.39
1193 1.39
1194 1.56
1195 1.41
1196 1.43
1197 1.39
1198 1.38
1199 1.38
1200 1.42
1201 1.39
1202 1.39
1203 1.39
1204 1.38
1205 1.37
1206 1.51
1207 1.42
1208 1.42
1209 1.40
1210 1.40
1211 1.37
1212 1.46
1213 1.44
1214 1.42
1215 1.41
1216 1.37
1217 1.39
1218 1.36
1219 1.37
1220 1.36
1221 1.35
1222 1.35
1223 1.36
1224 1.88
1225 1.63
1226 1.53
1227 1.49
1228 1.48
1229 1.45
1230 1.43
1231 1.39
1232 1.37
1233 1.41
1234 1.39
1235 1.37
1236 1.74
1237 1.62
1238 1.55
1239 1.51
1240 1.49
1241 1.72
1242 1.61
1243 1.55
1244 1.51
1245 1.49
1246 1.74
1247 1.62
1248 1.54
1249 1.51
1250 1.49
1251 1.74
1252 1.62
1253 1.56
1254 1.52
1255 1.49
1256 1.74
1257 1.62
1258 1.55
1259 1.51
1260 1.49
1261 1.80
1262 1.66
1263 1.58
1264 1.54
1265 1.51
1266 1.76
1267 1.62
1268 1.56
1269 1.52
1270 1.49
1271 1.33
1272 1.35
1273 1.36
1274 1.35
1275 1.36
1276 1.36
1277 1.76
1278 1.61
1279 1.56
1280 1.51
1281 1.49
1282 1.77
1283 1.64
1284 1.57
1285 1.53
1286 1.50
1287 1.76
1288 1.63
1289 1.55
1290 1.53
1291 1.50
1292 1.77
1293 1.64
1294 1.57
1295 1.53
1296 1.50
1297 1.75
1298 1.62
1299 1.56
1300 1.52
1301 1.50
1302 1.77
1303 1.64
1304 1.57
1305 1.53
1306 1.50
1307 1.76
1308 1.63
1309 1.56
1310 1.52
1311 1.50
1312 1.76
1313 1.62
1314 1.56
1315 1.52
1316 1.50
1317 1.75
1318 1.63
1319 1.56
1320 1.52
1321 1.49
1322 1.95
1323 1.65
1324 1.55
1325 1.50
1326 1.47
1327 1.45
1328 1.33
1329 1.32
1330 1.25
1331 1.21
1332 1.21
1333 1.18
1334 1.83
1335 1.85
1336 1.69
1337 1.60
1338 1.55
1339 1.52
1340 1.93
1341 1.74
1342 1.64
1343 1.59
1344 1.54
1345 1.85
1346 1.68
1347 1.60
1348 1.55
1349 1.52
1350 1.78
1351 1.63
1352 1.57
1353 1.53
1354 1.50
1355 1.88
1356 1.71
1357 1.62
1358 1.57
1359 1.53
1360 1.83
1361 1.67
1362 1.59
1363 1.55
1364 1.51
1365 1.85
1366 1.68
1367 1.61
1368 1.55
1369 1.52
1370 1.93
1371 1.74
1372 1.63
1373 1.58
1374 1.54
1375 1.95
1376 1.76
1377 1.66
1378 1.59
1379 1.56
1380 1.87
1381 1.71
1382 1.61
1383 1.56
1384 1.53
1385 1.85
1386 1.69
1387 1.60
1388 1.56
1389 1.52
1390 1.73
1391 1.73
1392 1.64
1393 1.58
1394 1.54
1395 1.84
1396 1.68
1397 1.60
1398 1.55
1399 1.52
1400 1.94
1401 1.65
1402 1.55
1403 1.50
1404 1.47
1405 1.45
1406 1.58
1407 1.80
1408 1.77
1409 1.66
1410 1.61
1411 1.56
1412 1.96
1413 1.76
1414 1.65
1415 1.60
1416 1.55
1417 1.78
1418 1.64
1419 1.56
1420 1.52
1421 1.50
1422 1.74
1423 1.62
1424 1.55
1425 1.51
1426 1.49
1427 1.88
1428 1.71
1429 1.62
1430 1.57
1431 1.53
1432 1.80
1433 1.65
1434 1.58
1435 1.53
1436 1.51
1437 1.80
1438 1.65
1439 1.58
1440 1.54
1441 1.51
1442 1.37
1443 1.35
1444 1.36
1445 1.35
1446 1.35
1447 1.35
1448 1.78
1449 1.64
1450 1.57
1451 1.53
1452 1.50
1453 1.71
1454 1.61
1455 1.54
1456 1.50
1457 1.48
1458 1.33
1459 1.35
1460 1.36
1461 1.36
1462 1.36
1463 1.35
1464 1.82
1465 1.67
1466 1.59
1467 1.54
1468 1.51
1469 1.36
1470 1.34
1471 1.37
1472 1.36
1473 1.36
1474 1.35
1475 1.34
1476 1.38
1477 1.35
1478 1.36
1479 1.36
1480 1.36
1481 1.33
1482 1.34
1483 1.34
1484 1.35
1485 1.35
1486 1.35
1487 1.77
1488 1.63
1489 1.56
1490 1.52
1491 1.49
1492 1.79
1493 1.65
1494 1.57
1495 1.53
1496 1.50
1497 1.77
1498 1.64
1499 1.57
1500 1.53
1501 1.50
1502 1.34
1503 1.35
1504 1.35
1505 1.35
1506 1.35
1507 1.36
1508 1.77
1509 1.63
1510 1.57
1511 1.52
1512 1.49
1513 1.83
1514 1.67
1515 1.60
1516 1.55
1517 1.51
1518 1.85
1519 1.68
1520 1.61
1521 1.56
1522 1.53
1523 1.89
1524 1.71
1525 1.61
1526 1.57
1527 1.53
1528 1.82
1529 1.66
1530 1.59
1531 1.54
1532 1.51
1533 1.86
1534 1.70
1535 1.61
1536 1.56
1537 1.53
1538 1.83
1539 1.68
1540 1.60
1541 1.55
1542 1.52
1543 1.87
1544 1.70
1545 1.61
1546 1.57
1547 1.53
1548 1.81
1549 1.66
1550 1.59
1551 1.54
1552 1.51
1553 1.84
1554 1.67
1555 1.59
1556 1.54
1557 1.51
1558 1.85
1559 1.69
1560 1.60
1561 1.56
1562 1.53
1563 1.82
1564 1.66
1565 1.59
1566 1.54
1567 1.51
1568 1.82
1569 1.68
1570 1.60
1571 1.55
1572 1.52
1573 1.83
1574 1.65
1575 1.60
1576 1.55
1577 1.53
1578 1.81
1579 1.67
1580 1.58
1581 1.54
1582 1.51
1583 1.80
1584 1.67
1585 1.59
1586 1.54
1587 1.52
1588 1.82
1589 1.68
1590 1.59
1591 1.55
1592 1.51
1593 1.55
1594 1.26
1595 1.14
1596 1.49
1597 1.48
1598 1.79
1599 1.68
1600 1.61
1601 1.57
1602 1.76
1603 1.62
1604 1.56
1605 1.51
1606 1.49
1607 1.76
1608 1.63
1609 1.57
1610 1.52
1611 1.49
1612 1.95
1613 1.75
1614 1.65
1615 1.59
1616 1.55
1617 1.74
1618 1.61
1619 1.55
1620 1.51
1621 1.48
1622 1.75
1623 1.62
1624 1.55
1625 1.51
1626 1.48
1627 1.77
1628 1.63
1629 1.56
1630 1.53
1631 1.50
1632 1.73
1633 1.60
1634 1.54
1635 1.51
1636 1.48
1637 1.36
1638 1.36
1639 1.36
1640 1.36
1641 1.36
1642 1.36
1643 1.77
1644 1.63
1645 1.56
1646 1.52
1647 1.50
1648 1.75
1649 1.63
1650 1.56
1651 1.52
1652 1.49
1653 1.70
1654 1.59
1655 1.53
1656 1.50
1657 1.47
1658 1.70
1659 1.58
1660 1.53
1661 1.50
1662 1.47
1663 1.80
1664 1.65
1665 1.57
1666 1.53
1667 1.50
1668 1.88
1669 1.71
1670 1.62
1671 1.57
1672 1.53
1673 1.74
1674 1.61
1675 1.55
1676 1.51
1677 1.48
1678 1.84
1679 1.68
1680 1.60
1681 1.55
1682 1.52
1683 1.79
1684 1.64
1685 1.57
1686 1.53
1687 1.50
1688 1.75
1689 1.62
1690 1.55
1691 1.52
1692 1.49
1693 1.01
1694 1.74
1695 1.60
1696 1.54
1697 1.50
1698 1.48
1699 1.76
1700 1.62
1701 1.56
1702 1.52
1703 1.49
1704 1.75
1705 1.62
1706 1.56
1707 1.52
1708 1.48
1709 1.73
1710 1.61
1711 1.55
1712 1.52
1713 1.49
1714 1.75
1715 1.61
1716 1.55
1717 1.51
1718 1.49
1719 1.77
1720 1.63
1721 1.56
1722 1.51
1723 1.49
1724 1.75
1725 1.62
1726 1.56
1727 1.52
1728 1.49
1729 1.74
1730 1.62
1731 1.55
1732 1.51
1733 1.48
1734 1.72
1735 1.61
1736 1.55
1737 1.51
1738 1.48
1739 1.74
1740 1.60
1741 1.55
1742 1.51
1743 1.48
1744 1.75
1745 1.63
1746 1.56
1747 1.52
1748 1.49
1749 1.78
1750 1.63
1751 1.56
1752 1.52
1753 1.49
1754 1.75
1755 1.61
1756 1.55
1757 1.51
1758 1.48
1759 1.34
1760 1.45
1761 1.26
1762 1.18
1763 1.28
1764 1.36
1765 1.44
1766 1.76
1767 1.67
1768 1.72
1769 1.42
1770 1.41
1771 1.42
1772 1.41
1773 1.42
1774 1.42
1775 1.41
1776 1.42
1777 1.42
1778 1.41
1779 1.40
1780 1.41
1781 1.42
1782 1.42
1783 1.42
1784 1.41
1785 1.42
1786 1.42
1787 1.41
1788 1.41
1789 1.41
1790 1.42
1791 1.42
1792 1.42
1793 1.39
1794 1.42
1795 1.41
1796 1.42
1797 1.42
1798 1.42
1799 1.40
1800 1.43
1801 1.41
1802 1.42
1803 1.42
1804 1.42
1805 1.41
1806 1.42
1807 1.41
1808 1.41
1809 1.42
1810 1.41
1811 1.42
1812 1.42
1813 1.42
1814 1.42
1815 1.42
1816 1.41
1817 1.41
1818 1.41
1819 1.41
1820 1.39
1821 1.40
1822 1.39
1823 1.43
1824 1.42
1825 1.42
1826 1.42
1827 1.42
1828 1.42
1829 1.43
1830 1.42
1831 1.43
1832 1.42
1833 1.43
1834 1.42
1835 1.42
1836 1.41
1837 1.42
1838 1.41
1839 1.42
1840 1.42
1841 1.40
1842 1.42
1843 1.42
1844 1.42
1845 1.42
1846 1.42
1847 1.42
1848 1.41
1849 1.41
1850 1.42
1851 1.42
1852 1.42
1853 1.42
1854 1.43
1855 1.42
1856 1.42
1857 1.42
1858 1.42
1859 1.41
1860 1.44
1861 1.42
1862 1.42
1863 1.42
1864 1.42
1865 1.48
1866 1.45
1867 1.44
1868 1.43
1869 1.43
1870 1.43
1871 1.43
1872 1.41
1873 1.43
1874 1.42
1875 1.42
1876 1.42
1877 1.28
1878 1.25
1879 1.23
1880 1.19
1881 1.20
1882 1.18
1883 1.15
1884 1.16
1885 1.14
1886 1.16
1887 1.15
1888 1.16
1889 1.24
1890 1.18
1891 1.18
1892 1.17
1893 1.17
1894 1.17
1895 1.13
1896 1.16
1897 1.15
1898 1.17
1899 1.18
1900 1.18
1901 1.20
1902 1.20
1903 1.19
1904 1.18
1905 1.19
1906 1.18
1907 1.18
1908 1.19
1909 1.19
1910 1.18
1911 1.18
1912 1.19
1913 1.65
1914 1.48
1915 1.44
1916 1.41
1917 1.34
1918 1.93
1919 1.72
1920 1.62
1921 1.56
1922 1.51
1923 1.82
1924 1.58
1925 1.50
1926 1.44
1927 1.42
1928 1.90
1929 1.70
1930 1.59
1931 1.51
1932 1.49
1933 1.96
1934 1.75
1935 1.64
1936 1.56
1937 1.53
1938 1.76
1939 1.55
1940 1.43
1941 1.40
1942 1.36
1943 1.91
1944 1.70
1945 1.57
1946 1.51
1947 1.47
1948 1.84
1949 1.67
1950 1.58
1951 1.51
1952 1.48
1953 1.72
1954 1.58
1955 1.52
1956 1.42
1957 1.40
1958 1.86
1959 1.60
1960 1.40
1961 1.34
1962 1.33
1963 1.90
1964 1.69
1965 1.54
1966 1.44
1967 1.41
1968 1.92
1969 1.71
1970 1.62
1971 1.54
1972 1.45
1973 1.92
1974 1.68
1975 1.59
1976 1.54
1977 1.50
1978 1.80
1979 1.65
1980 1.57
1981 1.52
1982 1.49
1983 1.89
1984 1.67
1985 1.57
1986 1.51
1987 1.45
1988 1.90
1989 1.68
1990 1.58
1991 1.51
1992 1.47
1993 1.87
1994 1.64
1995 1.56
1996 1.48
1997 1.41
1998 1.75
1999 1.58
